# sss file
-1.57080 3.14159
-1.57080 3.14159
124.28407 2.75927
125.34615 0.63512
244.33674 1.41497
244.13884 1.72379
243.97701 1.94934
243.82467 2.13481
243.69588 2.26919
243.55150 2.39491
243.40862 2.49482
243.27007 2.57112
243.10766 2.63904
242.95664 2.68536
242.78521 2.72231
242.59570 2.74751
242.39633 2.75879
242.34648 2.75927
245.40913 2.75927
245.60898 2.75171
245.80198 2.72981
245.97835 2.69556
246.13443 2.65137
246.30235 2.58545
246.44519 2.51064
246.59178 2.41211
246.71920 2.30602
246.85172 2.17406
246.99001 2.01283
247.13708 1.81681
247.31538 1.54999
247.39940 1.41497
250.46206 1.41497
250.26416 1.72379
250.10232 1.94934
249.94999 2.13481
249.82120 2.26919
249.67682 2.39491
249.53394 2.49482
249.39539 2.57112
249.23297 2.63904
249.08195 2.68536
248.91053 2.72231
248.72102 2.74751
248.52164 2.75879
248.47179 2.75927
251.53445 2.75927
251.73430 2.75171
251.92730 2.72981
252.10366 2.69556
252.25975 2.65137
252.42767 2.58545
252.57050 2.51064
252.71710 2.41211
252.84452 2.30602
252.97704 2.17406
253.11533 2.01283
253.26240 1.81681
253.44070 1.54999
253.52472 1.41497
256.58738 1.41497
256.38948 1.72379
256.22764 1.94934
256.07530 2.13481
255.94651 2.26919
255.80213 2.39491
255.65925 2.49482
255.52071 2.57112
255.35829 2.63904
255.20727 2.68536
255.03585 2.72231
254.84634 2.74751
254.64696 2.75879
254.59711 2.75927
257.65977 2.75927
257.85961 2.75171
258.05261 2.72981
258.22898 2.69556
258.38507 2.65137
258.55299 2.58545
258.69582 2.51064
258.84241 2.41211
258.96984 2.30602
259.10236 2.17406
259.24065 2.01283
259.38772 1.81681
259.56602 1.54999
259.65003 1.41497
262.71269 1.41497
262.51479 1.72379
262.35295 1.94934
262.20062 2.13481
262.07183 2.26919
261.92745 2.39491
261.78457 2.49482
261.64602 2.57112
261.48361 2.63904
261.33259 2.68536
261.16116 2.72231
260.97165 2.74751
260.77228 2.75879
260.72243 2.75927
263.78508 2.75927
263.98493 2.75171
264.17793 2.72981
264.35429 2.69556
264.51038 2.65137
264.67830 2.58545
264.82114 2.51064
264.96773 2.41211
265.09515 2.30602
265.22767 2.17406
265.36596 2.01283
265.51303 1.81681
265.69133 1.54999
265.77535 1.41497
268.83801 1.41497
268.64011 1.72379
268.47827 1.94934
268.32594 2.13481
268.19714 2.26919
268.05277 2.39491
267.90989 2.49482
267.77134 2.57112
267.60892 2.63904
267.45790 2.68536
267.28648 2.72231
267.09697 2.74751
266.89759 2.75879
266.84774 2.75927
269.91040 2.75927
270.11024 2.75171
270.30325 2.72981
270.47961 2.69556
270.63570 2.65137
270.80362 2.58545
270.94645 2.51064
271.09305 2.41211
271.22047 2.30602
271.35299 2.17406
271.49128 2.01283
271.63835 1.81681
271.81665 1.54999
271.90067 1.41497
274.96333 1.41497
274.76542 1.72379
274.60359 1.94934
274.45125 2.13481
274.32246 2.26919
274.17808 2.39491
274.03520 2.49482
273.89665 2.57112
273.73424 2.63904
273.58322 2.68536
273.41180 2.72231
273.22228 2.74751
273.02291 2.75879
272.97306 2.75927
276.03572 2.75927
276.23556 2.75171
276.42856 2.72981
276.60493 2.69556
276.76102 2.65137
276.92894 2.58545
277.07177 2.51064
277.21836 2.41211
277.34579 2.30602
277.47831 2.17406
277.61659 2.01283
277.76366 1.81681
277.94196 1.54999
278.02598 1.41497
281.08864 1.41497
280.89074 1.72379
280.72890 1.94934
280.57657 2.13481
280.44778 2.26919
280.30340 2.39491
280.16052 2.49482
280.02197 2.57112
279.85955 2.63904
279.70853 2.68536
279.53711 2.72231
279.34760 2.74751
279.14823 2.75879
279.09837 2.75927
282.16103 2.75927
282.36088 2.75171
282.55388 2.72981
282.73024 2.69556
282.88633 2.65137
283.05425 2.58545
283.19708 2.51064
283.34368 2.41211
283.47110 2.30602
283.60362 2.17406
283.74191 2.01283
283.88898 1.81681
284.06728 1.54999
284.15130 1.41497
287.21396 1.41497
287.01606 1.72379
286.85422 1.94934
286.70189 2.13481
286.57309 2.26919
286.42871 2.39491
286.28583 2.49482
286.14729 2.57112
285.98487 2.63904
285.83385 2.68536
285.66243 2.72231
285.47292 2.74751
285.27354 2.75879
285.22369 2.75927
288.28635 2.75927
288.48619 2.75171
288.67920 2.72981
288.85556 2.69556
289.01165 2.65137
289.17957 2.58545
289.32240 2.51064
289.46900 2.41211
289.59642 2.30602
289.72894 2.17406
289.86723 2.01283
290.01430 1.81681
290.19260 1.54999
290.27662 1.41497
293.33927 1.41497
293.14137 1.72379
292.97954 1.94934
292.82720 2.13481
292.69841 2.26919
292.55403 2.39491
292.41115 2.49482
292.27260 2.57112
292.11019 2.63904
291.95917 2.68536
291.78774 2.72231
291.59823 2.74751
291.39886 2.75879
291.34901 2.75927
294.41167 2.75927
294.61151 2.75171
294.80451 2.72981
294.98088 2.69556
295.13697 2.65137
295.30489 2.58545
295.44772 2.51064
295.59431 2.41211
295.72174 2.30602
295.85426 2.17406
295.99254 2.01283
296.13961 1.81681
296.31791 1.54999
296.40193 1.41497
299.46459 1.41497
299.26669 1.72379
299.10485 1.94934
298.95252 2.13481
298.82373 2.26919
298.67935 2.39491
298.53647 2.49482
298.39792 2.57112
298.23550 2.63904
298.08448 2.68536
297.91306 2.72231
297.72355 2.74751
297.52418 2.75879
297.47432 2.75927
300.53698 2.75927
300.73683 2.75171
300.92983 2.72981
301.10619 2.69556
301.26228 2.65137
301.43020 2.58545
301.57303 2.51064
301.71963 2.41211
301.84705 2.30602
301.97957 2.17406
302.11786 2.01283
302.26493 1.81681
302.44323 1.54999
302.52725 1.41497
305.58991 1.41497
305.39201 1.72379
305.23017 1.94934
305.07783 2.13481
304.94904 2.26919
304.80466 2.39491
304.66178 2.49482
304.52324 2.57112
304.36082 2.63904
304.20980 2.68536
304.03838 2.72231
303.84887 2.74751
303.64949 2.75879
303.59964 2.75927
306.66230 2.75927
306.86214 2.75171
307.05514 2.72981
307.23151 2.69556
307.38760 2.65137
307.55552 2.58545
307.69835 2.51064
307.84494 2.41211
307.97237 2.30602
308.10489 2.17406
308.24318 2.01283
308.39025 1.81681
308.56855 1.54999
308.65257 1.41497
311.71522 1.41497
311.51732 1.72379
311.35549 1.94934
311.20315 2.13481
311.07436 2.26919
310.92998 2.39491
310.78710 2.49482
310.64855 2.57112
310.48614 2.63904
310.33512 2.68536
310.16369 2.72231
309.97418 2.74751
309.77481 2.75879
309.72496 2.75927
312.78761 2.75927
312.98746 2.75171
313.18046 2.72981
313.35683 2.69556
313.51291 2.65137
313.68083 2.58545
313.82367 2.51064
313.97026 2.41211
314.09768 2.30602
314.23020 2.17406
314.36849 2.01283
314.51556 1.81681
314.69386 1.54999
314.77788 1.41497
317.84054 1.41497
317.64264 1.72379
317.48080 1.94934
317.32847 2.13481
317.19967 2.26919
317.05530 2.39491
316.91242 2.49482
316.77387 2.57112
316.61145 2.63904
316.46043 2.68536
316.28901 2.72231
316.09950 2.74751
315.90012 2.75879
315.85027 2.75927
318.91293 2.75927
319.11278 2.75171
319.30578 2.72981
319.48214 2.69556
319.63823 2.65137
319.80615 2.58545
319.94898 2.51064
320.09558 2.41211
320.22300 2.30602
320.35552 2.17406
320.49381 2.01283
320.64088 1.81681
320.81918 1.54999
320.90320 1.41497
323.96586 1.41497
323.76795 1.72379
323.60612 1.94934
323.45378 2.13481
323.32499 2.26919
323.18061 2.39491
323.03773 2.49482
322.89918 2.57112
322.73677 2.63904
322.58575 2.68536
322.41433 2.72231
322.22482 2.74751
322.02544 2.75879
321.97559 2.75927
325.03825 2.75927
325.23809 2.75171
325.43109 2.72981
325.60746 2.69556
325.76355 2.65137
325.93147 2.58545
326.07430 2.51064
326.22089 2.41211
326.34832 2.30602
326.48084 2.17406
326.61913 2.01283
326.76619 1.81681
326.94449 1.54999
327.02851 1.41497
330.09117 1.41497
329.89327 1.72379
329.73143 1.94934
329.57910 2.13481
329.45031 2.26919
329.30593 2.39491
329.16305 2.49482
329.02450 2.57112
328.86209 2.63904
328.71107 2.68536
328.53964 2.72231
328.35013 2.74751
328.15076 2.75879
328.10091 2.75927
331.16356 2.75927
331.36341 2.75171
331.55641 2.72981
331.73277 2.69556
331.88886 2.65137
332.05678 2.58545
332.19962 2.51064
332.34621 2.41211
332.47363 2.30602
332.60615 2.17406
332.74444 2.01283
332.89151 1.81681
333.06981 1.54999
333.15383 1.41497
336.21649 1.41497
336.01859 1.72379
335.85675 1.94934
335.70442 2.13481
335.57562 2.26919
335.43124 2.39491
335.28837 2.49482
335.14982 2.57112
334.98740 2.63904
334.83638 2.68536
334.66496 2.72231
334.47545 2.74751
334.27607 2.75879
334.22622 2.75927
337.28888 2.75927
337.48872 2.75171
337.68173 2.72981
337.85809 2.69556
338.01418 2.65137
338.18210 2.58545
338.32493 2.51064
338.47153 2.41211
338.59895 2.30602
338.73147 2.17406
338.86976 2.01283
339.01683 1.81681
339.19513 1.54999
339.27915 1.41497
342.34181 1.41497
342.14390 1.72379
341.98207 1.94934
341.82973 2.13481
341.70094 2.26919
341.55656 2.39491
341.41368 2.49482
341.27513 2.57112
341.11272 2.63904
340.96170 2.68536
340.79028 2.72231
340.60076 2.74751
340.40139 2.75879
340.35154 2.75927
343.41420 2.75927
343.61404 2.75171
343.80704 2.72981
343.98341 2.69556
344.13950 2.65137
344.30742 2.58545
344.45025 2.51064
344.59684 2.41211
344.72427 2.30602
344.85679 2.17406
344.99507 2.01283
345.14214 1.81681
345.32044 1.54999
345.40446 1.41497
348.46712 1.41497
348.26922 1.72379
348.10738 1.94934
347.95505 2.13481
347.82626 2.26919
347.68188 2.39491
347.53900 2.49482
347.40045 2.57112
347.23803 2.63904
347.08701 2.68536
346.91559 2.72231
346.72608 2.74751
346.52671 2.75879
346.47685 2.75927
349.53951 2.75927
349.73936 2.75171
349.93236 2.72981
350.10872 2.69556
350.26481 2.65137
350.43273 2.58545
350.57556 2.51064
350.72216 2.41211
350.84958 2.30602
350.98210 2.17406
351.12039 2.01283
351.26746 1.81681
351.44576 1.54999
351.52978 1.41497
354.59244 1.41497
354.39454 1.72379
354.23270 1.94934
354.08037 2.13481
353.95157 2.26919
353.80719 2.39491
353.66431 2.49482
353.52577 2.57112
353.36335 2.63904
353.21233 2.68536
353.04091 2.72231
352.85140 2.74751
352.65202 2.75879
352.60217 2.75927
355.66483 2.75927
355.86467 2.75171
356.05767 2.72981
356.23404 2.69556
356.39013 2.65137
356.55805 2.58545
356.70088 2.51064
356.84748 2.41211
356.97490 2.30602
357.10742 2.17406
357.24571 2.01283
357.39278 1.81681
357.57108 1.54999
357.65510 1.41497
360.71775 1.41497
360.51985 1.72379
360.35802 1.94934
360.20568 2.13481
360.07689 2.26919
359.93251 2.39491
359.78963 2.49482
359.65108 2.57112
359.48867 2.63904
359.33765 2.68536
359.16622 2.72231
358.97671 2.74751
358.77734 2.75879
358.72749 2.75927
361.79015 2.75927
361.98999 2.75171
362.18299 2.72981
362.35936 2.69556
362.51544 2.65137
362.68337 2.58545
362.82620 2.51064
362.97279 2.41211
363.10021 2.30602
363.23273 2.17406
363.37102 2.01283
363.51809 1.81681
363.69639 1.54999
363.78041 1.41497
366.84307 1.41497
366.64517 1.72379
366.48333 1.94934
366.33100 2.13481
366.20221 2.26919
366.05783 2.39491
365.91495 2.49482
365.77640 2.57112
365.61398 2.63904
365.46296 2.68536
365.29154 2.72231
365.10203 2.74751
364.90265 2.75879
364.85280 2.75927
367.91546 2.75927
368.11531 2.75171
368.30831 2.72981
368.48467 2.69556
368.64076 2.65137
368.80868 2.58545
368.95151 2.51064
369.09811 2.41211
369.22553 2.30602
369.35805 2.17406
369.49634 2.01283
369.64341 1.81681
369.82171 1.54999
369.90573 1.41497
372.96839 1.41497
372.77049 1.72379
372.60865 1.94934
372.45631 2.13481
372.32752 2.26919
372.18314 2.39491
372.04026 2.49482
371.90172 2.57112
371.73930 2.63904
371.58828 2.68536
371.41686 2.72231
371.22735 2.74751
371.02797 2.75879
370.97812 2.75927
374.04078 2.75927
374.24062 2.75171
374.43362 2.72981
374.60999 2.69556
374.76608 2.65137
374.93400 2.58545
375.07683 2.51064
375.22342 2.41211
375.35085 2.30602
375.48337 2.17406
375.62166 2.01283
375.76873 1.81681
375.94703 1.54999
376.03104 1.41497
379.09370 1.41497
378.89580 1.72379
378.73397 1.94934
378.58163 2.13481
378.45284 2.26919
378.30846 2.39491
378.16558 2.49482
378.02703 2.57112
377.86462 2.63904
377.71360 2.68536
377.54217 2.72231
377.35266 2.74751
377.15329 2.75879
377.10344 2.75927
380.16609 2.75927
380.36594 2.75171
380.55894 2.72981
380.73530 2.69556
380.89139 2.65137
381.05931 2.58545
381.20215 2.51064
381.34874 2.41211
381.47616 2.30602
381.60868 2.17406
381.74697 2.01283
381.89404 1.81681
382.07234 1.54999
382.15636 1.41497
385.21902 1.41497
385.02112 1.72379
384.85928 1.94934
384.70695 2.13481
384.57815 2.26919
384.43378 2.39491
384.29090 2.49482
384.15235 2.57112
383.98993 2.63904
383.83891 2.68536
383.66749 2.72231
383.47798 2.74751
383.27860 2.75879
383.22875 2.75927
386.29141 2.75927
386.49126 2.75171
386.68426 2.72981
386.86062 2.69556
387.01671 2.65137
387.18463 2.58545
387.32746 2.51064
387.47406 2.41211
387.60148 2.30602
387.73400 2.17406
387.87229 2.01283
388.01936 1.81681
388.19766 1.54999
388.28168 1.41497
391.34434 1.41497
391.14643 1.72379
390.98460 1.94934
390.83226 2.13481
390.70347 2.26919
390.55909 2.39491
390.41621 2.49482
390.27766 2.57112
390.11525 2.63904
389.96423 2.68536
389.79281 2.72231
389.60330 2.74751
389.40392 2.75879
389.35407 2.75927
392.41673 2.75927
392.61657 2.75171
392.80957 2.72981
392.98594 2.69556
393.14203 2.65137
393.30995 2.58545
393.45278 2.51064
393.59937 2.41211
393.72680 2.30602
393.85932 2.17406
393.99760 2.01283
394.14467 1.81681
394.32297 1.54999
394.40699 1.41497
397.46965 1.41497
397.27175 1.72379
397.10991 1.94934
396.95758 2.13481
396.82879 2.26919
396.68441 2.39491
396.54153 2.49482
396.40298 2.57112
396.24057 2.63904
396.08954 2.68536
395.91812 2.72231
395.72861 2.74751
395.52924 2.75879
395.47938 2.75927
398.54204 2.75927
398.74189 2.75171
398.93489 2.72981
399.11125 2.69556
399.26734 2.65137
399.43526 2.58545
399.57809 2.51064
399.72469 2.41211
399.85211 2.30602
399.98463 2.17406
400.12292 2.01283
400.26999 1.81681
400.44829 1.54999
400.53231 1.41497
403.59497 1.41497
403.39707 1.72379
403.23523 1.94934
403.08290 2.13481
402.95410 2.26919
402.80972 2.39491
402.66685 2.49482
402.52830 2.57112
402.36588 2.63904
402.21486 2.68536
402.04344 2.72231
401.85393 2.74751
401.65455 2.75879
401.60470 2.75927
404.66736 2.75927
404.86720 2.75171
405.06021 2.72981
405.23657 2.69556
405.39266 2.65137
405.56058 2.58545
405.70341 2.51064
405.85001 2.41211
405.97743 2.30602
406.10995 2.17406
406.24824 2.01283
406.39531 1.81681
406.57361 1.54999
406.65763 1.41497
409.72028 1.41497
409.52238 1.72379
409.36055 1.94934
409.20821 2.13481
409.07942 2.26919
408.93504 2.39491
408.79216 2.49482
408.65361 2.57112
408.49120 2.63904
408.34018 2.68536
408.16876 2.72231
407.97924 2.74751
407.77987 2.75879
407.73002 2.75927
410.79268 2.75927
410.99252 2.75171
411.18552 2.72981
411.36189 2.69556
411.51798 2.65137
411.68590 2.58545
411.82873 2.51064
411.97532 2.41211
412.10275 2.30602
412.23527 2.17406
412.37355 2.01283
412.52062 1.81681
412.69892 1.54999
412.78294 1.41497
415.84560 1.41497
415.64770 1.72379
415.48586 1.94934
415.33353 2.13481
415.20474 2.26919
415.06036 2.39491
414.91748 2.49482
414.77893 2.57112
414.61651 2.63904
414.46549 2.68536
414.29407 2.72231
414.10456 2.74751
413.90519 2.75879
413.85533 2.75927
416.91799 2.75927
417.11784 2.75171
417.31084 2.72981
417.48720 2.69556
417.64329 2.65137
417.81121 2.58545
417.95404 2.51064
418.10064 2.41211
418.22806 2.30602
418.36058 2.17406
418.49887 2.01283
418.64594 1.81681
418.82424 1.54999
418.90826 1.41497
421.97092 1.41497
421.77302 1.72379
421.61118 1.94934
421.45885 2.13481
421.33005 2.26919
421.18567 2.39491
421.04279 2.49482
420.90425 2.57112
420.74183 2.63904
420.59081 2.68536
420.41939 2.72231
420.22988 2.74751
420.03050 2.75879
419.98065 2.75927
423.04331 2.75927
423.24315 2.75171
423.43615 2.72981
423.61252 2.69556
423.76861 2.65137
423.93653 2.58545
424.07936 2.51064
424.22596 2.41211
424.35338 2.30602
424.48590 2.17406
424.62419 2.01283
424.77126 1.81681
424.94956 1.54999
425.03358 1.41497
428.09623 1.41497
427.89833 1.72379
427.73650 1.94934
427.58416 2.13481
427.45537 2.26919
427.31099 2.39491
427.16811 2.49482
427.02956 2.57112
426.86715 2.63904
426.71613 2.68536
426.54470 2.72231
426.35519 2.74751
426.15582 2.75879
426.10597 2.75927
429.16862 2.75927
429.36847 2.75171
429.56147 2.72981
429.73784 2.69556
429.89392 2.65137
430.06184 2.58545
430.20468 2.51064
430.35127 2.41211
430.47869 2.30602
430.61121 2.17406
430.74950 2.01283
430.89657 1.81681
431.07487 1.54999
431.15889 1.41497
434.22155 1.41497
434.02365 1.72379
433.86181 1.94934
433.70948 2.13481
433.58069 2.26919
433.43631 2.39491
433.29343 2.49482
433.15488 2.57112
432.99246 2.63904
432.84144 2.68536
432.67002 2.72231
432.48051 2.74751
432.28113 2.75879
432.23128 2.75927
435.29394 2.75927
435.49379 2.75171
435.68679 2.72981
435.86315 2.69556
436.01924 2.65137
436.18716 2.58545
436.32999 2.51064
436.47659 2.41211
436.60401 2.30602
436.73653 2.17406
436.87482 2.01283
437.02189 1.81681
437.20019 1.54999
437.28421 1.41497
440.34687 1.41497
440.14897 1.72379
439.98713 1.94934
439.83479 2.13481
439.70600 2.26919
439.56162 2.39491
439.41874 2.49482
439.28020 2.57112
439.11778 2.63904
438.96676 2.68536
438.79534 2.72231
438.60583 2.74751
438.40645 2.75879
438.35660 2.75927
441.41926 2.75927
441.61910 2.75171
441.81210 2.72981
441.98847 2.69556
442.14456 2.65137
442.31248 2.58545
442.45531 2.51064
442.60190 2.41211
442.72933 2.30602
442.86185 2.17406
443.00014 2.01283
443.14721 1.81681
443.32550 1.54999
443.40952 1.41497
446.47218 1.41497
446.27428 1.72379
446.11244 1.94934
445.96011 2.13481
445.83132 2.26919
445.68694 2.39491
445.54406 2.49482
445.40551 2.57112
445.24310 2.63904
445.09208 2.68536
444.92065 2.72231
444.73114 2.74751
444.53177 2.75879
444.48192 2.75927
447.54457 2.75927
447.74442 2.75171
447.93742 2.72981
448.11378 2.69556
448.26987 2.65137
448.43779 2.58545
448.58063 2.51064
448.72722 2.41211
448.85464 2.30602
448.98716 2.17406
449.12545 2.01283
449.27252 1.81681
449.45082 1.54999
449.53484 1.41497
452.59750 1.41497
452.39960 1.72379
452.23776 1.94934
452.08543 2.13481
451.95663 2.26919
451.81225 2.39491
451.66938 2.49482
451.53083 2.57112
451.36841 2.63904
451.21739 2.68536
451.04597 2.72231
450.85646 2.74751
450.65708 2.75879
450.60723 2.75927
453.66989 2.75927
453.86973 2.75171
454.06274 2.72981
454.23910 2.69556
454.39519 2.65137
454.56311 2.58545
454.70594 2.51064
454.85254 2.41211
454.97996 2.30602
455.11248 2.17406
455.25077 2.01283
455.39784 1.81681
455.57614 1.54999
455.66016 1.41497
458.72282 1.41497
458.52491 1.72379
458.36308 1.94934
458.21074 2.13481
458.08195 2.26919
457.93757 2.39491
457.79469 2.49482
457.65614 2.57112
457.49373 2.63904
457.34271 2.68536
457.17129 2.72231
456.98177 2.74751
456.78240 2.75879
456.73255 2.75927
459.79521 2.75927
459.99505 2.75171
460.18805 2.72981
460.36442 2.69556
460.52051 2.65137
460.68843 2.58545
460.83126 2.51064
460.97785 2.41211
461.10528 2.30602
461.23780 2.17406
461.37608 2.01283
461.52315 1.81681
461.70145 1.54999
461.78547 1.41497
464.84813 1.41497
464.65023 1.72379
464.48839 1.94934
464.33606 2.13481
464.20727 2.26919
464.06289 2.39491
463.92001 2.49482
463.78146 2.57112
463.61904 2.63904
463.46802 2.68536
463.29660 2.72231
463.10709 2.74751
462.90772 2.75879
462.85786 2.75927
465.92052 2.75927
466.12037 2.75171
466.31337 2.72981
466.48973 2.69556
466.64582 2.65137
466.81374 2.58545
466.95657 2.51064
467.10317 2.41211
467.23059 2.30602
467.36311 2.17406
467.50140 2.01283
467.64847 1.81681
467.82677 1.54999
467.91079 1.41497
470.97345 1.41497
470.77555 1.72379
470.61371 1.94934
470.46138 2.13481
470.33258 2.26919
470.18820 2.39491
470.04532 2.49482
469.90678 2.57112
469.74436 2.63904
469.59334 2.68536
469.42192 2.72231
469.23241 2.74751
469.03303 2.75879
468.98318 2.75927
472.04584 2.75927
472.24568 2.75171
472.43869 2.72981
472.61505 2.69556
472.77114 2.65137
472.93906 2.58545
473.08189 2.51064
473.22849 2.41211
473.35591 2.30602
473.48843 2.17406
473.62672 2.01283
473.77379 1.81681
473.95209 1.54999
474.03611 1.41497
477.09876 1.41497
476.90086 1.72379
476.73903 1.94934
476.58669 2.13481
476.45790 2.26919
476.31352 2.39491
476.17064 2.49482
476.03209 2.57112
475.86968 2.63904
475.71866 2.68536
475.54723 2.72231
475.35772 2.74751
475.15835 2.75879
475.10850 2.75927
478.17116 2.75927
478.37100 2.75171
478.56400 2.72981
478.74037 2.69556
478.89646 2.65137
479.06438 2.58545
479.20721 2.51064
479.35380 2.41211
479.48122 2.30602
479.61375 2.17406
479.75203 2.01283
479.89910 1.81681
480.07740 1.54999
480.16142 1.41497
483.22408 1.41497
483.02618 1.72379
482.86434 1.94934
482.71201 2.13481
482.58322 2.26919
482.43884 2.39491
482.29596 2.49482
482.15741 2.57112
481.99499 2.63904
481.84397 2.68536
481.67255 2.72231
481.48304 2.74751
481.28366 2.75879
481.23381 2.75927
484.29647 2.75927
484.49632 2.75171
484.68932 2.72981
484.86568 2.69556
485.02177 2.65137
485.18969 2.58545
485.33252 2.51064
485.47912 2.41211
485.60654 2.30602
485.73906 2.17406
485.87735 2.01283
486.02442 1.81681
486.20272 1.54999
486.28674 1.41497
489.34940 1.41497
489.15150 1.72379
488.98966 1.94934
488.83732 2.13481
488.70853 2.26919
488.56415 2.39491
488.42127 2.49482
488.28273 2.57112
488.12031 2.63904
487.96929 2.68536
487.79787 2.72231
487.60836 2.74751
487.40898 2.75879
487.35913 2.75927
490.42179 2.75927
490.62163 2.75171
490.81463 2.72981
490.99100 2.69556
491.14709 2.65137
491.31501 2.58545
491.45784 2.51064
491.60443 2.41211
491.73186 2.30602
491.86438 2.17406
492.00267 2.01283
492.14974 1.81681
492.32804 1.54999
492.41206 1.41497
495.47471 1.41497
495.27681 1.72379
495.11498 1.94934
494.96264 2.13481
494.83385 2.26919
494.68947 2.39491
494.54659 2.49482
494.40804 2.57112
494.24563 2.63904
494.09461 2.68536
493.92318 2.72231
493.73367 2.74751
493.53430 2.75879
493.48445 2.75927
496.54710 2.75927
496.74695 2.75171
496.93995 2.72981
497.11631 2.69556
497.27240 2.65137
497.44032 2.58545
497.58316 2.51064
497.72975 2.41211
497.85717 2.30602
497.98969 2.17406
498.12798 2.01283
498.27505 1.81681
498.45335 1.54999
498.53737 1.41497
501.60003 1.41497
501.40213 1.72379
501.24029 1.94934
501.08796 2.13481
500.95916 2.26919
500.81479 2.39491
500.67191 2.49482
500.53336 2.57112
500.37094 2.63904
500.21992 2.68536
500.04850 2.72231
499.85899 2.74751
499.65961 2.75879
499.60976 2.75927
502.67242 2.75927
502.87227 2.75171
503.06527 2.72981
503.24163 2.69556
503.39772 2.65137
503.56564 2.58545
503.70847 2.51064
503.85507 2.41211
503.98249 2.30602
504.11501 2.17406
504.25330 2.01283
504.40037 1.81681
504.57867 1.54999
504.66269 1.41497
507.72535 1.41497
507.52744 1.72379
507.36561 1.94934
507.21327 2.13481
507.08448 2.26919
506.94010 2.39491
506.79722 2.49482
506.65867 2.57112
506.49626 2.63904
506.34524 2.68536
506.17382 2.72231
505.98431 2.74751
505.78493 2.75879
505.73508 2.75927
508.79774 2.75927
508.99758 2.75171
509.19058 2.72981
509.36695 2.69556
509.52304 2.65137
509.69096 2.58545
509.83379 2.51064
509.98038 2.41211
510.10781 2.30602
510.24033 2.17406
510.37862 2.01283
510.52568 1.81681
510.70398 1.54999
510.78800 1.41497
513.85066 1.41497
513.65276 1.72379
513.49092 1.94934
513.33859 2.13481
513.20980 2.26919
513.06542 2.39491
512.92254 2.49482
512.78399 2.57112
512.62158 2.63904
512.47055 2.68536
512.29913 2.72231
512.10962 2.74751
511.91025 2.75879
511.86040 2.75927
514.92305 2.75927
515.12290 2.75171
515.31590 2.72981
515.49226 2.69556
515.64835 2.65137
515.81627 2.58545
515.95911 2.51064
516.10570 2.41211
516.23312 2.30602
516.36564 2.17406
516.50393 2.01283
516.65100 1.81681
516.82930 1.54999
516.91332 1.41497
519.97598 1.41497
519.77808 1.72379
519.61624 1.94934
519.46391 2.13481
519.33511 2.26919
519.19073 2.39491
519.04786 2.49482
518.90931 2.57112
518.74689 2.63904
518.59587 2.68536
518.42445 2.72231
518.23494 2.74751
518.03556 2.75879
517.98571 2.75927
521.04837 2.75927
521.24821 2.75171
521.44122 2.72981
521.61758 2.69556
521.77367 2.65137
521.94159 2.58545
522.08442 2.51064
522.23102 2.41211
522.35844 2.30602
522.49096 2.17406
522.62925 2.01283
522.77632 1.81681
522.95462 1.54999
523.03864 1.41497
526.10129 1.41497
525.90339 1.72379
525.74156 1.94934
525.58922 2.13481
525.46043 2.26919
525.31605 2.39491
525.17317 2.49482
525.03462 2.57112
524.87221 2.63904
524.72119 2.68536
524.54977 2.72231
524.36025 2.74751
524.16088 2.75879
524.11103 2.75927
527.17369 2.75927
527.37353 2.75171
527.56653 2.72981
527.74290 2.69556
527.89899 2.65137
528.06691 2.58545
528.20974 2.51064
528.35633 2.41211
528.48376 2.30602
528.61628 2.17406
528.75456 2.01283
528.90163 1.81681
529.07993 1.54999
529.16395 1.41497
532.22661 1.41497
532.02871 1.72379
531.86687 1.94934
531.71454 2.13481
531.58575 2.26919
531.44137 2.39491
531.29849 2.49482
531.15994 2.57112
530.99752 2.63904
530.84650 2.68536
530.67508 2.72231
530.48557 2.74751
530.28620 2.75879
530.23634 2.75927
533.29900 2.75927
533.49885 2.75171
533.69185 2.72981
533.86821 2.69556
534.02430 2.65137
534.19222 2.58545
534.33505 2.51064
534.48165 2.41211
534.60907 2.30602
534.74159 2.17406
534.87988 2.01283
535.02695 1.81681
535.20525 1.54999
535.28927 1.41497
538.35193 1.41497
538.15403 1.72379
537.99219 1.94934
537.83986 2.13481
537.71106 2.26919
537.56668 2.39491
537.42380 2.49482
537.28526 2.57112
537.12284 2.63904
536.97182 2.68536
536.80040 2.72231
536.61089 2.74751
536.41151 2.75879
536.36166 2.75927
539.42432 2.75927
539.62416 2.75171
539.81716 2.72981
539.99353 2.69556
540.14962 2.65137
540.31754 2.58545
540.46037 2.51064
540.60697 2.41211
540.73439 2.30602
540.86691 2.17406
541.00520 2.01283
541.15227 1.81681
541.33057 1.54999
541.41459 1.41497
544.47724 1.41497
544.27934 1.72379
544.11751 1.94934
543.96517 2.13481
543.83638 2.26919
543.69200 2.39491
543.54912 2.49482
543.41057 2.57112
543.24816 2.63904
543.09714 2.68536
542.92571 2.72231
542.73620 2.74751
542.53683 2.75879
542.48698 2.75927
545.54964 2.75927
545.74948 2.75171
545.94248 2.72981
546.11885 2.69556
546.27493 2.65137
546.44285 2.58545
546.58569 2.51064
546.73228 2.41211
546.85970 2.30602
546.99222 2.17406
547.13051 2.01283
547.27758 1.81681
547.45588 1.54999
547.53990 1.41497
550.60256 1.41497
550.40466 1.72379
550.24282 1.94934
550.09049 2.13481
549.96170 2.26919
549.81732 2.39491
549.67444 2.49482
549.53589 2.57112
549.37347 2.63904
549.22245 2.68536
549.05103 2.72231
548.86152 2.74751
548.66214 2.75879
548.61229 2.75927
551.67495 2.75927
551.87480 2.75171
552.06780 2.72981
552.24416 2.69556
552.40025 2.65137
552.56817 2.58545
552.71100 2.51064
552.85760 2.41211
552.98502 2.30602
553.11754 2.17406
553.25583 2.01283
553.40290 1.81681
553.58120 1.54999
553.66522 1.41497
556.72788 1.41497
556.52998 1.72379
556.36814 1.94934
556.21580 2.13481
556.08701 2.26919
555.94263 2.39491
555.79975 2.49482
555.66121 2.57112
555.49879 2.63904
555.34777 2.68536
555.17635 2.72231
554.98684 2.74751
554.78746 2.75879
554.73761 2.75927
557.80027 2.75927
558.00011 2.75171
558.19311 2.72981
558.36948 2.69556
558.52557 2.65137
558.69349 2.58545
558.83632 2.51064
558.98291 2.41211
559.11034 2.30602
559.24286 2.17406
559.38115 2.01283
559.52822 1.81681
559.70652 1.54999
559.79053 1.41497
562.85319 1.41497
562.65529 1.72379
562.49345 1.94934
562.34112 2.13481
562.21233 2.26919
562.06795 2.39491
561.92507 2.49482
561.78652 2.57112
561.62411 2.63904
561.47309 2.68536
561.30166 2.72231
561.11215 2.74751
560.91278 2.75879
560.86293 2.75927
563.92558 2.75927
564.12543 2.75171
564.31843 2.72981
564.49479 2.69556
564.65088 2.65137
564.81880 2.58545
564.96164 2.51064
565.10823 2.41211
565.23565 2.30602
565.36817 2.17406
565.50646 2.01283
565.65353 1.81681
565.83183 1.54999
565.91585 1.41497
568.97851 1.41497
568.78061 1.72379
568.61877 1.94934
568.46644 2.13481
568.33764 2.26919
568.19327 2.39491
568.05039 2.49482
567.91184 2.57112
567.74942 2.63904
567.59840 2.68536
567.42698 2.72231
567.23747 2.74751
567.03809 2.75879
566.98824 2.75927
570.05090 2.75927
570.25074 2.75171
570.44375 2.72981
570.62011 2.69556
570.77620 2.65137
570.94412 2.58545
571.08695 2.51064
571.23355 2.41211
571.36097 2.30602
571.49349 2.17406
571.63178 2.01283
571.77885 1.81681
571.95715 1.54999
572.04117 1.41497
575.10383 1.41497
574.90592 1.72379
574.74409 1.94934
574.59175 2.13481
574.46296 2.26919
574.31858 2.39491
574.17570 2.49482
574.03715 2.57112
573.87474 2.63904
573.72372 2.68536
573.55230 2.72231
573.36278 2.74751
573.16341 2.75879
573.11356 2.75927
576.17622 2.75927
576.37606 2.75171
576.56906 2.72981
576.74543 2.69556
576.90152 2.65137
577.06944 2.58545
577.21227 2.51064
577.35886 2.41211
577.48629 2.30602
577.61881 2.17406
577.75709 2.01283
577.90416 1.81681
578.08246 1.54999
578.16648 1.41497
581.22914 1.41497
581.03124 1.72379
580.86940 1.94934
580.71707 2.13481
580.58828 2.26919
580.44390 2.39491
580.30102 2.49482
580.16247 2.57112
580.00005 2.63904
579.84903 2.68536
579.67761 2.72231
579.48810 2.74751
579.28873 2.75879
579.23887 2.75927
582.30153 2.75927
582.50138 2.75171
582.69438 2.72981
582.87074 2.69556
583.02683 2.65137
583.19475 2.58545
583.33758 2.51064
583.48418 2.41211
583.61160 2.30602
583.74412 2.17406
583.88241 2.01283
584.02948 1.81681
584.20778 1.54999
584.29180 1.41497
587.35446 1.41497
587.15656 1.72379
586.99472 1.94934
586.84239 2.13481
586.71359 2.26919
586.56921 2.39491
586.42634 2.49482
586.28779 2.57112
586.12537 2.63904
585.97435 2.68536
585.80293 2.72231
585.61342 2.74751
585.41404 2.75879
585.36419 2.75927
588.42685 2.75927
588.62669 2.75171
588.81970 2.72981
588.99606 2.69556
589.15215 2.65137
589.32007 2.58545
589.46290 2.51064
589.60950 2.41211
589.73692 2.30602
589.86944 2.17406
590.00773 2.01283
590.15480 1.81681
590.33310 1.54999
590.41712 1.41497
593.47977 1.41497
593.28187 1.72379
593.12004 1.94934
592.96770 2.13481
592.83891 2.26919
592.69453 2.39491
592.55165 2.49482
592.41310 2.57112
592.25069 2.63904
592.09967 2.68536
591.92825 2.72231
591.73873 2.74751
591.53936 2.75879
591.48951 2.75927
594.55217 2.75927
594.75201 2.75171
594.94501 2.72981
595.12138 2.69556
595.27747 2.65137
595.44539 2.58545
595.58822 2.51064
595.73481 2.41211
595.86224 2.30602
595.99476 2.17406
596.13304 2.01283
596.28011 1.81681
596.45841 1.54999
596.54243 1.41497
599.60509 1.41497
599.40719 1.72379
599.24535 1.94934
599.09302 2.13481
598.96423 2.26919
598.81985 2.39491
598.67697 2.49482
598.53842 2.57112
598.37600 2.63904
598.22498 2.68536
598.05356 2.72231
597.86405 2.74751
597.66468 2.75879
597.61482 2.75927
600.67748 2.75927
600.87733 2.75171
601.07033 2.72981
601.24669 2.69556
601.40278 2.65137
601.57070 2.58545
601.71353 2.51064
601.86013 2.41211
601.98755 2.30602
602.12007 2.17406
602.25836 2.01283
602.40543 1.81681
602.58373 1.54999
602.66775 1.41497
605.73041 1.41497
605.53251 1.72379
605.37067 1.94934
605.21834 2.13481
605.08954 2.26919
604.94516 2.39491
604.80228 2.49482
604.66374 2.57112
604.50132 2.63904
604.35030 2.68536
604.17888 2.72231
603.98937 2.74751
603.78999 2.75879
603.74014 2.75927
606.80280 2.75927
607.00264 2.75171
607.19564 2.72981
607.37201 2.69556
607.52810 2.65137
607.69602 2.58545
607.83885 2.51064
607.98545 2.41211
608.11287 2.30602
608.24539 2.17406
608.38368 2.01283
608.53075 1.81681
608.70905 1.54999
608.79307 1.41497
611.85572 1.41497
611.65782 1.72379
611.49599 1.94934
611.34365 2.13481
611.21486 2.26919
611.07048 2.39491
610.92760 2.49482
610.78905 2.57112
610.62664 2.63904
610.47562 2.68536
610.30419 2.72231
610.11468 2.74751
609.91531 2.75879
609.86546 2.75927
612.92811 2.75927
613.12796 2.75171
613.32096 2.72981
613.49733 2.69556
613.65341 2.65137
613.82133 2.58545
613.96417 2.51064
614.11076 2.41211
614.23818 2.30602
614.37070 2.17406
614.50899 2.01283
614.65606 1.81681
614.83436 1.54999
614.91838 1.41497
617.98104 1.41497
617.78314 1.72379
617.62130 1.94934
617.46897 2.13481
617.34017 2.26919
617.19580 2.39491
617.05292 2.49482
616.91437 2.57112
616.75195 2.63904
616.60093 2.68536
616.42951 2.72231
616.24000 2.74751
616.04062 2.75879
615.99077 2.75927
619.05343 2.75927
619.25328 2.75171
619.44628 2.72981
619.62264 2.69556
619.77873 2.65137
619.94665 2.58545
620.08948 2.51064
620.23608 2.41211
620.36350 2.30602
620.49602 2.17406
620.63431 2.01283
620.78138 1.81681
620.95968 1.54999
621.04370 1.41497
624.10636 1.41497
623.90846 1.72379
623.74662 1.94934
623.59428 2.13481
623.46549 2.26919
623.32111 2.39491
623.17823 2.49482
623.03969 2.57112
622.87727 2.63904
622.72625 2.68536
622.55483 2.72231
622.36532 2.74751
622.16594 2.75879
622.11609 2.75927
625.17875 2.75927
625.37859 2.75171
625.57159 2.72981
625.74796 2.69556
625.90405 2.65137
626.07197 2.58545
626.21480 2.51064
626.36139 2.41211
626.48882 2.30602
626.62134 2.17406
626.75963 2.01283
626.90669 1.81681
627.08499 1.54999
627.16901 1.41497
630.23167 1.41497
630.03377 1.72379
629.87193 1.94934
629.71960 2.13481
629.59081 2.26919
629.44643 2.39491
629.30355 2.49482
629.16500 2.57112
629.00259 2.63904
628.85157 2.68536
628.68014 2.72231
628.49063 2.74751
628.29126 2.75879
628.24141 2.75927
631.30406 2.75927
631.50391 2.75171
631.69691 2.72981
631.87327 2.69556
632.02936 2.65137
632.19728 2.58545
632.34012 2.51064
632.48671 2.41211
632.61413 2.30602
632.74665 2.17406
632.88494 2.01283
633.03201 1.81681
633.21031 1.54999
633.29433 1.41497
636.35699 1.41497
636.15909 1.72379
635.99725 1.94934
635.84492 2.13481
635.71612 2.26919
635.57174 2.39491
635.42887 2.49482
635.29032 2.57112
635.12790 2.63904
634.97688 2.68536
634.80546 2.72231
634.61595 2.74751
634.41657 2.75879
634.36672 2.75927
637.42938 2.75927
637.62922 2.75171
637.82223 2.72981
637.99859 2.69556
638.15468 2.65137
638.32260 2.58545
638.46543 2.51064
638.61203 2.41211
638.73945 2.30602
638.87197 2.17406
639.01026 2.01283
639.15733 1.81681
639.33563 1.54999
639.41965 1.41497
642.48231 1.41497
642.28440 1.72379
642.12257 1.94934
641.97023 2.13481
641.84144 2.26919
641.69706 2.39491
641.55418 2.49482
641.41563 2.57112
641.25322 2.63904
641.10220 2.68536
640.93078 2.72231
640.74126 2.74751
640.54189 2.75879
640.49204 2.75927
643.55470 2.75927
643.75454 2.75171
643.94754 2.72981
644.12391 2.69556
644.28000 2.65137
644.44792 2.58545
644.59075 2.51064
644.73734 2.41211
644.86477 2.30602
644.99729 2.17406
645.13557 2.01283
645.28264 1.81681
645.46094 1.54999
645.54496 1.41497
648.60762 1.41497
648.40972 1.72379
648.24788 1.94934
648.09555 2.13481
647.96676 2.26919
647.82238 2.39491
647.67950 2.49482
647.54095 2.57112
647.37853 2.63904
647.22751 2.68536
647.05609 2.72231
646.86658 2.74751
646.66721 2.75879
646.61735 2.75927
649.68001 2.75927
649.87986 2.75171
650.07286 2.72981
650.24922 2.69556
650.40531 2.65137
650.57323 2.58545
650.71606 2.51064
650.86266 2.41211
650.99008 2.30602
651.12260 2.17406
651.26089 2.01283
651.40796 1.81681
651.58626 1.54999
651.67028 1.41497
654.73294 1.41497
654.53504 1.72379
654.37320 1.94934
654.22087 2.13481
654.09207 2.26919
653.94769 2.39491
653.80481 2.49482
653.66627 2.57112
653.50385 2.63904
653.35283 2.68536
653.18141 2.72231
652.99190 2.74751
652.79252 2.75879
652.74267 2.75927
655.80533 2.75927
656.00517 2.75171
656.19818 2.72981
656.37454 2.69556
656.53063 2.65137
656.69855 2.58545
656.84138 2.51064
656.98798 2.41211
657.11540 2.30602
657.24792 2.17406
657.38621 2.01283
657.53328 1.81681
657.71158 1.54999
657.79560 1.41497
660.85825 1.41497
660.66035 1.72379
660.49852 1.94934
660.34618 2.13481
660.21739 2.26919
660.07301 2.39491
659.93013 2.49482
659.79158 2.57112
659.62917 2.63904
659.47815 2.68536
659.30672 2.72231
659.11721 2.74751
658.91784 2.75879
658.86799 2.75927
661.93065 2.75927
662.13049 2.75171
662.32349 2.72981
662.49986 2.69556
662.65595 2.65137
662.82387 2.58545
662.96670 2.51064
663.11329 2.41211
663.24071 2.30602
663.37323 2.17406
663.51152 2.01283
663.65859 1.81681
663.83689 1.54999
663.92091 1.41497
666.98357 1.41497
666.78567 1.72379
666.62383 1.94934
666.47150 2.13481
666.34271 2.26919
666.19833 2.39491
666.05545 2.49482
665.91690 2.57112
665.75448 2.63904
665.60346 2.68536
665.43204 2.72231
665.24253 2.74751
665.04315 2.75879
664.99330 2.75927
668.05596 2.75927
668.25581 2.75171
668.44881 2.72981
668.62517 2.69556
668.78126 2.65137
668.94918 2.58545
669.09201 2.51064
669.23861 2.41211
669.36603 2.30602
669.49855 2.17406
669.63684 2.01283
669.78391 1.81681
669.96221 1.54999
670.04623 1.41497
673.10889 1.41497
672.91099 1.72379
672.74915 1.94934
672.59681 2.13481
672.46802 2.26919
672.32364 2.39491
672.18076 2.49482
672.04222 2.57112
671.87980 2.63904
671.72878 2.68536
671.55736 2.72231
671.36785 2.74751
671.16847 2.75879
671.11862 2.75927
674.18128 2.75927
674.38112 2.75171
674.57412 2.72981
674.75049 2.69556
674.90658 2.65137
675.07450 2.58545
675.21733 2.51064
675.36392 2.41211
675.49135 2.30602
675.62387 2.17406
675.76216 2.01283
675.90923 1.81681
676.08753 1.54999
676.17155 1.41497
679.23420 1.41497
679.03630 1.72379
678.87447 1.94934
678.72213 2.13481
678.59334 2.26919
678.44896 2.39491
678.30608 2.49482
678.16753 2.57112
678.00512 2.63904
677.85410 2.68536
677.68267 2.72231
677.49316 2.74751
677.29379 2.75879
677.24394 2.75927
680.30659 2.75927
680.50644 2.75171
680.69944 2.72981
680.87580 2.69556
681.03189 2.65137
681.19981 2.58545
681.34265 2.51064
681.48924 2.41211
681.61666 2.30602
681.74918 2.17406
681.88747 2.01283
682.03454 1.81681
682.21284 1.54999
682.29686 1.41497
685.35952 1.41497
685.16162 1.72379
684.99978 1.94934
684.84745 2.13481
684.71865 2.26919
684.57428 2.39491
684.43140 2.49482
684.29285 2.57112
684.13043 2.63904
683.97941 2.68536
683.80799 2.72231
683.61848 2.74751
683.41910 2.75879
683.36925 2.75927
686.43191 2.75927
686.63176 2.75171
686.82476 2.72981
687.00112 2.69556
687.15721 2.65137
687.32513 2.58545
687.46796 2.51064
687.61456 2.41211
687.74198 2.30602
687.87450 2.17406
688.01279 2.01283
688.15986 1.81681
688.33816 1.54999
688.42218 1.41497
691.48484 1.41497
691.28693 1.72379
691.12510 1.94934
690.97276 2.13481
690.84397 2.26919
690.69959 2.39491
690.55671 2.49482
690.41816 2.57112
690.25575 2.63904
690.10473 2.68536
689.93331 2.72231
689.74380 2.74751
689.54442 2.75879
689.49457 2.75927
692.55723 2.75927
692.75707 2.75171
692.95007 2.72981
693.12644 2.69556
693.28253 2.65137
693.45045 2.58545
693.59328 2.51064
693.73987 2.41211
693.86730 2.30602
693.99982 2.17406
694.13810 2.01283
694.28517 1.81681
694.46347 1.54999
694.54749 1.41497
697.61015 1.41497
697.41225 1.72379
697.25041 1.94934
697.09808 2.13481
696.96929 2.26919
696.82491 2.39491
696.68203 2.49482
696.54348 2.57112
696.38107 2.63904
696.23004 2.68536
696.05862 2.72231
695.86911 2.74751
695.66974 2.75879
695.61989 2.75927
698.68254 2.75927
698.88239 2.75171
699.07539 2.72981
699.25175 2.69556
699.40784 2.65137
699.57576 2.58545
699.71860 2.51064
699.86519 2.41211
699.99261 2.30602
700.12513 2.17406
700.26342 2.01283
700.41049 1.81681
700.58879 1.54999
700.67281 1.41497
703.73547 1.41497
703.53757 1.72379
703.37573 1.94934
703.22340 2.13481
703.09460 2.26919
702.95022 2.39491
702.80735 2.49482
702.66880 2.57112
702.50638 2.63904
702.35536 2.68536
702.18394 2.72231
701.99443 2.74751
701.79505 2.75879
701.74520 2.75927
704.80786 2.75927
705.00770 2.75171
705.20071 2.72981
705.37707 2.69556
705.53316 2.65137
705.70108 2.58545
705.84391 2.51064
705.99051 2.41211
706.11793 2.30602
706.25045 2.17406
706.38874 2.01283
706.53581 1.81681
706.71411 1.54999
706.79813 1.41497
709.86078 1.41497
709.66288 1.72379
709.50105 1.94934
709.34871 2.13481
709.21992 2.26919
709.07554 2.39491
708.93266 2.49482
708.79411 2.57112
708.63170 2.63904
708.48068 2.68536
708.30926 2.72231
708.11974 2.74751
707.92037 2.75879
707.87052 2.75927
710.93318 2.75927
711.13302 2.75171
711.32602 2.72981
711.50239 2.69556
711.65848 2.65137
711.82640 2.58545
711.96923 2.51064
712.11582 2.41211
712.24325 2.30602
712.37577 2.17406
712.51405 2.01283
712.66112 1.81681
712.83942 1.54999
712.92344 1.41497
715.98610 1.41497
715.78820 1.72379
715.62636 1.94934
715.47403 2.13481
715.34524 2.26919
715.20086 2.39491
715.05798 2.49482
714.91943 2.57112
714.75701 2.63904
714.60599 2.68536
714.43457 2.72231
714.24506 2.74751
714.04569 2.75879
713.99583 2.75927
717.05849 2.75927
717.25834 2.75171
717.45134 2.72981
717.62770 2.69556
717.78379 2.65137
717.95171 2.58545
718.09454 2.51064
718.24114 2.41211
718.36856 2.30602
718.50108 2.17406
718.63937 2.01283
718.78644 1.81681
718.96474 1.54999
719.04876 1.41497
722.11142 1.41497
721.91352 1.72379
721.75168 1.94934
721.59935 2.13481
721.47055 2.26919
721.32617 2.39491
721.18329 2.49482
721.04475 2.57112
720.88233 2.63904
720.73131 2.68536
720.55989 2.72231
720.37038 2.74751
720.17100 2.75879
720.12115 2.75927
723.18381 2.75927
723.38365 2.75171
723.57665 2.72981
723.75302 2.69556
723.90911 2.65137
724.07703 2.58545
724.21986 2.51064
724.36646 2.41211
724.49388 2.30602
724.62640 2.17406
724.76469 2.01283
724.91176 1.81681
725.09006 1.54999
725.17408 1.41497
728.23673 1.41497
728.03883 1.72379
727.87700 1.94934
727.72466 2.13481
727.59587 2.26919
727.45149 2.39491
727.30861 2.49482
727.17006 2.57112
727.00765 2.63904
726.85663 2.68536
726.68520 2.72231
726.49569 2.74751
726.29632 2.75879
726.24647 2.75927
729.30912 2.75927
729.50897 2.75171
729.70197 2.72981
729.87834 2.69556
730.03442 2.65137
730.20234 2.58545
730.34518 2.51064
730.49177 2.41211
730.61919 2.30602
730.75171 2.17406
730.89000 2.01283
731.03707 1.81681
731.21537 1.54999
731.29939 1.41497
734.36205 1.41497
734.16415 1.72379
734.00231 1.94934
733.84998 2.13481
733.72119 2.26919
733.57681 2.39491
733.43393 2.49482
733.29538 2.57112
733.13296 2.63904
732.98194 2.68536
732.81052 2.72231
732.62101 2.74751
732.42163 2.75879
732.37178 2.75927
735.43444 2.75927
735.63429 2.75171
735.82729 2.72981
736.00365 2.69556
736.15974 2.65137
736.32766 2.58545
736.47049 2.51064
736.61709 2.41211
736.74451 2.30602
736.87703 2.17406
737.01532 2.01283
737.16239 1.81681
737.34069 1.54999
737.42471 1.41497
740.48737 1.41497
740.28947 1.72379
740.12763 1.94934
739.97529 2.13481
739.84650 2.26919
739.70212 2.39491
739.55924 2.49482
739.42070 2.57112
739.25828 2.63904
739.10726 2.68536
738.93584 2.72231
738.74633 2.74751
738.54695 2.75879
738.49710 2.75927
741.55976 2.75927
741.75960 2.75171
741.95260 2.72981
742.12897 2.69556
742.28506 2.65137
742.45298 2.58545
742.59581 2.51064
742.74240 2.41211
742.86983 2.30602
743.00235 2.17406
743.14064 2.01283
743.28771 1.81681
743.46601 1.54999
743.55002 1.41497
746.61268 1.41497
746.41478 1.72379
746.25294 1.94934
746.10061 2.13481
745.97182 2.26919
745.82744 2.39491
745.68456 2.49482
745.54601 2.57112
745.38360 2.63904
745.23258 2.68536
745.06115 2.72231
744.87164 2.74751
744.67227 2.75879
744.62242 2.75927
747.68507 2.75927
747.88492 2.75171
748.07792 2.72981
748.25428 2.69556
748.41037 2.65137
748.57829 2.58545
748.72113 2.51064
748.86772 2.41211
748.99514 2.30602
749.12766 2.17406
749.26595 2.01283
749.41302 1.81681
749.59132 1.54999
749.67534 1.41497
752.73800 1.41497
752.54010 1.72379
752.37826 1.94934
752.22593 2.13481
752.09713 2.26919
751.95276 2.39491
751.80988 2.49482
751.67133 2.57112
751.50891 2.63904
751.35789 2.68536
751.18647 2.72231
750.99696 2.74751
750.79758 2.75879
750.74773 2.75927
753.81039 2.75927
754.01023 2.75171
754.20324 2.72981
754.37960 2.69556
754.53569 2.65137
754.70361 2.58545
754.84644 2.51064
754.99304 2.41211
755.12046 2.30602
755.25298 2.17406
755.39127 2.01283
755.53834 1.81681
755.71664 1.54999
755.80066 1.41497
758.86332 1.41497
758.66541 1.72379
758.50358 1.94934
758.35124 2.13481
758.22245 2.26919
758.07807 2.39491
757.93519 2.49482
757.79664 2.57112
757.63423 2.63904
757.48321 2.68536
757.31179 2.72231
757.12227 2.74751
756.92290 2.75879
756.87305 2.75927
759.93571 2.75927
760.13555 2.75171
760.32855 2.72981
760.50492 2.69556
760.66101 2.65137
760.82893 2.58545
760.97176 2.51064
761.11835 2.41211
761.24578 2.30602
761.37830 2.17406
761.51658 2.01283
761.66365 1.81681
761.84195 1.54999
761.92597 1.41497
764.98863 1.41497
764.79073 1.72379
764.62889 1.94934
764.47656 2.13481
764.34777 2.26919
764.20339 2.39491
764.06051 2.49482
763.92196 2.57112
763.75954 2.63904
763.60852 2.68536
763.43710 2.72231
763.24759 2.74751
763.04822 2.75879
762.99836 2.75927
766.06102 2.75927
766.26087 2.75171
766.45387 2.72981
766.63023 2.69556
766.78632 2.65137
766.95424 2.58545
767.09707 2.51064
767.24367 2.41211
767.37109 2.30602
767.50361 2.17406
767.64190 2.01283
767.78897 1.81681
767.96727 1.54999
768.05129 1.41497
771.11395 1.41497
770.91605 1.72379
770.75421 1.94934
770.60188 2.13481
770.47308 2.26919
770.32870 2.39491
770.18583 2.49482
770.04728 2.57112
769.88486 2.63904
769.73384 2.68536
769.56242 2.72231
769.37291 2.74751
769.17353 2.75879
769.12368 2.75927
772.18634 2.75927
772.38618 2.75171
772.57919 2.72981
772.75555 2.69556
772.91164 2.65137
773.07956 2.58545
773.22239 2.51064
773.36899 2.41211
773.49641 2.30602
773.62893 2.17406
773.76722 2.01283
773.91429 1.81681
774.09259 1.54999
774.17661 1.41497
777.23926 1.41497
777.04136 1.72379
776.87953 1.94934
776.72719 2.13481
776.59840 2.26919
776.45402 2.39491
776.31114 2.49482
776.17259 2.57112
776.01018 2.63904
775.85916 2.68536
775.68773 2.72231
775.49822 2.74751
775.29885 2.75879
775.24900 2.75927
778.31166 2.75927
778.51150 2.75171
778.70450 2.72981
778.88087 2.69556
779.03696 2.65137
779.20488 2.58545
779.34771 2.51064
779.49430 2.41211
779.62173 2.30602
779.75425 2.17406
779.89253 2.01283
780.03960 1.81681
780.21790 1.54999
780.30192 1.41497
783.36458 1.41497
783.16668 1.72379
783.00484 1.94934
782.85251 2.13481
782.72372 2.26919
782.57934 2.39491
782.43646 2.49482
782.29791 2.57112
782.13549 2.63904
781.98447 2.68536
781.81305 2.72231
781.62354 2.74751
781.42417 2.75879
781.37431 2.75927
784.43697 2.75927
784.63682 2.75171
784.82982 2.72981
785.00618 2.69556
785.16227 2.65137
785.33019 2.58545
785.47302 2.51064
785.61962 2.41211
785.74704 2.30602
785.87956 2.17406
786.01785 2.01283
786.16492 1.81681
786.34322 1.54999
786.42724 1.41497
789.48990 1.41497
789.29200 1.72379
789.13016 1.94934
788.97783 2.13481
788.84903 2.26919
788.70465 2.39491
788.56177 2.49482
788.42323 2.57112
788.26081 2.63904
788.10979 2.68536
787.93837 2.72231
787.74886 2.74751
787.54948 2.75879
787.49963 2.75927
790.56229 2.75927
790.76213 2.75171
790.95513 2.72981
791.13150 2.69556
791.28759 2.65137
791.45551 2.58545
791.59834 2.51064
791.74493 2.41211
791.87236 2.30602
792.00488 2.17406
792.14317 2.01283
792.29024 1.81681
792.46854 1.54999
792.55256 1.41497
795.61521 1.41497
795.41731 1.72379
795.25548 1.94934
795.10314 2.13481
794.97435 2.26919
794.82997 2.39491
794.68709 2.49482
794.54854 2.57112
794.38613 2.63904
794.23511 2.68536
794.06368 2.72231
793.87417 2.74751
793.67480 2.75879
793.62495 2.75927
796.68760 2.75927
796.88745 2.75171
797.08045 2.72981
797.25682 2.69556
797.41290 2.65137
797.58082 2.58545
797.72366 2.51064
797.87025 2.41211
797.99767 2.30602
798.13019 2.17406
798.26848 2.01283
798.41555 1.81681
798.59385 1.54999
798.67787 1.41497
801.74053 1.41497
801.54263 1.72379
801.38079 1.94934
801.22846 2.13481
801.09966 2.26919
800.95529 2.39491
800.81241 2.49482
800.67386 2.57112
800.51144 2.63904
800.36042 2.68536
800.18900 2.72231
799.99949 2.74751
799.80011 2.75879
799.75026 2.75927
802.81292 2.75927
803.01277 2.75171
803.20577 2.72981
803.38213 2.69556
803.53822 2.65137
803.70614 2.58545
803.84897 2.51064
803.99557 2.41211
804.12299 2.30602
804.25551 2.17406
804.39380 2.01283
804.54087 1.81681
804.71917 1.54999
804.80319 1.41497
807.86585 1.41497
807.66795 1.72379
807.50611 1.94934
807.35377 2.13481
807.22498 2.26919
807.08060 2.39491
806.93772 2.49482
806.79917 2.57112
806.63676 2.63904
806.48574 2.68536
806.31432 2.72231
806.12481 2.74751
805.92543 2.75879
805.87558 2.75927
808.93824 2.75927
809.13808 2.75171
809.33108 2.72981
809.50745 2.69556
809.66354 2.65137
809.83146 2.58545
809.97429 2.51064
810.12088 2.41211
810.24831 2.30602
810.38083 2.17406
810.51912 2.01283
810.66618 1.81681
810.84448 1.54999
810.92850 1.41497
813.99116 1.41497
813.79326 1.72379
813.63142 1.94934
813.47909 2.13481
813.35030 2.26919
813.20592 2.39491
813.06304 2.49482
812.92449 2.57112
812.76208 2.63904
812.61106 2.68536
812.43963 2.72231
812.25012 2.74751
812.05075 2.75879
812.00090 2.75927
815.06355 2.75927
815.26340 2.75171
815.45640 2.72981
815.63276 2.69556
815.78885 2.65137
815.95677 2.58545
816.09961 2.51064
816.24620 2.41211
816.37362 2.30602
816.50614 2.17406
816.64443 2.01283
816.79150 1.81681
816.96980 1.54999
817.05382 1.41497
820.11648 1.41497
819.91858 1.72379
819.75674 1.94934
819.60441 2.13481
819.47561 2.26919
819.33123 2.39491
819.18836 2.49482
819.04981 2.57112
818.88739 2.63904
818.73637 2.68536
818.56495 2.72231
818.37544 2.74751
818.17606 2.75879
818.12621 2.75927
821.18887 2.75927
821.38871 2.75171
821.58172 2.72981
821.75808 2.69556
821.91417 2.65137
822.08209 2.58545
822.22492 2.51064
822.37152 2.41211
822.49894 2.30602
822.63146 2.17406
822.76975 2.01283
822.91682 1.81681
823.09512 1.54999
823.17914 1.41497
826.24180 1.41497
826.04389 1.72379
825.88206 1.94934
825.72972 2.13481
825.60093 2.26919
825.45655 2.39491
825.31367 2.49482
825.17512 2.57112
825.01271 2.63904
824.86169 2.68536
824.69027 2.72231
824.50075 2.74751
824.30138 2.75879
824.25153 2.75927
827.31419 2.75927
827.51403 2.75171
827.70703 2.72981
827.88340 2.69556
828.03949 2.65137
828.20741 2.58545
828.35024 2.51064
828.49683 2.41211
828.62426 2.30602
828.75678 2.17406
828.89506 2.01283
829.04213 1.81681
829.22043 1.54999
829.30445 1.41497
832.36711 1.41497
832.16921 1.72379
832.00737 1.94934
831.85504 2.13481
831.72625 2.26919
831.58187 2.39491
831.43899 2.49482
831.30044 2.57112
831.13802 2.63904
830.98700 2.68536
830.81558 2.72231
830.62607 2.74751
830.42670 2.75879
830.37684 2.75927
833.43950 2.75927
833.63935 2.75171
833.83235 2.72981
834.00871 2.69556
834.16480 2.65137
834.33272 2.58545
834.47555 2.51064
834.62215 2.41211
834.74957 2.30602
834.88209 2.17406
835.02038 2.01283
835.16745 1.81681
835.34575 1.54999
835.42977 1.41497
838.49243 1.41497
838.29453 1.72379
838.13269 1.94934
837.98036 2.13481
837.85156 2.26919
837.70718 2.39491
837.56430 2.49482
837.42576 2.57112
837.26334 2.63904
837.11232 2.68536
836.94090 2.72231
836.75139 2.74751
836.55201 2.75879
836.50216 2.75927
839.56482 2.75927
839.76466 2.75171
839.95767 2.72981
840.13403 2.69556
840.29012 2.65137
840.45804 2.58545
840.60087 2.51064
840.74747 2.41211
840.87489 2.30602
841.00741 2.17406
841.14570 2.01283
841.29277 1.81681
841.47107 1.54999
841.55509 1.41497
844.61774 1.41497
844.41984 1.72379
844.25801 1.94934
844.10567 2.13481
843.97688 2.26919
843.83250 2.39491
843.68962 2.49482
843.55107 2.57112
843.38866 2.63904
843.23764 2.68536
843.06621 2.72231
842.87670 2.74751
842.67733 2.75879
842.62748 2.75927
845.69014 2.75927
845.88998 2.75171
846.08298 2.72981
846.25935 2.69556
846.41543 2.65137
846.58336 2.58545
846.72619 2.51064
846.87278 2.41211
847.00020 2.30602
847.13272 2.17406
847.27101 2.01283
847.41808 1.81681
847.59638 1.54999
847.68040 1.41497
850.74306 1.41497
850.54516 1.72379
850.38332 1.94934
850.23099 2.13481
850.10220 2.26919
849.95782 2.39491
849.81494 2.49482
849.67639 2.57112
849.51397 2.63904
849.36295 2.68536
849.19153 2.72231
849.00202 2.74751
848.80264 2.75879
848.75279 2.75927
851.81545 2.75927
851.62429 3.14159
851.62429 3.14159