# sss file
-0.69693 2.96467
-0.83689 2.98030
-0.99999 2.99254
-1.18361 3.00045
-1.37917 3.00343
-1.57297 3.00112
-1.75123 2.99370
-1.90529 2.98194
-2.03276 2.96669
-2.13555 2.94874
-2.21741 2.92873
-2.24551 2.92022
-2.35601 2.93666
-2.48152 2.95057
-2.62177 2.96139
-2.77426 2.96853
-2.93371 2.97161
-3.09254 2.97026
-3.24309 2.96476
-3.37929 2.95530
-3.49813 2.94255
-3.59911 2.92709
-3.68343 2.90939
-3.75316 2.88992
-3.79403 2.87567
-3.88576 2.89264
-3.98785 2.90765
-4.10050 2.92022
-4.22304 2.93009
-4.35337 2.93666
-4.48808 2.93975
-4.62260 2.93917
-4.75217 2.93492
-4.87281 2.92738
-4.98171 2.91664
-5.07775 2.90329
-5.16092 2.88760
-5.23211 2.87014
-5.29244 2.85101
-5.34253 2.83108
-5.42130 2.84839
-5.50759 2.86412
-5.60172 2.87800
-5.70342 2.88953
-5.81197 2.89854
-5.92579 2.90474
-6.04254 2.90794
-6.15917 2.90784
-6.27266 2.90464
-6.38018 2.89845
-6.47954 2.88934
-6.56949 2.87771
-6.64963 2.86393
-6.71998 2.84810
-6.78124 2.83069
-6.83416 2.81190
-6.87962 2.79190
-6.89091 2.78624
-6.96030 2.80400
-7.03531 2.82028
-7.11624 2.83497
-7.20307 2.84781
-7.29557 2.85859
-7.39290 2.86694
-7.49397 2.87286
-7.59701 2.87606
-7.70001 2.87645
-7.80082 2.87402
-7.89745 2.86888
-7.98821 2.86112
-8.07195 2.85092
-8.14811 2.83867
-8.21646 2.82446
-8.27720 2.80858
-8.33073 2.79122
-8.37760 2.77256
-8.41847 2.75288
-8.43919 2.74122
-8.50141 2.75925
-8.56799 2.77598
-8.63921 2.79142
-8.71504 2.80517
-8.79548 2.81726
-8.88009 2.82729
-8.96834 2.83527
-9.05922 2.84091
-9.15149 2.84411
-9.24375 2.84489
-9.33435 2.84305
-9.42190 2.83877
-9.50514 2.83215
-9.58300 2.82320
-9.65494 2.81229
-9.72057 2.79942
-9.77988 2.78487
-9.83309 2.76894
-9.88042 2.75161
-9.92236 2.73317
-9.95925 2.71361
-9.98742 2.69608
-10.04400 2.71430
-10.10409 2.73150
-10.16781 2.74739
-10.23529 2.76199
-10.30646 2.77500
-10.38119 2.78634
-10.45917 2.79591
-10.53986 2.80351
-10.62245 2.80897
-10.70603 2.81219
-10.78952 2.81317
-10.87182 2.81190
-10.95175 2.80829
-11.02837 2.80254
-11.10088 2.79473
-11.16860 2.78487
-11.23125 2.77324
-11.28870 2.76003
-11.34087 2.74524
-11.38798 2.72914
-11.43026 2.71184
-11.46797 2.69342
-11.50150 2.67407
-11.53117 2.65389
-11.53549 2.65062
-11.58758 2.66913
-11.64248 2.68662
-11.70031 2.70298
-11.76120 2.71814
-11.82516 2.73199
-11.89213 2.74445
-11.96187 2.75523
-12.03412 2.76434
-12.10839 2.77158
-12.18410 2.77686
-12.26054 2.78018
-12.33684 2.78136
-12.41218 2.78048
-12.48570 2.77754
-12.55659 2.77256
-12.62419 2.76561
-12.68798 2.75680
-12.74758 2.74622
-12.80282 2.73405
-12.85361 2.72040
-12.90001 2.70544
-12.94216 2.68928
-12.98016 2.67190
-13.01436 2.65359
-13.04493 2.63435
-13.07213 2.61426
-13.08347 2.60500
-13.13180 2.62362
-13.18250 2.64140
-13.23565 2.65825
-13.29130 2.67398
-13.34947 2.68849
-13.41013 2.70170
-13.47323 2.71351
-13.53856 2.72384
-13.60585 2.73258
-13.67468 2.73955
-13.74461 2.74475
-13.81500 2.74798
-13.88532 2.74945
-13.95476 2.74886
-14.02276 2.74641
-14.08865 2.74210
-14.15187 2.73592
-14.21196 2.72796
-14.26865 2.71843
-14.32160 2.70722
-14.37078 2.69461
-14.41617 2.68069
-14.45775 2.66547
-14.49568 2.64913
-14.53015 2.63187
-14.56126 2.61357
-14.58921 2.59432
-14.61429 2.57442
-14.63126 2.55898
-14.67656 2.57793
-14.72380 2.59602
-14.77304 2.61317
-14.82436 2.62928
-14.87783 2.64437
-14.93343 2.65835
-14.99108 2.67101
-15.05072 2.68237
-15.11211 2.69224
-15.17506 2.70062
-15.23923 2.70741
-15.30417 2.71243
-15.36948 2.71578
-15.43464 2.71735
-15.49912 2.71715
-15.56232 2.71509
-15.62383 2.71135
-15.68313 2.70584
-15.73983 2.69865
-15.79366 2.68987
-15.84436 2.67961
-15.89183 2.66795
-15.93600 2.65498
-15.97680 2.64070
-16.01434 2.62531
-16.04873 2.60888
-16.08009 2.59152
-16.10853 2.57322
-16.13420 2.55407
-16.15734 2.53425
-16.17804 2.51366
-16.17890 2.51265
-16.22160 2.53183
-16.26590 2.55015
-16.31197 2.56771
-16.35971 2.58423
-16.40929 2.59981
-16.46067 2.61436
-16.51384 2.62779
-16.56872 2.64001
-16.62520 2.65092
-16.68310 2.66043
-16.74225 2.66854
-16.80236 2.67516
-16.86302 2.68010
-16.92393 2.68346
-16.98470 2.68523
-17.04481 2.68523
-17.10388 2.68356
-17.16152 2.68030
-17.21729 2.67536
-17.27090 2.66884
-17.32206 2.66082
-17.37060 2.65141
-17.41627 2.64051
-17.45908 2.62839
-17.49898 2.61506
-17.53592 2.60051
-17.57006 2.58503
-17.60136 2.56841
-17.63000 2.55095
-17.65609 2.53264
-17.67975 2.51356
-17.70111 2.49372
-17.72029 2.47320
-17.72640 2.46607
-17.76685 2.48540
-17.80873 2.50405
-17.85201 2.52185
-17.89680 2.53878
-17.94314 2.55487
-17.99099 2.56992
-18.04042 2.58403
-18.09129 2.59692
-18.14360 2.60868
-18.19724 2.61924
-18.25205 2.62849
-18.30782 2.63634
-18.36428 2.64269
-18.42125 2.64765
-18.47834 2.65102
-18.53526 2.65290
-18.59162 2.65320
-18.64702 2.65181
-18.70122 2.64894
-18.75388 2.64457
-18.80463 2.63862
-18.85332 2.63127
-18.89971 2.62252
-18.94369 2.61247
-18.98510 2.60111
-19.02392 2.58853
-19.06015 2.57482
-19.09380 2.56009
-19.12496 2.54442
-19.15358 2.52770
-19.17989 2.51023
-19.20385 2.49179
-19.22568 2.47269
-19.24546 2.45291
-19.26326 2.43245
-19.27366 2.41900
-19.31222 2.43860
-19.35197 2.45751
-19.39291 2.47554
-19.43519 2.49291
-19.47879 2.50942
-19.52367 2.52497
-19.56988 2.53959
-19.61739 2.55316
-19.66617 2.56571
-19.71615 2.57713
-19.76719 2.58733
-19.81921 2.59632
-19.87195 2.60390
-19.92528 2.61018
-19.97895 2.61506
-20.03267 2.61844
-20.08622 2.62043
-20.13925 2.62093
-20.19144 2.61984
-20.24258 2.61735
-20.29241 2.61347
-20.34061 2.60809
-20.38698 2.60131
-20.43139 2.59322
-20.47365 2.58383
-20.51365 2.57312
-20.55144 2.56139
-20.58683 2.54844
-20.61990 2.53445
-20.65064 2.51942
-20.67916 2.50355
-20.70546 2.48672
-20.72964 2.46913
-20.75180 2.45077
-20.77197 2.43163
-20.79027 2.41180
-20.80678 2.39128
-20.82071 2.37151
-20.85763 2.39139
-20.89551 2.41047
-20.93454 2.42896
-20.97460 2.44658
-21.01586 2.46352
-21.05819 2.47950
-21.10170 2.49463
-21.14639 2.50891
-21.19211 2.52205
-21.23894 2.53425
-21.28675 2.54532
-21.33541 2.55517
-21.38489 2.56390
-21.43495 2.57132
-21.48548 2.57753
-21.53622 2.58233
-21.58696 2.58573
-21.63753 2.58783
-21.68758 2.58843
-21.73698 2.58773
-21.78537 2.58553
-21.83263 2.58203
-21.87847 2.57713
-21.92274 2.57092
-21.96525 2.56340
-22.00585 2.55457
-22.04453 2.54462
-22.08112 2.53344
-22.11565 2.52124
-22.14809 2.50800
-22.17839 2.49372
-22.20661 2.47849
-22.23282 2.46240
-22.25708 2.44555
-22.27938 2.42783
-22.29981 2.40933
-22.31847 2.39015
-22.33543 2.37027
-22.35078 2.34978
-22.36458 2.32869
-22.36758 2.32366
-22.40303 2.34374
-22.43934 2.36310
-22.47663 2.38187
-22.51483 2.39985
-22.55404 2.41715
-22.59420 2.43358
-22.63541 2.44923
-22.67756 2.46393
-22.72073 2.47778
-22.76480 2.49057
-22.80981 2.50243
-22.85560 2.51316
-22.90217 2.52285
-22.94932 2.53133
-22.99696 2.53858
-23.04494 2.54462
-23.09311 2.54944
-23.14121 2.55286
-23.18912 2.55507
-23.23657 2.55587
-23.28339 2.55537
-23.32932 2.55346
-23.37426 2.55035
-23.41792 2.54582
-23.46021 2.54009
-23.50099 2.53314
-23.54004 2.52487
-23.57740 2.51558
-23.61288 2.50507
-23.64646 2.49342
-23.67817 2.48083
-23.70799 2.46729
-23.73583 2.45271
-23.76181 2.43726
-23.78600 2.42106
-23.80834 2.40398
-23.82894 2.38612
-23.84785 2.36757
-23.86515 2.34832
-23.88087 2.32838
-23.89511 2.30781
-23.90795 2.28674
-23.91415 2.27521
-23.94836 2.29560
-23.98330 2.31527
-24.01902 2.33423
-24.05561 2.35260
-24.09306 2.37027
-24.13137 2.38715
-24.17051 2.40315
-24.21053 2.41839
-24.25148 2.43286
-24.29319 2.44627
-24.33576 2.45883
-24.37904 2.47035
-24.42301 2.48083
-24.46761 2.49027
-24.51264 2.49848
-24.55813 2.50567
-24.60384 2.51164
-24.64966 2.51639
-24.69537 2.51983
-24.74092 2.52215
-24.78599 2.52306
-24.83050 2.52275
-24.87427 2.52124
-24.91709 2.51841
-24.95877 2.51427
-24.99927 2.50901
-25.03833 2.50243
-25.07593 2.49473
-25.11196 2.48591
-25.14637 2.47605
-25.17906 2.46505
-25.20999 2.45301
-25.23917 2.44003
-25.26666 2.42619
-25.29236 2.41139
-25.31633 2.39572
-25.33864 2.37928
-25.35931 2.36206
-25.37835 2.34405
-25.39590 2.32544
-25.41195 2.30613
-25.42652 2.28610
-25.43971 2.26545
-25.45161 2.24427
-25.46049 2.22631
-25.49352 2.24683
-25.52727 2.26683
-25.56171 2.28621
-25.59686 2.30487
-25.63274 2.32282
-25.66939 2.34008
-25.70684 2.35666
-25.74500 2.37234
-25.78394 2.38725
-25.82362 2.40130
-25.86403 2.41448
-25.90511 2.42670
-25.94684 2.43798
-25.98912 2.44821
-26.03188 2.45740
-26.07507 2.46556
-26.11854 2.47259
-26.16215 2.47839
-26.20588 2.48316
-26.24951 2.48672
-26.29283 2.48895
-26.33580 2.49007
-26.37824 2.48997
-26.41997 2.48865
-26.46086 2.48611
-26.50080 2.48245
-26.53955 2.47747
-26.57708 2.47137
-26.61335 2.46424
-26.64812 2.45587
-26.68142 2.44647
-26.71318 2.43603
-26.74339 2.42465
-26.77199 2.41232
-26.79891 2.39892
-26.82430 2.38477
-26.84806 2.36975
-26.87023 2.35385
-26.89085 2.33716
-26.90999 2.31978
-26.92767 2.30171
-26.94391 2.28293
-26.95875 2.26343
-26.97226 2.24331
-26.98453 2.22266
-26.99554 2.20137
-27.00537 2.17953
-27.00649 2.17671
-27.03857 2.19759
-27.07126 2.21794
-27.10451 2.23755
-27.13845 2.25663
-27.17295 2.27489
-27.20817 2.29254
-27.24406 2.30950
-27.28060 2.32565
-27.31785 2.34113
-27.35574 2.35572
-27.39425 2.36944
-27.43337 2.38229
-27.47310 2.39428
-27.51336 2.40532
-27.55405 2.41530
-27.59517 2.42434
-27.63661 2.43235
-27.67825 2.43921
-27.72004 2.44504
-27.76183 2.44974
-27.80351 2.45332
-27.84490 2.45567
-27.88595 2.45689
-27.92651 2.45700
-27.96640 2.45587
-28.00552 2.45363
-28.04379 2.45026
-28.08099 2.44566
-28.11711 2.44003
-28.15203 2.43327
-28.18563 2.42537
-28.21792 2.41654
-28.24874 2.40655
-28.27818 2.39572
-28.30611 2.38384
-28.33257 2.37110
-28.35754 2.35749
-28.38102 2.34301
-28.40299 2.32764
-28.42356 2.31160
-28.44269 2.29476
-28.46043 2.27722
-28.47675 2.25886
-28.49184 2.24000
-28.50561 2.22041
-28.51813 2.20018
-28.52944 2.17931
-28.53960 2.15789
-28.54866 2.13590
-28.55217 2.12645
-28.58341 2.14773
-28.61513 2.16834
-28.64737 2.18830
-28.68021 2.20773
-28.71357 2.22642
-28.74752 2.24449
-28.78206 2.26184
-28.81714 2.27838
-28.85290 2.29434
-28.88917 2.30939
-28.92606 2.32377
-28.96345 2.33716
-29.00140 2.34978
-29.03985 2.36154
-29.07873 2.37234
-29.11799 2.38218
-29.15754 2.39097
-29.19737 2.39882
-29.23741 2.40573
-29.27744 2.41139
-29.31750 2.41612
-29.35741 2.41972
-29.39707 2.42219
-29.43636 2.42352
-29.47516 2.42373
-29.51341 2.42291
-29.55091 2.42085
-29.58762 2.41777
-29.62341 2.41355
-29.65815 2.40820
-29.69186 2.40191
-29.72435 2.39449
-29.75560 2.38601
-29.78558 2.37659
-29.81423 2.36622
-29.84152 2.35489
-29.86741 2.34259
-29.89197 2.32953
-29.91512 2.31559
-29.93687 2.30076
-29.95730 2.28526
-29.97636 2.26895
-29.99406 2.25184
-30.01052 2.23412
-30.02570 2.21569
-30.03966 2.19662
-30.05238 2.17682
-30.06397 2.15647
-30.07448 2.13557
-30.08384 2.11400
-30.09216 2.09185
-30.09753 2.07560
-30.12794 2.09707
-30.15887 2.11808
-30.19023 2.13842
-30.22210 2.15821
-30.25439 2.17725
-30.28722 2.19565
-30.32056 2.21343
-30.35443 2.23049
-30.38882 2.24683
-30.42374 2.26248
-30.45915 2.27732
-30.49506 2.29138
-30.53141 2.30455
-30.56824 2.31695
-30.60548 2.32848
-30.64305 2.33904
-30.68098 2.34874
-30.71916 2.35749
-30.75750 2.36518
-30.79598 2.37193
-30.83448 2.37763
-30.87292 2.38229
-30.91122 2.38591
-30.94929 2.38849
-30.98697 2.38994
-31.02423 2.39035
-31.06090 2.38963
-31.09694 2.38787
-31.13220 2.38498
-31.16662 2.38104
-31.20013 2.37607
-31.23267 2.37016
-31.26408 2.36310
-31.29439 2.35509
-31.32352 2.34614
-31.35142 2.33622
-31.37805 2.32534
-31.40343 2.31359
-31.42751 2.30098
-31.45027 2.28748
-31.47176 2.27319
-31.49201 2.25823
-31.51093 2.24235
-31.52861 2.22577
-31.54509 2.20859
-31.56032 2.19057
-31.57437 2.17193
-31.58729 2.15265
-31.59913 2.13283
-31.60980 2.11223
-31.61948 2.09119
-31.62810 2.06945
-31.63570 2.04712
-31.64237 2.02430
-31.64246 2.02385
-31.67225 2.04577
-31.70242 2.06710
-31.73301 2.08785
-31.76397 2.10792
-31.79540 2.12744
-31.82726 2.14631
-31.85953 2.16442
-31.89229 2.18191
-31.92553 2.19878
-31.95917 2.21483
-31.99328 2.23017
-32.02786 2.24481
-32.06287 2.25865
-32.09822 2.27160
-32.13399 2.28378
-32.17008 2.29507
-32.20649 2.30550
-32.24316 2.31506
-32.27998 2.32356
-32.31698 2.33120
-32.35406 2.33789
-32.39110 2.34353
-32.42810 2.34822
-32.46492 2.35187
-32.50148 2.35447
-32.53771 2.35603
-32.57355 2.35666
-32.60882 2.35613
-32.64348 2.35457
-32.67744 2.35197
-32.71061 2.34832
-32.74293 2.34363
-32.77435 2.33799
-32.80479 2.33141
-32.83416 2.32377
-32.86244 2.31517
-32.88963 2.30571
-32.91561 2.29529
-32.94042 2.28399
-32.96403 2.27182
-32.98645 2.25886
-33.00762 2.24502
-33.02762 2.23049
-33.04641 2.21515
-33.06402 2.19911
-33.08042 2.18224
-33.09569 2.16475
-33.10986 2.14664
-33.12287 2.12777
-33.13480 2.10825
-33.14570 2.08818
-33.15556 2.06744
-33.16442 2.04611
-33.17235 2.02430
-33.17927 2.00178
-33.18530 1.97874
-33.18701 1.97137
-33.21620 1.99366
-33.24572 2.01534
-33.27563 2.03653
-33.30586 2.05702
-33.33643 2.07682
-33.36747 2.09618
-33.39884 2.11477
-33.43062 2.13272
-33.46276 2.14992
-33.49534 2.16649
-33.52830 2.18235
-33.56167 2.19749
-33.59545 2.21192
-33.62952 2.22545
-33.66399 2.23829
-33.69873 2.25024
-33.73374 2.26131
-33.76904 2.27160
-33.80455 2.28103
-33.84018 2.28948
-33.87589 2.29697
-33.91167 2.30361
-33.94743 2.30929
-33.98304 2.31391
-34.01850 2.31758
-34.05373 2.32031
-34.08861 2.32199
-34.12305 2.32261
-34.15704 2.32230
-34.19043 2.32094
-34.22315 2.31853
-34.25517 2.31517
-34.28643 2.31086
-34.31680 2.30550
-34.34626 2.29918
-34.37475 2.29191
-34.40226 2.28378
-34.42871 2.27468
-34.45408 2.26471
-34.47835 2.25386
-34.50148 2.24214
-34.52345 2.22952
-34.54434 2.21622
-34.56409 2.20213
-34.58267 2.18722
-34.60015 2.17160
-34.61650 2.15527
-34.63175 2.13820
-34.64593 2.12051
-34.65901 2.10206
-34.67105 2.08295
-34.68210 2.06330
-34.69212 2.04296
-34.70119 2.02204
-34.70931 2.00052
-34.71649 1.97840
-34.72274 1.95565
-34.72814 1.93237
-34.73104 1.91784
-34.75972 1.94054
-34.78871 1.96271
-34.81800 1.98426
-34.84758 2.00520
-34.87750 2.02555
-34.90771 2.04521
-34.93825 2.06419
-34.96917 2.08262
-35.00045 2.10040
-35.03205 2.11742
-35.06403 2.13381
-35.09633 2.14948
-35.12893 2.16432
-35.16193 2.17855
-35.19515 2.19187
-35.22872 2.20450
-35.26255 2.21633
-35.29658 2.22727
-35.33084 2.23744
-35.36525 2.24673
-35.39972 2.25504
-35.43427 2.26248
-35.46885 2.26906
-35.50336 2.27468
-35.53775 2.27934
-35.57195 2.28304
-35.60590 2.28579
-35.63954 2.28758
-35.67279 2.28843
-35.70554 2.28822
-35.73777 2.28705
-35.76934 2.28483
-35.80030 2.28177
-35.83049 2.27764
-35.85992 2.27266
-35.88845 2.26662
-35.91612 2.25972
-35.94286 2.25195
-35.96860 2.24321
-35.99334 2.23359
-36.01709 2.22320
-36.03971 2.21182
-36.06134 2.19975
-36.08184 2.18679
-36.10131 2.17312
-36.11968 2.15865
-36.13700 2.14346
-36.15325 2.12755
-36.16843 2.11091
-36.18261 2.09363
-36.19572 2.07560
-36.20783 2.05690
-36.21899 2.03765
-36.22916 2.01772
-36.23839 1.99721
-36.24666 1.97598
-36.25407 1.95425
-36.26052 1.93179
-36.26619 1.90890
-36.27092 1.88524
-36.27457 1.86329
-36.30286 1.88655
-36.33136 1.90914
-36.36008 1.93108
-36.38912 1.95251
-36.41843 1.97333
-36.44798 1.99343
-36.47783 2.01295
-36.50796 2.03178
-36.53844 2.05005
-36.56917 2.06755
-36.60023 2.08440
-36.63162 2.10062
-36.66323 2.11599
-36.69519 2.13074
-36.72743 2.14478
-36.75991 2.15800
-36.79259 2.17041
-36.82551 2.18202
-36.85861 2.19284
-36.89189 2.20288
-36.92527 2.21203
-36.95870 2.22030
-36.99217 2.22770
-37.02564 2.23423
-37.05904 2.23990
-37.09223 2.24449
-37.12532 2.24833
-37.15810 2.25110
-37.19054 2.25291
-37.22265 2.25386
-37.25431 2.25386
-37.28540 2.25280
-37.31597 2.25088
-37.34590 2.24801
-37.37513 2.24417
-37.40360 2.23936
-37.43131 2.23370
-37.45820 2.22717
-37.48418 2.21966
-37.50925 2.21128
-37.53338 2.20202
-37.55657 2.19198
-37.57874 2.18105
-37.59993 2.16932
-37.62010 2.15680
-37.63930 2.14357
-37.65738 2.12942
-37.67452 2.11466
-37.69065 2.09918
-37.70576 2.08295
-37.71984 2.06598
-37.73296 2.04836
-37.74517 2.03019
-37.75636 2.01124
-37.76658 1.99160
-37.77596 1.97149
-37.78440 1.95066
-37.79195 1.92921
-37.79861 1.90714
-37.80445 1.88453
-37.80945 1.86125
-37.81357 1.83729
-37.81695 1.81287
-37.81758 1.80773
-37.84545 1.83136
-37.87359 1.85453
-37.90190 1.87703
-37.93041 1.89887
-37.95913 1.92007
-37.98816 1.94077
-38.01737 1.96074
-38.04687 1.98012
-38.07660 1.99881
-38.10660 2.01681
-38.13685 2.03415
-38.16737 2.05084
-38.19818 2.06688
-38.22922 2.08217
-38.26050 2.09674
-38.29201 2.11058
-38.32371 2.12359
-38.35563 2.13590
-38.38771 2.14740
-38.41993 2.15810
-38.45229 2.16802
-38.48469 2.17703
-38.51716 2.18527
-38.54962 2.19263
-38.58203 2.19911
-38.61436 2.20471
-38.64655 2.20945
-38.67851 2.21321
-38.71018 2.21601
-38.74162 2.21805
-38.77262 2.21902
-38.80322 2.21912
-38.83332 2.21826
-38.86290 2.21655
-38.89187 2.21386
-38.92022 2.21031
-38.94783 2.20579
-38.97473 2.20040
-39.00080 2.19403
-39.02610 2.18689
-39.05054 2.17888
-39.07408 2.16997
-39.09673 2.16028
-39.11843 2.14970
-39.13918 2.13831
-39.15903 2.12623
-39.17788 2.11334
-39.19575 2.09962
-39.21271 2.08529
-39.22864 2.07012
-39.24359 2.05421
-39.25768 2.03777
-39.27073 2.02045
-39.28290 2.00258
-39.29414 1.98403
-39.30446 1.96479
-39.31389 1.94496
-39.32246 1.92453
-39.33012 1.90336
-39.33698 1.88167
-39.34292 1.85922
-39.34812 1.83633
-39.35243 1.81262
-39.35602 1.78845
-39.35882 1.76367
-39.35991 1.75081
-39.38754 1.77510
-39.41533 1.79879
-39.44324 1.82176
-39.47136 1.84418
-39.49964 1.86593
-39.52811 1.88702
-39.55685 1.90761
-39.58575 1.92746
-39.61484 1.94659
-39.64417 1.96514
-39.67377 1.98311
-39.70355 2.00029
-39.73355 2.01681
-39.76379 2.03268
-39.79423 2.04780
-39.82486 2.06217
-39.85567 2.07582
-39.88673 2.08885
-39.91784 2.10095
-39.94914 2.11234
-39.98053 2.12293
-40.01206 2.13283
-40.04354 2.14171
-40.07511 2.14992
-40.10663 2.15723
-40.13806 2.16366
-40.16938 2.16921
-40.20059 2.17399
-40.23154 2.17779
-40.26225 2.18072
-40.29266 2.18278
-40.32267 2.18386
-40.35229 2.18408
-40.38146 2.18343
-40.41014 2.18191
-40.43821 2.17942
-40.46569 2.17606
-40.49246 2.17171
-40.51859 2.16660
-40.54398 2.16061
-40.56859 2.15374
-40.59238 2.14598
-40.61536 2.13744
-40.63746 2.12799
-40.65873 2.11786
-40.67907 2.10682
-40.69854 2.09507
-40.71706 2.08251
-40.73469 2.06923
-40.75135 2.05511
-40.76714 2.04036
-40.78200 2.02487
-40.79596 2.00873
-40.80896 1.99183
-40.82109 1.97425
-40.83235 1.95611
-40.84267 1.93716
-40.85220 1.91773
-40.86084 1.89757
-40.86858 1.87667
-40.87553 1.85525
-40.88165 1.83318
-40.88700 1.81055
-40.89147 1.78709
-40.89521 1.76317
-40.89820 1.73863
-40.90037 1.71332
-40.90156 1.69249
-40.92902 1.71752
-40.95653 1.74177
-40.98411 1.76529
-41.01192 1.78833
-41.03983 1.81067
-41.06789 1.83233
-41.09611 1.85333
-41.12449 1.87369
-41.15306 1.89343
-41.18185 1.91255
-41.21079 1.93097
-41.23991 1.94868
-41.26928 1.96583
-41.29877 1.98219
-41.32847 1.99789
-41.35836 2.01295
-41.38842 2.02725
-41.41855 2.04070
-41.44889 2.05353
-41.47936 2.06565
-41.50991 2.07693
-41.54050 2.08741
-41.57120 2.09718
-41.60187 2.10604
-41.63258 2.11422
-41.66321 2.12150
-41.69373 2.12788
-41.72415 2.13349
-41.75439 2.13820
-41.78441 2.14204
-41.81422 2.14510
-41.84367 2.14718
-41.87276 2.14839
-41.90147 2.14871
-41.92979 2.14828
-41.95756 2.14685
-41.98480 2.14456
-42.01146 2.14138
-42.03749 2.13733
-42.06285 2.13239
-42.08757 2.12667
-42.11152 2.12007
-42.13475 2.11267
-42.15715 2.10438
-42.17876 2.09529
-42.19954 2.08540
-42.21952 2.07481
-42.23857 2.06330
-42.25677 2.05106
-42.27411 2.03811
-42.29058 2.02442
-42.30616 2.00999
-42.32090 1.99492
-42.33472 1.97909
-42.34763 1.96248
-42.35973 1.94531
-42.37096 1.92746
-42.38132 1.90890
-42.39081 1.88963
-42.39948 1.86975
-42.40732 1.84924
-42.41436 1.82808
-42.42058 1.80626
-42.42604 1.78388
-42.43070 1.76080
-42.43454 1.73699
-42.43768 1.71269
-42.44001 1.68761
-42.44159 1.66186
-42.44240 1.63540
-42.44248 1.63277
-42.46973 1.65834
-42.49703 1.68323
-42.52450 1.70759
-42.55193 1.73107
-42.57956 1.75406
-42.60728 1.77634
-42.63510 1.79793
-42.66306 1.81884
-42.69121 1.83923
-42.71948 1.85886
-42.74790 1.87787
-42.77646 1.89615
-42.80521 1.91385
-42.83406 1.93073
-42.86312 1.94706
-42.89228 1.96259
-42.92167 1.97759
-42.95110 1.99171
-42.98070 2.00520
-43.01034 2.01784
-43.04014 2.02985
-43.06997 2.04104
-43.09988 2.05151
-43.12978 2.06117
-43.15967 2.07001
-43.18954 2.07805
-43.21934 2.08529
-43.24904 2.09174
-43.27858 2.09729
-43.30796 2.10206
-43.33711 2.10593
-43.36602 2.10903
-43.39463 2.11124
-43.42288 2.11256
-43.45073 2.11301
-43.47820 2.11267
-43.50518 2.11146
-43.53158 2.10925
-43.55754 2.10637
-43.58283 2.10250
-43.60752 2.09785
-43.63154 2.09230
-43.65488 2.08596
-43.67753 2.07883
-43.69943 2.07090
-43.72052 2.06206
-43.74087 2.05252
-43.76041 2.04217
-43.77910 2.03099
-43.79698 2.01909
-43.81405 2.00646
-43.83026 1.99309
-43.84564 1.97897
-43.86019 1.96421
-43.87386 1.94868
-43.88671 1.93249
-43.89873 1.91561
-43.90984 1.89793
-43.92023 1.87977
-43.92971 1.86078
-43.93839 1.84116
-43.94634 1.82103
-43.95343 1.80014
-43.95972 1.77857
-43.96522 1.75631
-43.96998 1.73346
-43.97400 1.71001
-43.97721 1.68581
-43.97968 1.66095
-43.98141 1.63540
-43.98239 1.60915
-43.98261 1.58216
-43.98249 1.57118
-44.00971 1.59764
-44.03688 1.62325
-44.06416 1.64828
-44.09143 1.67250
-44.11879 1.69608
-44.14625 1.71904
-44.17377 1.74127
-44.20137 1.76280
-44.22912 1.78376
-44.25694 1.80394
-44.28493 1.82359
-44.31301 1.84249
-44.34119 1.86066
-44.36953 1.87822
-44.39798 1.89509
-44.42662 1.91138
-44.45532 1.92687
-44.48409 1.94159
-44.51299 1.95565
-44.54202 1.96906
-44.57112 1.98173
-44.60021 1.99355
-44.62942 2.00474
-44.65861 2.01511
-44.68777 2.02464
-44.71694 2.03347
-44.74604 2.04149
-44.77511 2.04881
-44.80400 2.05522
-44.83276 2.06083
-44.86129 2.06553
-44.88967 2.06956
-44.91777 2.07269
-44.94552 2.07493
-44.97298 2.07638
-45.00004 2.07693
-45.02671 2.07671
-45.05291 2.07560
-45.07864 2.07370
-45.10382 2.07090
-45.12841 2.06721
-45.15248 2.06285
-45.17590 2.05758
-45.19861 2.05140
-45.22070 2.04453
-45.24203 2.03675
-45.26267 2.02827
-45.28257 2.01897
-45.30172 2.00896
-45.32007 1.99812
-45.33765 1.98655
-45.35438 1.97414
-45.37034 1.96109
-45.38550 1.94729
-45.39987 1.93284
-45.41339 1.91761
-45.42611 1.90171
-45.43803 1.88512
-45.44913 1.86784
-45.45941 1.84984
-45.46893 1.83124
-45.47760 1.81189
-45.48552 1.79190
-45.49265 1.77125
-45.49899 1.74993
-45.50463 1.72803
-45.50941 1.70530
-45.51352 1.68207
-45.51684 1.65808
-45.51937 1.63329
-45.52122 1.60795
-45.52233 1.58189
-45.52263 1.55494
-45.52223 1.52733
-45.52159 1.50777
-45.54873 1.53496
-45.57592 1.56150
-45.60308 1.58729
-45.63027 1.61235
-45.65742 1.63659
-45.68470 1.66029
-45.71198 1.68323
-45.73931 1.70542
-45.76674 1.72702
-45.79419 1.74780
-45.82178 1.76802
-45.84946 1.78759
-45.87720 1.80639
-45.90507 1.82456
-45.93306 1.84213
-45.96109 1.85886
-45.98925 1.87500
-46.01750 1.89046
-46.04580 1.90513
-46.07419 1.91914
-46.10266 1.93249
-46.13112 1.94496
-46.15966 1.95681
-46.18822 1.96791
-46.21673 1.97817
-46.24529 1.98782
-46.27372 1.99652
-46.30217 2.00463
-46.33043 2.01181
-46.35857 2.01818
-46.38659 2.02385
-46.41442 2.02872
-46.44198 2.03268
-46.46929 2.03585
-46.49633 2.03822
-46.52298 2.03969
-46.54936 2.04048
-46.57528 2.04036
-46.60073 2.03935
-46.62574 2.03754
-46.65025 2.03494
-46.67425 2.03155
-46.69763 2.02725
-46.72047 2.02226
-46.74263 2.01636
-46.76414 2.00965
-46.78504 2.00223
-46.80522 1.99400
-46.82466 1.98495
-46.84341 1.97517
-46.86143 1.96467
-46.87864 1.95333
-46.89510 1.94124
-46.91083 1.92851
-46.92576 1.91502
-46.93989 1.90076
-46.95326 1.88584
-46.96584 1.87023
-46.97766 1.85393
-46.98861 1.83681
-46.99889 1.81921
-47.00830 1.80075
-47.01703 1.78178
-47.02494 1.76205
-47.03209 1.74165
-47.03847 1.72056
-47.04410 1.69877
-47.04894 1.67626
-47.05307 1.65312
-47.05648 1.62933
-47.05910 1.60474
-47.06105 1.57959
-47.06221 1.55356
-47.06262 1.52678
-47.06235 1.49932
-47.06131 1.47103
-47.05949 1.44200
-47.08680 1.47032
-47.11401 1.49777
-47.14116 1.52441
-47.16827 1.55027
-47.19535 1.57539
-47.22245 1.59979
-47.24960 1.62351
-47.27672 1.64644
-47.30391 1.66874
-47.33112 1.69031
-47.35839 1.71116
-47.38570 1.73132
-47.41315 1.75093
-47.44055 1.76964
-47.46812 1.78783
-47.49572 1.80528
-47.52337 1.82201
-47.55114 1.83814
-47.57891 1.85345
-47.60674 1.86808
-47.63464 1.88203
-47.66259 1.89532
-47.69055 1.90784
-47.71850 1.91960
-47.74644 1.93062
-47.77436 1.94089
-47.80224 1.95042
-47.83008 1.95924
-47.85779 1.96722
-47.88536 1.97437
-47.91283 1.98081
-47.94011 1.98644
-47.96724 1.99137
-47.99409 1.99538
-48.02073 1.99869
-48.04702 2.00109
-48.07298 2.00269
-48.09859 2.00349
-48.12382 2.00349
-48.14865 2.00269
-48.17302 2.00109
-48.19685 1.99858
-48.22022 1.99538
-48.24305 1.99137
-48.26526 1.98644
-48.28692 1.98081
-48.30793 1.97437
-48.32829 1.96710
-48.34803 1.95912
-48.36704 1.95031
-48.38540 1.94077
-48.40304 1.93050
-48.41996 1.91949
-48.43615 1.90773
-48.45158 1.89520
-48.46631 1.88203
-48.48025 1.86808
-48.49340 1.85333
-48.50585 1.83802
-48.51748 1.82189
-48.52841 1.80516
-48.53856 1.78771
-48.54798 1.76964
-48.55661 1.75081
-48.56451 1.73132
-48.57160 1.71103
-48.57800 1.69018
-48.58366 1.66861
-48.58855 1.64631
-48.59273 1.62338
-48.59614 1.59966
-48.59884 1.57525
-48.60082 1.55013
-48.60206 1.52427
-48.60257 1.49763
-48.60232 1.47017
-48.60131 1.44185
-48.59958 1.41278
-48.59706 1.38274
-48.59612 1.37367
-48.62361 1.40312
-48.65094 1.43163
-48.67822 1.45939
-48.70541 1.48630
-48.73247 1.51226
-48.75955 1.53759
-48.78654 1.56205
-48.81354 1.58580
-48.84057 1.60888
-48.86758 1.63118
-48.89465 1.65286
-48.92166 1.67367
-48.94877 1.69390
-48.97593 1.71345
-49.00307 1.73220
-49.03027 1.75030
-49.05756 1.76777
-49.08486 1.78450
-49.11218 1.80050
-49.13954 1.81580
-49.16693 1.83039
-49.19435 1.84430
-49.22181 1.85754
-49.24924 1.86999
-49.27669 1.88179
-49.30404 1.89272
-49.33139 1.90301
-49.35870 1.91255
-49.38585 1.92125
-49.41298 1.92933
-49.43996 1.93657
-49.46674 1.94298
-49.49338 1.94868
-49.51980 1.95356
-49.54597 1.95762
-49.57192 1.96097
-49.59756 1.96352
-49.62289 1.96525
-49.64785 1.96618
-49.67243 1.96629
-49.69659 1.96560
-49.72031 1.96410
-49.74355 1.96178
-49.76630 1.95866
-49.78857 1.95483
-49.81027 1.95019
-49.83138 1.94473
-49.85188 1.93844
-49.87180 1.93143
-49.89110 1.92371
-49.90972 1.91514
-49.92768 1.90584
-49.94497 1.89580
-49.96155 1.88500
-49.97749 1.87357
-49.99263 1.86125
-50.00709 1.84828
-50.02085 1.83463
-50.03382 1.82018
-50.04607 1.80504
-50.05758 1.78919
-50.06841 1.77274
-50.07842 1.75543
-50.08778 1.73762
-50.09631 1.71891
-50.10419 1.69967
-50.11126 1.67962
-50.11767 1.65899
-50.12333 1.63764
-50.12819 1.61541
-50.13242 1.59267
-50.13587 1.56914
-50.13856 1.54477
-50.14060 1.51981
-50.14184 1.49396
-50.14235 1.46730
-50.14210 1.43981
-50.14117 1.41159
-50.13944 1.38244
-50.13691 1.35230
-50.13364 1.32128
-50.13134 1.30252
-50.15913 1.33330
-50.18669 1.36302
-50.21414 1.39191
-50.24144 1.41987
-50.26860 1.44694
-50.29568 1.47318
-50.32269 1.49862
-50.34966 1.52330
-50.37660 1.54725
-50.40348 1.57036
-50.43037 1.59281
-50.45723 1.61448
-50.48408 1.63540
-50.51093 1.65560
-50.53780 1.67509
-50.56469 1.69390
-50.59162 1.71205
-50.61860 1.72955
-50.64549 1.74617
-50.67246 1.76217
-50.69948 1.77758
-50.72644 1.79215
-50.75342 1.80602
-50.78039 1.81921
-50.80731 1.83160
-50.83423 1.84333
-50.86108 1.85429
-50.88790 1.86461
-50.91464 1.87417
-50.94122 1.88286
-50.96776 1.89094
-50.99410 1.89816
-51.02030 1.90466
-51.04628 1.91032
-51.07207 1.91526
-51.09766 1.91949
-51.12291 1.92277
-51.14795 1.92547
-51.17261 1.92722
-51.19697 1.92828
-51.22093 1.92851
-51.24448 1.92793
-51.26759 1.92652
-51.29029 1.92441
-51.31248 1.92148
-51.33421 1.91784
-51.35540 1.91338
-51.37600 1.90808
-51.39606 1.90206
-51.41550 1.89520
-51.43440 1.88774
-51.45263 1.87941
-51.47022 1.87035
-51.48716 1.86054
-51.50342 1.84996
-51.51899 1.83862
-51.53390 1.82663
-51.54809 1.81384
-51.56160 1.80038
-51.57442 1.78623
-51.58653 1.77138
-51.59785 1.75568
-51.60851 1.73938
-51.61850 1.72247
-51.62773 1.70478
-51.63620 1.68632
-51.64397 1.66719
-51.65102 1.64736
-51.65736 1.62682
-51.66296 1.60555
-51.66789 1.58364
-51.67207 1.56096
-51.67549 1.53745
-51.67821 1.51324
-51.68022 1.48829
-51.68151 1.46256
-51.68200 1.43587
-51.68180 1.40848
-51.68084 1.38018
-51.67909 1.35092
-51.67660 1.32081
-51.67329 1.28962
-51.66911 1.25728
-51.66474 1.22772
-51.69297 1.26006
-51.72096 1.29138
-51.74870 1.32159
-51.77620 1.35077
-51.80361 1.37912
-51.83078 1.40640
-51.85789 1.43295
-51.88491 1.45867
-51.91179 1.48345
-51.93862 1.50749
-51.96542 1.53080
-51.99214 1.55329
-52.01888 1.57511
-52.04557 1.59617
-52.07224 1.61648
-52.09889 1.63606
-52.12548 1.65482
-52.15214 1.67302
-52.17876 1.69044
-52.20540 1.70721
-52.23201 1.72323
-52.25860 1.73850
-52.28522 1.75318
-52.31176 1.76703
-52.33828 1.78018
-52.36477 1.79264
-52.39117 1.80430
-52.41754 1.81531
-52.44387 1.82566
-52.47003 1.83512
-52.49612 1.84394
-52.52201 1.85189
-52.54783 1.85922
-52.57342 1.86569
-52.59883 1.87142
-52.62404 1.87644
-52.64903 1.88072
-52.67373 1.88417
-52.69809 1.88679
-52.72218 1.88869
-52.74597 1.88987
-52.76935 1.89023
-52.79233 1.88975
-52.81491 1.88857
-52.83703 1.88655
-52.85872 1.88382
-52.87989 1.88025
-52.90058 1.87596
-52.92070 1.87083
-52.94029 1.86497
-52.95933 1.85838
-52.97779 1.85105
-52.99566 1.84297
-53.01289 1.83415
-53.02944 1.82444
-53.04544 1.81421
-53.06071 1.80308
-53.07535 1.79128
-53.08928 1.77869
-53.10261 1.76554
-53.11520 1.75156
-53.12710 1.73687
-53.13831 1.72145
-53.14885 1.70542
-53.15861 1.68851
-53.16777 1.67108
-53.17618 1.65286
-53.18383 1.63382
-53.19085 1.61421
-53.19709 1.59375
-53.20268 1.57267
-53.20754 1.55082
-53.21172 1.52830
-53.21509 1.50482
-53.21782 1.48075
-53.21979 1.45578
-53.22104 1.43002
-53.22155 1.40342
-53.22130 1.37594
-53.22029 1.34754
-53.21856 1.31830
-53.21593 1.28786
-53.21254 1.25647
-53.20836 1.22404
-53.20325 1.19034
-53.19727 1.15542
-53.19604 1.14871
-53.22497 1.18312
-53.25340 1.21599
-53.28165 1.24794
-53.30950 1.27855
-53.33718 1.30822
-53.36462 1.33687
-53.39197 1.36470
-53.41907 1.39146
-53.44605 1.41736
-53.47293 1.44244
-53.49972 1.46673
-53.52647 1.49027
-53.55303 1.51282
-53.57965 1.53482
-53.60614 1.55589
-53.63263 1.57634
-53.65909 1.59603
-53.68545 1.61488
-53.71186 1.63316
-53.73820 1.65063
-53.76453 1.66745
-53.79081 1.68349
-53.81704 1.69877
-53.84328 1.71345
-53.86940 1.72728
-53.89555 1.74052
-53.92158 1.75293
-53.94755 1.76466
-53.97347 1.77572
-53.99925 1.78598
-54.02491 1.79547
-54.05048 1.80430
-54.07591 1.81238
-54.10116 1.81970
-54.12623 1.82626
-54.15110 1.83209
-54.17571 1.83705
-54.20013 1.84140
-54.22425 1.84490
-54.24810 1.84767
-54.27165 1.84972
-54.29483 1.85093
-54.31768 1.85141
-54.34011 1.85105
-54.36215 1.84996
-54.38380 1.84816
-54.40494 1.84551
-54.42564 1.84213
-54.44587 1.83802
-54.46553 1.83306
-54.48467 1.82736
-54.50328 1.82091
-54.52137 1.81384
-54.53882 1.80590
-54.55566 1.79719
-54.57195 1.78783
-54.58759 1.77770
-54.60257 1.76678
-54.61693 1.75518
-54.63067 1.74290
-54.64369 1.72980
-54.65613 1.71612
-54.66782 1.70159
-54.67883 1.68632
-54.68921 1.67043
-54.69887 1.65377
-54.70787 1.63646
-54.71614 1.61834
-54.72380 1.59966
-54.73070 1.58013
-54.73691 1.55986
-54.74241 1.53883
-54.74718 1.51702
-54.75128 1.49452
-54.75464 1.47118
-54.75730 1.44709
-54.75920 1.42208
-54.76044 1.39641
-54.76088 1.36972
-54.76057 1.34213
-54.75955 1.31374
-54.75766 1.28417
-54.75502 1.25368
-54.75152 1.22203
-54.74720 1.18931
-54.74195 1.15525
-54.73580 1.11990
-54.72869 1.08317
-54.72484 1.06475
-54.75455 1.10131
-54.78379 1.13645
-54.81266 1.17030
-54.84102 1.20263
-54.86920 1.23405
-54.89700 1.26413
-54.92461 1.29330
-54.95199 1.32144
-54.97918 1.34861
-55.00620 1.37488
-55.03309 1.40029
-55.05988 1.42488
-55.08651 1.44854
-55.11301 1.47132
-55.13945 1.49339
-55.16588 1.51478
-55.19215 1.53524
-55.21843 1.55507
-55.24457 1.57403
-55.27075 1.59241
-55.29683 1.60995
-55.32287 1.62682
-55.34883 1.64290
-55.37471 1.65821
-55.40059 1.67289
-55.42639 1.68684
-55.45211 1.70005
-55.47776 1.71256
-55.50333 1.72437
-55.52876 1.73536
-55.55410 1.74567
-55.57935 1.75531
-55.60443 1.76417
-55.62934 1.77225
-55.65406 1.77956
-55.67864 1.78623
-55.70296 1.79202
-55.72710 1.79719
-55.75094 1.80149
-55.77458 1.80516
-55.79787 1.80798
-55.82087 1.81006
-55.84355 1.81140
-55.86582 1.81189
-55.88779 1.81177
-55.90932 1.81079
-55.93045 1.80908
-55.95116 1.80663
-55.97134 1.80332
-55.99113 1.79940
-56.01035 1.79461
-56.02907 1.78907
-56.04732 1.78290
-56.06495 1.77584
-56.08206 1.76815
-56.09859 1.75968
-56.11451 1.75043
-56.12986 1.74052
-56.14455 1.72980
-56.15865 1.71841
-56.17207 1.70619
-56.18493 1.69339
-56.19707 1.67975
-56.20863 1.66550
-56.21944 1.65037
-56.22963 1.63461
-56.23919 1.61820
-56.24804 1.60100
-56.25623 1.58310
-56.26368 1.56437
-56.27046 1.54491
-56.27662 1.52483
-56.28201 1.50383
-56.28674 1.48217
-56.29075 1.45968
-56.29408 1.43646
-56.29666 1.41233
-56.29846 1.38726
-56.29962 1.36150
-56.29996 1.33470
-56.29962 1.30711
-56.29841 1.27838
-56.29648 1.24876
-56.29371 1.21801
-56.29006 1.18605
-56.28558 1.15295
-56.28014 1.11846
-56.27375 1.08261
-56.26638 1.04527
-56.25784 1.00608
-56.25032 0.97411
-56.28132 1.01383
-56.31157 1.05161
-56.34121 1.08763
-56.37048 1.12244
-56.39919 1.15560
-56.42758 1.18759
-56.45569 1.21851
-56.48340 1.24810
-56.51094 1.27677
-56.53823 1.30442
-56.56534 1.33112
-56.59220 1.35675
-56.61892 1.38153
-56.64553 1.40550
-56.67205 1.42870
-56.69841 1.45101
-56.72465 1.47246
-56.75078 1.49311
-56.77689 1.51310
-56.80285 1.53219
-56.82881 1.55068
-56.85463 1.56832
-56.88041 1.58526
-56.90608 1.60140
-56.93170 1.61687
-56.95722 1.63158
-56.98272 1.64566
-57.00804 1.65886
-57.03333 1.67147
-57.05846 1.68323
-57.08348 1.69429
-57.10841 1.70466
-57.13321 1.71434
-57.15782 1.72323
-57.18225 1.73132
-57.20653 1.73876
-57.23060 1.74542
-57.25443 1.75131
-57.27809 1.75656
-57.30142 1.76093
-57.32455 1.76466
-57.34738 1.76765
-57.36985 1.76976
-57.39206 1.77125
-57.41386 1.77187
-57.43528 1.77175
-57.45639 1.77100
-57.47703 1.76939
-57.49725 1.76703
-57.51702 1.76392
-57.53633 1.76005
-57.55515 1.75543
-57.57352 1.75018
-57.59131 1.74403
-57.60861 1.73724
-57.62535 1.72968
-57.64150 1.72132
-57.65712 1.71231
-57.67213 1.70248
-57.68656 1.69198
-57.70040 1.68078
-57.71357 1.66874
-57.72620 1.65612
-57.73812 1.64264
-57.74939 1.62841
-57.76007 1.61355
-57.77009 1.59791
-57.77947 1.58162
-57.78815 1.56451
-57.79620 1.54670
-57.80357 1.52817
-57.81022 1.50875
-57.81624 1.48871
-57.82157 1.46788
-57.82619 1.44622
-57.83007 1.42370
-57.83330 1.40044
-57.83576 1.37624
-57.83752 1.35123
-57.83856 1.32535
-57.83886 1.29855
-57.83830 1.27063
-57.83705 1.24184
-57.83496 1.21194
-57.83203 1.18087
-57.82819 1.14854
-57.82349 1.11501
-57.81780 1.07999
-57.81114 1.04353
-57.80333 1.00528
-57.79439 0.96524
-57.78420 0.92317
-57.77263 0.87879
-57.77165 0.87517
-57.80423 0.91863
-57.83592 0.95984
-57.86686 0.99908
-57.89716 1.03657
-57.92683 1.07230
-57.95595 1.10644
-57.98468 1.13930
-58.01299 1.17082
-58.04103 1.20127
-58.06867 1.23039
-58.09613 1.25859
-58.12325 1.28562
-58.15027 1.31185
-58.17702 1.33702
-58.20363 1.36134
-58.23004 1.38470
-58.25634 1.40729
-58.28250 1.42899
-58.30851 1.44985
-58.33447 1.47003
-58.36025 1.48928
-58.38601 1.50791
-58.41160 1.52566
-58.43713 1.54270
-58.46258 1.55904
-58.48791 1.57457
-58.51316 1.58944
-58.53830 1.60354
-58.56332 1.61687
-58.58821 1.62946
-58.61298 1.64132
-58.63763 1.65246
-58.66215 1.66290
-58.68653 1.67263
-58.71071 1.68155
-58.73474 1.68980
-58.75854 1.69724
-58.78218 1.70402
-58.80557 1.71001
-58.82871 1.71523
-58.85163 1.71980
-58.87421 1.72348
-58.89656 1.72652
-58.91859 1.72879
-58.94028 1.73031
-58.96169 1.73119
-58.98266 1.73119
-59.00325 1.73044
-59.02349 1.72905
-59.04324 1.72677
-59.06262 1.72386
-59.08147 1.72006
-59.09991 1.71561
-59.11783 1.71040
-59.13530 1.70453
-59.15224 1.69788
-59.16862 1.69044
-59.18442 1.68220
-59.19976 1.67341
-59.21442 1.66368
-59.22859 1.65338
-59.24212 1.64224
-59.25505 1.63039
-59.26744 1.61794
-59.27914 1.60461
-59.29021 1.59052
-59.30070 1.57579
-59.31052 1.56027
-59.31972 1.54408
-59.32824 1.52705
-59.33611 1.50931
-59.34334 1.49084
-59.34990 1.47161
-59.35578 1.45159
-59.36098 1.43075
-59.36545 1.40907
-59.36920 1.38651
-59.37230 1.36317
-59.37470 1.33904
-59.37632 1.31390
-59.37722 1.28786
-59.37729 1.26071
-59.37666 1.23272
-59.37522 1.20365
-59.37295 1.17343
-59.36980 1.14197
-59.36572 1.10918
-59.36076 1.07512
-59.35476 1.03948
-59.34764 1.00209
-59.33951 0.96317
-59.33009 0.92209
-59.31919 0.87856
-59.30689 0.83268
-59.29275 0.78353
-59.28695 0.76417
-59.32218 0.81346
-59.35595 0.85938
-59.38862 0.90267
-59.42039 0.94368
-59.45129 0.98250
-59.48155 1.01956
-59.51125 1.05505
-59.54031 1.08875
-59.56899 1.12117
-59.59732 1.15243
-59.62520 1.18226
-59.65276 1.21093
-59.68012 1.23869
-59.70715 1.26527
-59.73397 1.29090
-59.76061 1.31563
-59.78701 1.33935
-59.81329 1.36226
-59.83937 1.38425
-59.86529 1.40535
-59.89112 1.42576
-59.91682 1.44535
-59.94232 1.46400
-59.96779 1.48203
-59.99307 1.49918
-60.01827 1.51562
-60.04337 1.53136
-60.06832 1.54628
-60.09312 1.56041
-60.11786 1.57389
-60.14244 1.58661
-60.16687 1.59858
-60.19117 1.60982
-60.21530 1.62033
-60.23929 1.63013
-60.26305 1.63909
-60.28665 1.64736
-60.31007 1.65495
-60.33324 1.66173
-60.35622 1.66784
-60.37892 1.67315
-60.40140 1.67781
-60.42359 1.68168
-60.44547 1.68478
-60.46703 1.68709
-60.48830 1.68877
-60.50922 1.68967
-60.52977 1.68980
-60.54992 1.68915
-60.56973 1.68787
-60.58911 1.68581
-60.60806 1.68297
-60.62653 1.67936
-60.64452 1.67496
-60.66209 1.66991
-60.67920 1.66420
-60.69578 1.65769
-60.71181 1.65037
-60.72734 1.64238
-60.74228 1.63356
-60.75668 1.62404
-60.77053 1.61382
-60.78382 1.60287
-60.79652 1.59119
-60.80862 1.57877
-60.82010 1.56560
-60.83096 1.55164
-60.84124 1.53704
-60.85086 1.52162
-60.85989 1.50552
-60.86823 1.48857
-60.87593 1.47089
-60.88299 1.45245
-60.88939 1.43324
-60.89512 1.41322
-60.90015 1.39236
-60.90448 1.37063
-60.90816 1.34815
-60.91109 1.32472
-60.91326 1.30030
-60.91472 1.27500
-60.91544 1.24876
-60.91541 1.22153
-60.91459 1.19325
-60.91294 1.16384
-60.91043 1.13323
-60.90702 1.10131
-60.90265 1.06796
-60.89727 1.03307
-60.89088 0.99667
-60.88342 0.95859
-60.87468 0.91841
-60.86463 0.87607
-60.85299 0.83102
-60.83979 0.78328
-60.82451 0.73180
-60.80686 0.67603
-60.79322 0.63512