# sss file
0.2013615939954343 2.940238406004566
0.153874021812902 2.8895659781870977
0.10635697163314117 2.838863028366859
0.05888044801592107 2.788199551984079
0.011394894996048288 2.7374851050039517
-0.036100554867032564 2.6868005548670326
-0.08357546435132557 2.6361354643513257
-0.13107982884451075 2.5854398288445104
-0.17856364372082822 2.534763643720828
-0.22603690434094292 2.4840969043409427
-0.2735496060518037 2.4333896060518034
-0.3210317441865027 2.3827117441865027
-0.36852331406413474 2.3320233140641347
-0.4159838072098826 2.2813238072098825
-0.4634942190374073 2.2306142190374074
-0.5109440484190783 2.179964048419078
-0.5584532906163765 2.1292532906163766
-0.6059319408760616 2.0785719408760617
-0.6534299944300223 2.0278699944300222
-0.7009174464951288 1.9771774464951286
-0.7483937350565907 1.9264537350565907
-0.7958599618678277 1.8757799618678277
-0.8433655726871891 1.8250655726871892
-0.8908105626697571 1.774410562669757
-0.9383049269548314 1.7237049269548315
-0.985798660665773 1.672998660665773
-1.0332717589098492 1.622311758909849
-1.080744216778072 1.5716242167780718
-1.1282260293450421 1.5209260293450422
-1.1756965613014851 1.4701965613014853
-1.2231570599910024 1.4195170599910023
-1.2706368984390768 1.368816898439077
-1.318116071652818 1.318116071652818
-1.365594574622103 1.2674145746221028
-1.4130624023194114 1.2167224023194112
-1.4605295496996549 1.1660295496996547
-1.507995320843497 1.115295320843497
-1.5554510834981015 1.0646110834981015
-1.6029561505277785 1.0138761505277785
-1.6504005168152225 0.9632005168152222
-1.6978841772246935 0.9124841772246934
-1.7453571266018417 0.8617771266018419
-1.7928193597735287 0.8110793597735289
-1.8402808715476464 0.7603808715476461
-1.8877508928081603 0.7096308928081605
-1.9352009367174277 0.6589409367174279
-1.9826702434697268 0.6082302434697269
-2.030158807794988 0.5574988077949876
-2.077606624403246 0.5068066244032461
-2.125073687984453 0.4560936879844526
-2.1725299932082835 0.4053899932082832
-2.220005534723945 0.3546655347239449
-2.267450307159982 0.3039703071599824
-2.314903453892363 0.25322345389236345
-2.3623566619373833 0.2025166619373837
-2.4098190845926526 0.1517990845926529
-2.4572707164018093 0.10109071640180911
-2.5047315518868283 0.05037155188682796
-2.552211585547816 -0.00036841445218405156
-2.5996608118628037 -0.051079188137196585
-2.647119225287539 -0.10180077471246118
-2.694555886647524 -0.15254411335247609
-2.742002646967719 -0.20325735303228143
-2.7894585775569807 -0.2539814224430188
-2.836903672779499 -0.3046963272205012
-2.8843579269761035 -0.3554220730238966
-2.931801334464044 -0.40613866553595557
-2.9792438895367717 -0.45685611046322894
-3.0266745769816534 -0.507605423018346
-3.0741564194900226 -0.558323580509978
-3.1215753510538624 -0.6090646489461382
-3.169024427654347 -0.659795572345653
-3.216482622867016 -0.7105373771329839
-3.2639099308373956 -0.7612500691626036
-3.3113463456855943 -0.8119736543144058
-3.3587818615060563 -0.862698138493943
-3.4062153717334636 -0.9134646282665364
-3.4536490599607252 -0.9641909400392747
-3.501091831210306 -1.014928168789694
-3.5485536794712242 -1.0656863205287754
-3.5959745987056015 -1.1164054012943976
-3.6432145828484095 -1.1669454171515903
-3.6434245828484095 -1.1671554171515903
-3.6904236258072105 -1.2174563741927886
-3.6908636258072107 -1.2178963741927888
-3.7376629057430915 -1.267957094256909
-3.7382917214619034 -1.2686282785380967
-3.784870060208413 -1.3184699397915876
-3.785728863664456 -1.3193711363355436
-3.832087463852086 -1.3689525361479138
-3.8331438371938127 -1.370136162806188
-3.8793127054359307 -1.4194872945640689
-3.8805690415120813 -1.4208709584879191
-3.92651697511352 -1.4700030248864802
-3.927993273683799 -1.4716067263162014
-3.973741512691891 -1.5204984873081089
-3.9754365274461856 -1.5223634725538138
-4.020973832403924 -1.5710461675960756
-4.0228687965071845 -1.5731112034928145
-4.0681851614178655 -1.6215748385821342
-4.070290074545183 -1.6238499254548167
-4.115385493383805 -1.6720945066161965
-4.117699070252543 -1.674620929747456
-4.1626361189581 -1.722623881041899
-4.16513963211627 -1.7253403678837294
-4.209844450644942 -1.7731555493550575
-4.212556587996769 -1.7761234120032316
-4.257081766135055 -1.8237182338649438
-4.259973825050242 -1.8268661749497568
-4.304309395034742 -1.8742306049652582
-4.307400038936224 -1.8776199610637745
-4.351534671920967 -1.9247853280790332
-4.354815223149386 -1.9283647768506138
-4.398748913185403 -1.975331086814597
-4.402229371152815 -1.9791106288471845
-4.445962112262132 -2.0258778877378685
-4.44967247637772 -2.02988752362228
-4.493225651906204 -2.0764343480937946
-4.49707453222312 -2.080625467776879
-4.540426760353894 -2.126973239646106
-4.544484127732398 -2.131415872267603
-4.587666806807572 -2.177553193192428
-4.591904051218055 -2.1821759487819437
-4.634885784571258 -2.228114215428741
-4.639302905238965 -2.232917094761034
-4.6821251308986485 -2.2786548691013513
-4.686730683061871 -2.28368931693813
-4.729361964977558 -2.3292380350224415
-4.734137377919756 -2.334442622080244
-4.7765777101642035 -2.3798022898357964
-4.781542983011526 -2.3851970169884744
-4.823802359627509 -2.4303776403724906
-4.828957491501675 -2.435962508498325
-4.871047406496649 -2.4809325935033506
-4.876390896519958 -2.486749103480041
-4.918289858148976 -2.5315301418510248
-4.923751674878744 -2.5375083251212556
-4.965501193464369 -2.582098806535631
-4.971162837832129 -2.5882771621678726
-5.012731405471412 -2.6326885945285876
-5.018572876401445 -2.639047123598556
-5.059982044579575 -2.683257955420425
-5.065991783573652 -2.6898282164263483
-5.107220003537387 -2.733859996462613
-5.113389552299258 -2.740590447700743
-5.154446818145923 -2.784453181854077
-5.160806175491968 -2.791373824508032
-5.201682481287948 -2.8350575187120524
-5.208201646028329 -2.8421383539716705
-5.248928602087117 -2.8856313979128827
-5.25560595674737 -2.8929140432526284
-5.296161955786224 -2.9362380442137765
-5.302987466479189 -2.9437125335208103
-5.343394136533852 -2.986845863466148
-5.350369420827095 -2.994470579172906
-5.390605137061234 -3.0374348629387655
-5.397780193552462 -3.045259806447538
-5.437876626670301 -3.0880433733296995
-5.445169777340063 -3.096030222659936
-5.485095260160353 -3.138644739839647
-5.492568164835285 -3.146811835164713
-5.532322691483702 -3.189257308516298
-5.539965348643748 -3.1975946513562516
-5.579548913214078 -3.2398710867859215
-5.587361321330911 -3.248378678669089
-5.626793917884741 -3.290506082115258
-5.634746075421683 -3.2991539245783157
-5.6740076979880865 -3.341112302011914
-5.682139603400029 -3.349940396599972
-5.721272016009226 -3.3917279839907732
-5.729500124208391 -3.4007398757916105
-5.768493340231525 -3.4423466597684746
-5.776881161284731 -3.4515188387152698
-5.815723417212576 -3.4929765827874237
-5.824280949352552 -3.502319050647447
-5.8629522392777975 -3.543607760722203
-5.871669480727409 -3.553110519272592
-5.910189798709695 -3.594250201290307
-5.919056747681841 -3.603903252318159
-5.957447938267483 -3.6448720617325163
-5.966432742444956 -3.654687257555044
-6.004672965543206 -3.6955070344567944
-6.013807457201994 -3.7054725427980055
-6.051896706872281 -3.7461432931277185
-6.061178996555716 -3.7563010034442845
-6.099129154361846 -3.7967908456381543
-6.10855111101474 -3.8070888889852594
-6.146360300073958 -3.847439699926041
-6.155931921653627 -3.857888078346373
-6.193612069527133 -3.8980679304728674
-6.203311420477159 -3.9086885795228405
-6.240818654185965 -3.9487413458140357
-6.250679599444021 -3.9594804005559787
-6.288067813977836 -3.999372186022163
-6.298056450466335 -4.010283549533663
-6.3352936894373375 -4.050026310562663
-6.345441965409198 -4.061098034590802
-6.382538222842637 -4.100701777157362
-6.392816136090205 -4.111903863909796
-6.429771405976318 -4.1513685940236815
-6.440166930310562 -4.162733069689438
-6.476993230572633 -4.202026769427367
-6.487518370228505 -4.2135216297714955
-6.524225742415096 -4.252654257584904
-6.534888440940489 -4.264331559059511
-6.5714648426277815 -4.303335157372219
-6.582257134068641 -4.315142865931358
-6.61869255931916 -4.3540074406808404
-6.629624441185136 -4.365955558814864
-6.66591888402588 -4.40468111597412
-6.67698035381169 -4.416759646188312
-6.713143808233768 -4.4553561917662305
-6.724344863419045 -4.4675751365809555
-6.760367323377318 -4.506032676622683
-6.771697961426456 -4.518382038573543
-6.807589420839157 -4.556710579160842
-6.819059639201162 -4.569200360798838
-6.854832271895291 -4.607367728104707
-6.86639770244597 -4.62004229755403
-6.902061526385313 -4.658058473614687
-6.913766495157784 -4.670873504842215
-6.9492993371378775 -4.708760662862123
-6.961113841308087 -4.721686158691912
-6.996515695323503 -4.759444304676496
-7.008469732049971 -4.772510267950029
-7.043740592058144 -4.810139407941856
-7.055824158481778 -4.823335841518222
-7.090974018402621 -4.860845981597379
-7.103167111646539 -4.8741528883534615
-7.1381859653620525 -4.911534034637949
-7.150518582531398 -4.924981417468602
-7.18540642388528 -4.962233576114722
-7.197868562067036 -4.975811437932963
-7.232625384864282 -5.012934615135718
-7.245184704153854 -5.026655295846145
-7.2798551890366365 -5.063604810963364
-7.292531654139803 -5.077488345860196
-7.327081146866366 -5.114318853133633
-7.33988708510501 -5.12833291489499
-7.374305579600059 -5.165034420399941
-7.3872209877476 -5.1791590122524
-7.421518477897019 -5.215741522102981
-7.434563352706219 -5.229996647293782
-7.468739832356664 -5.266460167643336
-7.481894170559406 -5.280825829440594
-7.515959633517895 -5.317180366482106
-7.529233431824969 -5.331666568175031
-7.563200340271023 -5.367879659728977
-7.576561126959335 -5.382498873040664
-7.610384537794305 -5.418615462205696
-7.623874750435739 -5.433365249564262
-7.657622130655453 -5.469317869344547
-7.671219264039493 -5.484220735960507
-7.704835643248134 -5.5200443567518676
-7.718542182381376 -5.5350578176186245
-7.752047554432271 -5.570772445567729
-7.765863495664918 -5.585896504335082
-7.799257854370824 -5.621502145629176
-7.813203194028939 -5.636756805971062
-7.846476533161606 -5.672243466838394
-7.860521267546854 -5.687598732453147
-7.89367358083659 -5.722966419163411
-7.907847706225975 -5.738452293774025
-7.940888987361198 -5.7737110126388025
-7.9551398584343955 -5.789320141565605
-7.98809274263359 -5.824447257366409
-8.002462975905576 -5.840177024094422
-8.03530483648394 -5.875195163516061
-8.049774428024984 -5.891025571975015
-8.082517956190223 -5.925902043809778
-8.097104204527437 -5.941895795472561
-8.12974671804059 -5.976673281959409
-8.144412295078002 -5.992747704921998
-8.176943787677612 -6.027416212322388
-8.19172868927123 -6.043611310728771
-8.22414915465298 -6.078170845347019
-8.239033376630392 -6.094466623369609
-8.271342808446644 -6.128917191553358
-8.286346346606702 -6.145333653393298
-8.318544738466013 -6.179675261533988
-8.333657588578529 -6.1962024114214715
-8.365744934045177 -6.230435065954825
-8.380944253634228 -6.247095746365773
-8.412943384444088 -6.2811966155559125
-8.428251984937447 -6.297968015062553
-8.460140078847754 -6.331959921152246
-8.475547955786627 -6.348832044213374
-8.507335006365405 -6.382724993634596
-8.522852155259669 -6.399707844740333
-8.554561075663894 -6.433478924336104
-8.57015457235751 -6.4505854276424905
-8.601752459434712 -6.484247540565287
-8.617445196003274 -6.501454803996724
-8.648942043327212 -6.535017956672789
-8.66473103941776 -6.552368960582243
-8.69613981614004 -6.58580018385996
-8.712018019259801 -6.603241980740199
-8.743325766591772 -6.636574233408229
-8.759303171797916 -6.654116828202083
-8.79051988332001 -6.687360116679991
-8.806596485634127 -6.705003514365874
-8.837712154880476 -6.7381478451195225
-8.853897949288177 -6.755902050711825
-8.884902569746092 -6.78893743025391
-8.901177551196598 -6.8067824488034026
-8.932091116306033 -6.839728883693965
-8.948455279711773 -6.857664720288225
-8.979267782864797 -6.8905122171352025
-8.99574112310098 -6.908558876899017
-9.026452557641225 -6.941307442358774
-9.043035069545429 -6.959464930454573
-9.073645428767538 -6.992114571232463
-9.090317107139262 -7.010362892860737
-9.120826384288339 -7.0429136157116625
-9.137574007733663 -7.061285992266336
-9.168028642000085 -7.093691357999917
-9.18484216669556 -7.112177833304438
-9.215205755034372 -7.144494244965628
-9.232108380400298 -7.1630716195997
-9.26238091621848 -7.195299083781519
-9.279392636582541 -7.213987363417457
-9.309564113237565 -7.246115886762433
-9.326654922884767 -7.264885077115232
-9.356735333684025 -7.296924666315974
-9.373915226856196 -7.315784773143803
-9.403904565056417 -7.347735434943582
-9.42118353595171 -7.36669646404829
-9.45107179475837 -7.3985482052416325
-9.468416443692705 -7.417623556307295
-9.49823701009747 -7.449362989902532
-9.515690699034348 -7.468549300965653
-9.545420198284141 -7.500199801715858
-9.562942921122408 -7.519457078877591
-9.592581346430508 -7.55101865356949
-9.610213097021973 -7.570386902978024
-9.63975044154923 -7.60184955845077
-9.657461213698113 -7.621298786301886
-9.68690747055233 -7.652672529447673
-9.704717258014695 -7.672222741985305
-9.734082420249996 -7.703517579750003
-9.751971216733187 -7.723148783266813
-9.78123527734939 -7.754344722650609
-9.79921307651144 -7.77406692348856
-9.8283860284534 -7.8051739715465995
-9.84647282390245 -7.8250071760975475
-9.875554660059404 -7.8560253399405955
-9.893686811253366 -7.8759531887466325
-9.922711158558004 -7.906868841441997
-9.940922265583225 -7.926877734416772
-9.969865510231738 -7.95771448976826
-9.988165566365822 -7.977814433634178
-10.01700770125379 -8.00855229874621
-10.035396699720575 -8.028743300279425
-10.064157717686651 -8.05940228231335
-10.08263565165557 -8.079684348344431
-10.111339305187407 -8.110240694812592
-10.129872408066198 -8.1306275919338
-10.158484958511036 -8.161095041488963
-10.177096954733795 -8.181563045266206
-10.205628394939088 -8.211951605060912
-10.224315446444674 -8.232544553555323
-10.252779600079178 -8.26282039992082
-10.271535501713535 -8.283484498286464
-10.299918559421334 -8.313681440578668
-10.318773303697364 -8.334446696302635
-10.34706525833654 -8.36455474166346
-10.365988837705537 -8.385391162294464
-10.394199682075278 -8.415420317924719
-10.413212088926153 -8.436347911073847
-10.441341815766027 -8.466298184233972
-10.460433042424539 -8.487306957575461
-10.488471644413739 -8.51716835558626
-10.50764168314171 -8.53825831685829
-10.535609152898312 -8.568050847101688
-10.554867995892824 -8.58923200410718
-10.582744325973014 -8.618935674026986
-10.602071965365594 -8.640188034634408
-10.629867148262896 -8.669812851737102
-10.649249478823743 -8.691170521176259
-10.676997604263184 -8.720702395736817
-10.696458684743876 -8.742141315256124
-10.724115678337622 -8.77158432166238
-10.743665500465827 -8.793114499534171
-10.77125135471682 -8.82248864528318
-10.790859910149546 -8.844080089850454
-10.818364617496556 -8.873375382503443
-10.838071897819246 -8.895068102180753
-10.865485450636054 -8.924274549363949
-10.885261447361671 -8.946038552638326
-10.91260383795623 -8.975176162043772
-10.932458542524337 -8.997021457475665
-10.959719763137926 -9.026080236862075
-10.979653166913725 -9.048006833086275
-11.006843209720097 -9.076996790279903
-11.026810956196364 -9.099009043803637
-11.053944161097979 -9.127895838902022
-11.074000557074042 -9.149999442925958
-11.101052600521218 -9.178807399478782
-11.121187636916693 -9.200992363083305
-11.148168511091981 -9.229731488908019
-11.168372178746274 -9.251987821253726
-11.195271875763027 -9.280648124236972
-11.215554165434282 -9.30298583456572
-11.242382677335744 -9.331577322664257
-11.262723579699777 -9.353976420300224
-11.289470898458159 -9.382489101541838
-11.309900404107372 -9.40497959589263
-11.336566521622922 -9.433413478377078
-11.357064621065193 -9.455975378934808
-11.383659529165227 -9.48434047083477
-11.404221600723533 -9.507018399276468
-11.430769903260742 -9.535290096739255
-11.451380515366766 -9.558019484633233
-11.477857625923466 -9.586222374076533
-11.498546768591934 -9.609033231408064
-11.524967374780141 -9.637132625219857
-11.54571034215795 -9.660049657842054
-11.572059774538594 -9.688080225461407
-11.592871217656459 -9.711068782343542
-11.619149468152473 -9.73903053184753
-11.640019376509594 -9.762080623490409
-11.666226436969295 -9.789973563030706
-11.68717479996766 -9.813105200032341
-11.713310662163742 -9.840929337836258
-11.734302613566411 -9.864157386433588
-11.760367253671845 -9.891912746328158
-11.78144247360481 -9.91517752639519
-11.807460805505892 -9.942839194494109
-11.82858954069621 -9.96621045930379
-11.854536685117374 -9.993803314882626
-11.875733795377501 -10.017246204622499
-11.901609744029123 -10.04477025597088
-11.922865218001613 -10.068274781998388
-11.948669962515472 -10.095730037484527
-11.970013788734965 -10.119326211265035
-11.99574732066316 -10.14671267933684
-12.017139487554877 -10.170360512445123
-12.042811798368703 -10.197688201631298
-12.064272294246917 -10.22140770575308
-12.089863375335742 -10.248656624664257
-12.111392188402228 -10.272447811597774
-12.136922031072336 -10.299637968927662
-12.1584939631146 -10.3235260368854
-12.1839777448882 -10.350622255111801
-12.205617932171293 -10.374582067828708
-12.231040495891897 -10.401619504108107
-12.252728925999785 -10.425631074000217
-12.278080262987986 -10.452599737012013
-12.299846923382963 -10.476693076617035
-12.32512702487412 -10.50359297512588
-12.346961902895067 -10.52775809710493
-12.372170760038069 -10.554589239961933
-12.394063842898687 -10.578816157101311
-12.41921144675471 -10.605588553245289
-12.441182721541715 -10.629897278458284
-12.466259063082969 -10.65660093691703
-12.488253058115486 -10.680986941884514
-12.513293586862675 -10.707606413137327
-12.535355707644024 -10.732064292355977
-12.560324995711385 -10.758615004288618
-12.582455228646033 -10.783144771353966
-12.607363267021137 -10.809636732978863
-12.629541598376075 -10.834218401623925
-12.654378377955153 -10.860641622044849
-12.676634793857865 -10.885305206142135
-12.701410305444456 -10.911669694555542
-12.72372479188087 -10.936395208119128
-12.748439026184462 -10.962700973815537
-12.770801568996843 -10.987478431003156
-12.795444516631465 -11.013715483368534
-12.817885101516286 -11.038574898483713
-12.842466752999089 -11.06475324700091
-12.86496536550485 -11.089674634495154
-12.889485711254656 -11.115794288745343
-12.912026507235169 -11.140813492764831
-12.93650136711549 -11.166838632884511
-12.959090118673789 -11.191909881326213
-12.983503696045142 -11.217876303954856
-13.006160387954083 -11.243019612045916
-13.03051267324956 -11.268927326750438
-13.053217290121527 -11.294122709878472
-13.077508273673166 -11.319971726326834
-13.100270799957622 -11.345229200042375
-13.124500471994859 -11.371019528005142
-13.147340891975862 -11.39635910802414
-13.171509242623957 -11.422090757376042
-13.194387540417603 -11.447472459582398
-13.218494559696042 -11.473145440303957
-13.241414583515388 -11.498625416484613
-13.265476397068728 -11.524203602931273
-13.288464221426944 -11.549755778573054
-13.312464728317345 -11.575275271682656
-13.335500336467987 -11.600879663532012
-13.359449526730542 -11.626350473269461
-13.382552901744777 -11.652027098255223
-13.406430765305794 -11.677429234694207
-13.42958189006954 -11.70315810993046
-13.45340841674483 -11.728511583255171
-13.47660727395583 -11.75429272604417
-13.500372453448954 -11.779587546551046
-13.523549025613795 -11.805350974386206
-13.523639025613795 -11.805440974386206
-13.547342847514287 -11.83067715248571
-13.570467116945352 -11.856392883054648
-13.570677116945351 -11.856602883054647
-13.594319570726901 -11.881780429273098
-13.61737151953927 -11.90742848046073
-13.617675013447537 -11.90778498655246
-13.641282594557856 -11.932877405442143
-13.664308757989836 -11.958451242010163
-13.664702204666137 -11.958897795333861
-13.688231890158141 -11.983968109841857
-13.711169143273235 -12.009510856726765
-13.71170254111139 -12.010097458888612
-13.735197428353505 -12.035082571646493
-13.758098956116832 -12.060541043883166
-13.758705655216263 -12.061254344783734
-13.782149179639184 -12.086190820360818
-13.804988362186135 -12.111591637813865
-13.805714963321812 -12.11242503667819
-13.829097114174509 -12.137302885825493
-13.851883932972266 -12.162656067027733
-13.852710435369163 -12.163589564630838
-13.87603120177742 -12.188408798222579
-13.898765638080295 -12.213714361919706
-13.89972204095447 -12.21477795904553
-13.922981411918855 -12.239538588081146
-13.94565344676477 -12.264786553235227
-13.946709749323219 -12.26595025067678
-13.969917713717004 -12.290662286282998
-13.992527327923918 -12.31585267207608
-13.993676629108432 -12.317163370891567
-14.016850075931474 -12.341789924068527
-14.039424199354272 -12.366895800645729
-14.040666398376079 -12.368353601623923
-14.063778466957308 -12.392921533042694
-14.086300182069762 -12.417979817930242
-14.087642175590277 -12.419537824409723
-14.11067583366064 -12.444084166339364
-14.133172142172041 -12.469067857827955
-14.13462392852968 -12.470736071470322
-14.157633207163643 -12.495206792836358
-14.18004004707841 -12.520159952921588
-14.181601624591877 -12.521938375408125
-14.204549491255806 -12.546350508744197
-14.226903863818976 -12.571256136181022
-14.22856523078695 -12.573134769213048
-14.251434495692564 -12.597525504307438
-14.27375355903008 -12.62234644096992
-14.275534713730867 -12.624345286269131
-14.298352490275382 -12.648687509724619
-14.32064636205308 -12.673433637946921
-14.322500039638735 -12.675559960361266
-14.345283600771804 -12.6998163992282
-14.367497766434418 -12.724542233565582
-14.369461174317909 -12.726778825682093
-14.392193276599196 -12.750986723400805
-14.41434494721063 -12.775655052789372
-14.416418083160947 -12.778001916839054
-14.439061320665244 -12.802178679334759
-14.461187869379543 -12.82677213062046
-14.463333301372 -12.829246698628003
-14.48595243047477 -12.85334756952523
-14.508026497510103 -12.877893502489895
-14.510281597711897 -12.880478402288103
-14.532839231124955 -12.904520768875049
-14.554850795734863 -12.929009204265139
-14.55722556136866 -12.931714438631339
-14.579731686561407 -12.955708313438594
-14.601690727742277 -12.980149272257723
-14.604165155996267 -12.982954844003732
-14.626619760282352 -13.00690023971765
-14.64852625676886 -13.031293743231137
-14.651090344796135 -13.034189655203864
-14.673493415330684 -13.058086584669315
-14.695375052195008 -13.08240494780499
-14.698021090509073 -13.085438909490929
-14.720400345220172 -13.109259654779828
-14.742201720770746 -13.133558279229256
-14.744947355407042 -13.13669264459296
-14.767237319255601 -13.160482680744401
-14.7890038737746 -13.1846961262254
-14.791859101284729 -13.187940898715272
-14.81409749186738 -13.211682508132624
-14.835821472559331 -13.235858527440671
-14.838748403128136 -13.239231596871866
-14.86096309325975 -13.262896906740249
-14.882634477983778 -13.287025522016222
-14.88566093520575 -13.29049906479425
-14.907824084073457 -13.314115915926543
-14.929432850403863 -13.338187149596136
-14.932568830184143 -13.341771169815857
-14.954670424442323 -13.365329575557677
-14.976236549663362 -13.389363450336637
-14.979462047854033 -13.393037952145965
-15.001522073983942 -13.41655792601606
-15.023025535084473 -13.440534464915528
-15.026360547483582 -13.44431945251642
-15.048368991790145 -13.467791008209854
-15.069819765458151 -13.49172023454185
-15.073226099552368 -13.495633900447633
-15.095211136417241 -13.519028863582756
-15.116609199034222 -13.542910800965778
-15.120114976940295 -13.546925023059703
-15.142038465876025 -13.570261534123972
-15.163422098742275 -13.594077901257725
-15.166989010312308 -13.598210989687693
-15.18887093762154 -13.62150906237846
-15.210191874120088 -13.645268125879912
-15.213868156739858 -13.649511843260143
-15.235698508542596 -13.672761491457404
-15.25696672466101 -13.696473275338992
-15.260742372720904 -13.700817627279097
-15.282511134951042 -13.724008865048956
-15.303736606354132 -13.747683393645868
-15.307611614168996 -13.752128385831005
-15.32933877257077 -13.775281227429232
-15.35050147459441 -13.798898525405589
-15.354475836402097 -13.803444163597902
-15.376151376526433 -13.826548623473567
-15.397261284171243 -13.850118715828756
-15.40132499413113 -13.85475500586887
-15.422948901331923 -13.877811098668078
-15.44401598925677 -13.90134401074323
-15.448179041448237 -13.906080958551762
-15.469751300878523 -13.929088699121479
-15.490765543393877 -13.952574456606122
-15.495027931814752 -13.95741206818525
-15.516558528422788 -13.980381471577212
-15.53754872288354 -14.003791277116461
-15.541832785159249 -14.00876721484075
-15.563340536574115 -14.031659463425882
-15.584277900732516 -14.055022099267482
-15.588671151776943 -14.060108848223058
-15.610127277282002 -14.082952722717996
-15.631011784986804 -14.106268215013195
-15.635504217292034 -14.111455782707967
-15.656908701822973 -14.134251298177029
-15.677750326555032 -14.15752967344497
-15.682331932507315 -14.162808067492685
-15.703684760787182 -14.18555523921282
-15.724473475652099 -14.2087865243479
-15.729144247529737 -14.214155752470264
-15.750455404064674 -14.236864595935327
-15.771191181785252 -14.260048818214747
-15.775961111756411 -14.265518888243589
-15.797210580831281 -14.288169419168717
-15.81790339373978 -14.311316606260219
-15.822772473860265 -14.316887526139734
-15.843980239534162 -14.339499760465838
-15.864620059564352 -14.362599940435647
-15.86953896097191 -14.36828103902809
-15.890704984921737 -14.39085501507826
-15.911321126555968 -14.413878873444029
-15.916339089647163 -14.419660910352833
-15.937472792804549 -14.44214720719545
-15.958016541244517 -14.465163458755482
-15.963133557031977 -14.471046442968026
-15.984196091951262 -14.493523908048742
-16.00471624937691 -14.516463750623094
-16.00991230874119 -14.52242769125881
-16.030933073926 -14.544866926074004
-16.051439797382148 -14.567740202617852
-16.05669528958765 -14.573824710412351
-16.077693904832607 -14.596186095167397
-16.098118001369304 -14.619041998630696
-16.10347244356541 -14.625227556434591
-16.12441932981736 -14.647540670182638
-16.144800331910528 -14.67035966808947
-16.15024371383248 -14.676636286167515
-16.171119065919335 -14.698940934080666
-16.19147673146466 -14.721683268535344
-16.197009042693146 -14.728050957306856
-16.217862419934058 -14.750277580065937
-16.238147141621894 -14.773012858378104
-16.243768371579737 -14.779471628420264
-16.26454002573364 -14.80167997426636
-16.284801503085202 -14.824338496914798
-16.290481643347572 -14.830918356652429
-16.311241418644837 -14.853058581355164
-16.331459755651192 -14.87568024434881
-16.33722871414636 -14.882351285853645
-16.357936672994644 -14.904443327005358
-16.378111838190474 -14.927028161809528
-16.383959603054944 -14.933780396945059
-16.40462572719526 -14.95583427280474
-16.424747688627466 -14.978372311372539
-16.430694247813417 -14.985225752186587
-16.451318518702646 -15.007241481297351
-16.471397243919615 -15.029742756080385
-16.477422585190848 -15.036677414809155
-16.498004983995475 -15.058655016004524
-16.518060824188474 -15.081079175811528
-16.52413455096381 -15.088125449036186
-16.54466505855348 -15.11005494144652
-16.564677678865728 -15.132442321134278
-16.570860079894324 -15.13959992010568
-16.59133867683519 -15.16148132316481
-16.611298044105865 -15.183821955894134
-16.617528537883743 -15.191091462116256
-16.637995772255028 -15.212904227744975
-16.657911852792466 -15.235208147207533
-16.664230908564384 -15.242569091435614
-16.68465627715974 -15.26434372284026
-16.704529036729383 -15.286610963270617
-16.710916639486374 -15.294043360513626
-16.73130012280414 -15.315779877195864
-16.751119526616144 -15.338000473383854
-16.757605661105217 -15.345534338894787
-16.77794723932614 -15.367232760673865
-16.79772325202262 -15.389416747977377
-16.804297902741137 -15.397042097258861
-16.824587555721045 -15.418692444278953
-16.844310141362946 -15.440829858637054
-16.850963292552844 -15.448536707447161
-16.8712109998151 -15.4701490001849
-16.890890121868647 -15.492249878131352
-16.89762175751047 -15.500038242489534
-16.917827498238207 -15.521612501761789
-16.93746311956099 -15.543676880439012
-16.944262042545922 -15.55159795745408
-16.964446976395866 -15.57309302360413
-16.98403905922247 -15.595120940777532
-16.99090634261597 -15.603113657384032
-17.011049358440232 -15.62457064155977
-17.030597864367447 -15.646562135632552
-17.037553490335714 -15.654646509664289
-17.0576445672403 -15.676055432759696
-17.077180893017367 -15.697979106982636
-17.084193407617086 -15.706186592382917
-17.10424252435119 -15.727557475648808
-17.123735288433586 -15.749444711566412
-17.130816015035073 -15.757723984964926
-17.15083314998245 -15.779066850017553
-17.170272313000687 -15.800907686999311
-17.177441231795328 -15.80927876820467
-17.197406362965392 -15.830573637034608
-17.2168118848664 -15.852388115133602
-17.22405897570075 -15.860841024299248
-17.243982080719416 -15.882097919280586
-17.263333920749727 -15.903866079250273
-17.270659163117024 -15.912400836882973
-17.290540219217228 -15.933619780782768
-17.309848335905674 -15.955351664094328
-17.31726170893706 -15.96397829106294
-17.337100692949008 -15.985159307050994
-17.35636504408881 -16.00685495591119
-17.363856526544296 -16.015563473455707
-17.383621347787688 -16.03673865221231
-17.402863957515702 -16.0583560424843
-17.410411386910432 -16.06718861308957
-17.430156128241716 -16.088283871758282
-17.4493649868261 -16.1098750131739
-17.456990380063537 -16.118789619936464
-17.476692976962106 -16.13984702303789
-17.49585804104287 -16.161401958957132
-17.50355137453012 -16.170388625469887
-17.523221802105322 -16.191418197894677
-17.542343027530617 -16.212936972469386
-17.550114277242752 -16.222005722757252
-17.569742510147258 -16.242997489852737
-17.588809851952927 -16.264470148047074
-17.596668993421808 -16.273631006578192
-17.61625500583976 -16.294584994160235
-17.635278418228197 -16.31602158177181
-17.643215426530897 -16.3252645734691
-17.662749192165663 -16.346170807834344
-17.68173862848395 -16.367581371516053
-17.689743478230824 -16.376896521769176
-17.70924497029231 -16.397775029707688
-17.72818038300966 -16.419139616990336
-17.736273048331956 -16.42854695166804
-17.75572223952356 -16.44937776047644
-17.774656542519452 -16.47068345748055
-17.78276104249324 -16.480238957506753
-17.80220089725004 -16.500999102749958
-17.82109119055565 -16.522268809444345
-17.829273229113074 -16.531906770886923
-17.848680838897785 -16.552639161102213
-17.86752707357094 -16.573872926429065
-17.875766620589005 -16.583573379410993
-17.89513195787503 -16.60426804212497
-17.913934084023808 -16.625465915976193
-17.922261108793283 -16.635258891206714
-17.94158414551717 -16.655915854482824
-17.960342112273857 -16.677077887726146
-17.968736583483125 -16.686943416516876
-17.98801729102977 -16.70756270897023
-18.006741046523864 -16.728698953476137
-18.015212932242225 -16.738647067757782
-18.034461281429532 -16.75923871857047
-18.05313077275981 -16.780329227240195
-18.06168004042016 -16.790359959579845
-18.08087600148317 -16.810903998516828
-18.09951117468872 -16.831968825311282
-18.10809398301278 -16.842106016987223
-18.127291333644063 -16.862588666355933
-18.14588213367428 -16.88361786632572
-18.15457606488145 -16.89380393511855
-18.173697157986606 -16.914282842013396
-18.19224352867008 -16.935276471329914
-18.200990685917237 -16.945589314082763
-18.220103352138132 -16.965996647861875
-18.238605236150406 -16.9869547638496
-18.247409512869446 -16.997330487130554
-18.266445579104534 -17.01773442089546
-18.284947130038425 -17.038632869961578
-18.293818488555022 -17.04908151144498
-18.31282200807355 -17.06945799192645
-18.33126908163175 -17.09031091836825
-18.34023748348273 -17.100862516517267
-18.35918842264587 -17.121191577354125
-18.37760095952512 -17.14201904047488
-18.386626365435138 -17.152633634564864
-18.40554468989209 -17.17293531010791
-18.42391262953017 -17.19372737046983
-18.43298029935728 -17.20445970064272
-18.451890674054134 -17.224689325945864
-18.47021395459211 -17.245446045407885
-18.479358413332033 -17.25626158666796
-18.49822623646021 -17.276453763539788
-18.51653972267327 -17.297140277326733
-18.52575096864708 -17.30802903135292
-18.54455123543639 -17.328228764563605
-18.562795006812678 -17.34892499318732
-18.572072911361623 -17.359887088638377
-18.590865526214753 -17.38001447378525
-18.609099648947492 -17.400640351052505
-18.618419004239346 -17.411720995760657
-18.637168960837847 -17.431811039162152
-18.655358304264706 -17.452401695735293
-18.66475412686605 -17.46356587313395
-18.683461388059385 -17.483618611940614
-18.70161588519713 -17.50418411480287
-18.71106812543931 -17.515411874560694
-18.729742653240887 -17.535437346759114
-18.747852235594234 -17.555967764405768
-18.757380842683546 -17.567279157316456
-18.776012598244137 -17.587267401755863
-18.794087195757506 -17.607772804242497
-18.803672117739175 -17.619147882260826
-18.822271061319213 -17.639108938680785
-18.84030060232648 -17.659579397673514
-18.84997178604715 -17.671048213952847
-18.86852787698789 -17.69097212301211
-18.886512288160052 -17.71140771183995
-18.896203549381543 -17.722976450618457
-18.91476287592214 -17.74283712407786
-18.93271208221275 -17.763247917787247
-18.942479340803892 -17.774900659196103
-18.960985884817514 -17.794714115182483
-18.978899809405842 -17.81510019059416
-18.988723006087696 -17.826816993912306
-19.007196726261142 -17.84660327373886
-19.025065290492844 -17.866954709507155
-19.034964364566342 -17.878755635433656
-19.053405218594005 -17.898514781405993
-19.071228341919262 -17.918831658080737
-19.08118323121712 -17.930696768782873
-19.09958117576728 -17.950418824232717
-19.117368775676205 -17.970711224323793
-19.127399416512706 -17.98266058348729
-19.145754407192342 -18.002345592807657
-19.163496399147544 -18.02260360085246
-19.1735656329615 -18.03467436703851
-19.191887585525915 -18.054332414474082
-19.209631014950247 -18.07452898504975
-19.219792961468563 -18.086627038531436
-19.23807190679745 -18.10624809320255
-19.2557324207676 -18.126447579232398
-19.265959918120487 -18.138620081879512
-19.284168295851195 -18.158251704148807
-19.30183040917478 -18.17838959082522
-19.312085778928385 -18.190674221071617
-19.330298447031687 -18.210241552968313
-19.347914767456476 -18.23034523254352
-19.35823536853669 -18.24270463146331
-19.376404842885584 -18.262235157114418
-19.393975277416065 -18.282304722583937
-19.404371032980073 -18.29474896701993
-19.42249726196367 -18.314242738036327
-19.440031715175813 -18.334288284824186
-19.450482546366022 -18.34679745363398
-19.468575477016124 -18.36626452298388
-19.486073850967678 -18.386286149032323
-19.496589676836983 -18.398870323163013
-19.514649254777577 -18.418310745222424
-19.532111448914065 -18.43830855108593
-19.54264366099875 -18.450996339001254
-19.56069835574187 -18.470361644258126
-19.578114266798035 -18.490325733201963
-19.58872111288363 -18.50309888711637
-19.60674253392584 -18.52243746607416
-19.62415089828463 -18.54232910171537
-19.634773444943658 -18.555206555056337
-19.65276153662149 -18.57451846337851
-19.670133600420495 -18.594386399579506
-19.680820399031063 -18.607339600968935
-19.698765104135862 -18.626614895864144
-19.71610075875072 -18.646459241249282
-19.726851709800602 -18.6594882901994
-19.74475296951783 -18.67872703048217
-19.76205210326424 -18.69854789673576
-19.772857104425576 -18.711642895574418
-19.790734858271026 -18.730865141728973
-19.80798735628275 -18.750652643717245
-19.818856302299302 -18.763823697700698
-19.836690488052 -18.783009511948006
-19.85390623215256 -18.802773767847444
-19.864839014721063 -18.81602098527894
-19.882639568352676 -18.83518043164733
-19.899808436920303 -18.854911563079693
-19.910804944565637 -18.868235055434365
-19.928561800166154 -18.88735819983384
-19.945693667991616 -18.907066332008387
-19.956743785935256 -18.920456214064746
-19.974466875634707 -18.93955312436529
-19.991561613771445 -18.959238386228556
-20.00264461501189 -18.972755384988112
-20.020323819257626 -18.99181618074238
-20.037421953284994 -19.011438046715
-20.048548095361525 -19.025011904638475
-20.066193390813872 -19.044046609186125
-20.083254355777864 -19.063645644222138
-20.09444350878464 -19.07729649121536
-20.112054821151077 -19.096305178848922
-20.12906848029401 -19.11587151970599
-20.140310510284156 -19.12958948971584
-20.157887762952452 -19.148572237047553
-20.174863975230064 -19.168116024769937
-20.186168744037595 -19.181911255962405
-20.203711857973182 -19.20086814202682
-20.220640477864283 -19.220379522135715
-20.232007842915813 -19.23425215708419
-20.24950673655329 -19.25317326344671
-20.2663976138584 -19.2726623861416
-20.27781742797392 -19.28660257202608
-20.295282017102206 -19.305497982897794
-20.312134996730418 -19.32496500326958
-20.323574793342516 -19.339025206657485
-20.34104730555308 -19.357852694446926
-20.3578622272963 -19.3772977727037
-20.369353900877297 -19.3914260991227
-20.386792194784576 -19.41022780521543
-20.403568893078177 -19.42965110692182
-20.41511227586491 -19.443847724135097
-20.432516264007816 -19.46262373599218
-20.449244567676725 -19.482015432323276
-20.46084948619036 -19.49629051380964
-20.478209078115817 -19.51503092188418
-20.494908810104903 -19.5344111898951
-20.50655508487481 -19.54874491512519
-20.523880186992564 -19.56745981300744
-20.540541164080192 -19.58681883591981
-20.552248609350407 -19.601231390649595
-20.56952912477869 -19.619910875221308
-20.586151157272067 -19.639248842727934
-20.59791958068902 -19.653740419310978
-20.61516540909035 -19.672394590909647
-20.63173830050125 -19.691701699498747
-20.643557502781288 -19.706262497218717
-20.660778540187536 -19.724901459812465
-20.677312086886875 -19.744187913113127
-20.68918186146191 -19.75881813853809
-20.706368000087874 -19.777431999912128
-20.72286199093735 -19.796698009062652
-20.734737224514834 -19.811442775485165
-20.751888287577014 -19.830031712422983
-20.768377467580397 -19.849222532419606
-20.78030251722255 -19.864037482777444
-20.797418452157544 -19.882601547842455
-20.81386795112709 -19.90177204887291
-20.825852578537567 -19.916667421462435
-20.842923264801428 -19.935196735198577
-20.859342854164435 -19.954357145835562
-20.87137681179626 -19.969323188203735
-20.888412124143205 -19.987827875856798
-20.904791566370314 -20.006968433629687
-20.916874596915715 -20.02200540308428
-20.933874405137544 -20.040485594862453
-20.95021345324403 -20.059606546755973
-20.962345289087533 -20.074714710912467
-20.97930945773422 -20.09317054226578
-20.99559785474506 -20.11226214525494
-21.00777821737655 -20.127441782623446
-21.024706605456274 -20.145873394543727
-21.040954083831682 -20.164945916168318
-21.053145373054438 -20.180254626945562
-21.07008514387259 -20.19861485612741
-21.086291424890398 -20.2176685751096
-21.09853026953449 -20.233049730465517
-21.115434338955115 -20.251385661044885
-21.13159913204597 -20.27042086795403
-21.143885207001134 -20.285874792998865
-21.16074342530992 -20.30417657469008
-21.176876427340805 -20.323203572659192
-21.18920939334108 -20.338730606658917
-21.20603160427003 -20.35700839572997
-21.222122498771164 -20.376017501228834
-21.234492001517562 -20.391607998482435
-21.251288041836624 -20.409871958163375
-21.267326498166106 -20.428853501833892
-21.27975216737819 -20.44452783262181
-21.29651186645359 -20.462768133546408
-21.312507538893605 -20.4817324611064
-21.324978987282755 -20.497481012717248
-21.34169216659865 -20.515687833401344
-21.3577046919045 -20.534595308095497
-21.37016151553255 -20.55045848446745
-21.386847988172246 -20.568652011827755
-21.402817442153378 -20.58754255784663
-21.41526810812072 -20.60353189187928
-21.431917588396022 -20.62170241160398
-21.447884330512682 -20.640515669487314
-21.46038856092938 -20.65659143907062
-21.477000930489748 -20.67473906951025
-21.492924290107727 -20.69353570989227
-21.505471589183202 -20.7096884108168
-21.522046632188747 -20.727813367811255
-21.537926200890997 -20.746593799109007
-21.550506047766003 -20.76281395223399
-21.567043537392557 -20.78091646260744
-21.582888885860218 -20.799691114139783
-21.59551073279747 -20.81598926720252
-21.61201043043853 -20.834069569561468
-21.627811106923573 -20.852828893076428
-21.64047437732699 -20.869205622673014
-21.65693603171956 -20.88726396828044
-21.67269156037094 -20.90600843962906
-21.685385646613266 -20.922454353386733
-21.701808992878583 -20.940491007121416
-21.71751887190439 -20.959221128095617
-21.730208835710044 -20.975811164289958
-21.746657891528777 -20.993782108471226
-21.76232159117423 -21.01249840882577
-21.77509534991101 -21.029104650088993
-21.79144122544095 -21.047098774559053
-21.807058185759313 -21.065801814240686
-21.81988072615796 -21.08249927384204
-21.83618740613094 -21.10047259386906
-21.851767034520684 -21.119172965479315
-21.86455146658122 -21.135988533418782
-21.88088475176956 -21.153895248230434
-21.8964064202472 -21.172573579752804
-21.909237415519122 -21.18948258448088
-21.925531479325493 -21.207368520674507
-21.941004521498552 -21.226035478501448
-21.953871201690223 -21.243028798309776
-21.970125695837236 -21.26089430416277
-21.98554940353608 -21.279550596463913
-21.998450834722927 -21.29662916527707
-22.014665388693192 -21.31447461130681
-22.030049008213474 -21.333130991786525
-22.04296419578088 -21.350275804219116
-22.05914841477851 -21.368111585221488
-22.074481142677797 -21.3867588573222
-22.08742902565744 -21.403990974342555
-22.10351266016244 -21.421867339837558
-22.11885346670518 -21.44044653329482
-22.13177242629564 -21.457827573704357
-22.147864535398618 -21.47561546460138
-22.163163478463908 -21.494196521536086
-22.176111954231562 -21.511668045768435
-22.19217236757968 -21.529447632420325
-22.20741849845959 -21.548021501540415
-22.22038515208542 -21.56557484791458
-22.23640335137113 -21.583336648628872
-22.251595651370266 -21.60190434862973
-22.264579044596452 -21.619540955403554
-22.2805644724289 -21.637295527571098
-22.295701845422585 -21.65585815457742
-22.308710429291523 -21.67358957070848
-22.32465248494583 -21.691327515054173
-22.339733748889294 -21.7098862511107
-22.352755851446165 -21.72770414855384
-22.36865388599941 -21.74542611400059
-22.38368776320163 -21.763992236798373
-22.396731575383388 -21.781908424616613
-22.412594886125667 -21.799625113874338
-22.427559992060615 -21.818180007939382
-22.44062355143371 -21.83619644856629
-22.456431375417587 -21.85388862458241
-22.471346205795086 -21.872453794204915
-22.48442737772682 -21.89057262227318
-22.500188884287205 -21.908251115712794
-22.51505180004044 -21.92682819995956
-22.528058666892296 -21.9451013331077
-22.543852537827338 -21.962707462172663
-22.558651747591743 -21.98128825240826
-22.571670054665898 -21.9996699453341
-22.587417002449072 -22.01726299755093
-22.602150542000352 -22.035849457999646
-22.615177413540934 -22.054342586459065
-22.630876423134588 -22.071923576865412
-22.64555213111513 -22.090527868884873
-22.65857439783413 -22.109125602165868
-22.67423434920594 -22.126705650794054
-22.68883983828649 -22.145320161713506
-22.701853993659704 -22.164026006340293
-22.717388089538197 -22.1816719104618
-22.73199626831362 -22.200223731686382
-22.744998416139968 -22.219041583860033
-22.76048915434452 -22.23669084565548
-22.775023194361328 -22.25525680563867
-22.788018985351865 -22.274201014648142
-22.80345470208998 -22.291845297910022
-22.81791142091825 -22.31042857908175
-22.830815342951066 -22.329584657048937
-22.84627480062666 -22.34714519937334
-22.860660616284413 -22.365759383715584
-22.87353573805364 -22.385044261946362
-22.888938248827827 -22.40260175117217
-22.90323910587557 -22.421240894124427
-22.916079008375853 -22.44066099162415
-22.931432337444736 -22.458227662555267
-22.945653614524698 -22.4769063854753
-22.958450961592668 -22.496469038407337
-22.973742548712277 -22.51403745128772
-22.987868941501645 -22.53275105849836
-23.00062528530182 -22.55247471469818
-23.015852174365033 -22.57004782563497
-23.029887545450173 -22.588812454549824
-23.042583075497596 -22.608696924502404
-23.057751823227296 -22.626288176772707
-23.071669006705875 -22.645090993294126
-23.084302221007714 -22.66515777899229
-23.099398776662078 -22.682761223337916
-23.113209319585465 -22.70163068041453
-23.125676586168495 -22.721803413831502
-23.125646844540544 -22.721973155459455
-23.140776130154684 -22.739503869845315
-23.15445994392191 -22.75844005607809
-23.16675490450364 -22.77874509549636
-23.16690490450364 -22.77889509549636
-23.181851627331124 -22.79654837266888
-23.195406507477575 -22.81557349252243
-23.207499247752928 -22.83602075224707
-23.207719247752927 -22.83624075224707
-23.22258603995044 -22.85393396004956
-23.235986988024248 -22.873053011975752
-23.247862852238978 -22.893677147761018
-23.24804928862562 -22.894090711374375
-23.26281634446805 -22.911823655531947
-23.276169094812737 -22.930950905187267
-23.287776938482526 -22.951763061517468
-23.288047291705038 -22.952272708294963
-23.30270412527268 -22.97005587472732
-23.315866371085573 -22.98931362891443
-23.327322625010748 -23.010257374989255
-23.327529049924824 -23.010970950075183
-23.342070888918585 -23.028829111081418
-23.35501215968333 -23.048247840316673
-23.365989601431213 -23.06961039856879
-23.366384082449102 -23.070275917550898
-23.38078099485708 -23.088219005142925
-23.393469797342842 -23.10785020265716
-23.404166856729262 -23.129433143270738
-23.404494438589733 -23.130345561410273
-23.4187283975379 -23.148411602462097
-23.431105681912488 -23.16831431808751
-23.44112176166468 -23.19051823833532
-23.441491287753216 -23.19152871224679
-23.455671008207837 -23.209588991792167
-23.467637627748086 -23.229842372251916
-23.477138736398864 -23.252521263601135
-23.477362093300624 -23.253817906699375
-23.49128935783164 -23.27209064216836
-23.50270901480724 -23.29285098519276
-23.51124379192206 -23.316436208077942
-23.511671610853774 -23.317688389146227
-23.525028653281044 -23.336491346718955
-23.535618535894113 -23.35802146410589
-23.542630756931118 -23.383089243068884
-23.542784223418217 -23.38475577658178
-23.55573289037663 -23.403907109623372
-23.564856444138112 -23.42684355586189
-23.568788685020035 -23.454931314979966
-23.568724224129834 -23.456995775870162