# sss file
-1.57080 3.14159
1.57080 3.14159
2.12903 1.98175
2.36822 1.51416
1.95202 1.51416
1.72363 1.98175
1.68011 1.98197
1.91956 1.51388
1.50336 1.51388
1.27483 1.98175
1.34781 1.98197
1.50945 1.65870
1.76762 1.66076
1.66907 1.85786
1.47447 1.85786
1.66907 1.85786
1.76762 1.66076
1.50945 1.65870
1.34781 1.98197
1.23143 1.98175
1.47076 1.51388
1.05456 1.51388
0.82603 1.98175
1.15821 1.98197
1.31985 1.65870
1.05962 1.66076
0.96107 1.85786
1.15567 1.85786
0.96107 1.85786
1.05962 1.66076
1.31985 1.65870
1.15821 1.98197
0.78263 1.98175
1.02182 1.51416
0.60562 1.51416
0.37723 1.98175
0.45021 1.98197
0.61185 1.65870
0.87002 1.66076
0.77147 1.85786
0.57687 1.85786
0.77147 1.85786
0.87002 1.66076
0.61185 1.65870
0.45021 1.98197
0.33383 1.98175
0.57302 1.51416
0.15682 1.51416
-0.07157 1.98175
0.26061 1.98197
0.42225 1.65870
0.16202 1.66076
0.06347 1.85786
0.25807 1.85786
0.06347 1.85786
0.16202 1.66076
0.42225 1.65870
0.26061 1.98197
-0.11497 1.98175
0.12422 1.51416
-0.29184 1.51388
-0.52037 1.98175
-0.44739 1.98197
-0.28575 1.65870
-0.02758 1.66076
-0.12613 1.85786
-0.32073 1.85786
-0.12613 1.85786
-0.02758 1.66076
-0.28575 1.65870
-0.44739 1.98197
-0.56377 1.98175
-0.32458 1.51416
-0.74078 1.51416
-0.96917 1.98175
-0.63699 1.98197
-0.47535 1.65870
-0.73558 1.66076
-0.83413 1.85786
-0.63953 1.85786
-0.83413 1.85786
-0.73201 1.66102
-0.47535 1.65870
-0.63699 1.98197
-1.01257 1.98175
-0.77338 1.51416
-1.18944 1.51388
-1.41797 1.98175
-1.34499 1.98197
-1.18335 1.65870
-0.92518 1.66076
-1.02373 1.85786
-1.21833 1.85786
-1.02373 1.85786
-0.92518 1.66076
-1.18335 1.65870
-1.34499 1.98197
-1.46137 1.98175
-1.22218 1.51416
-1.63824 1.51388
-1.86677 1.98175
-1.53459 1.98197
-1.37295 1.65870
-1.63318 1.66076
-1.73173 1.85786
-1.53713 1.85786
-1.73173 1.85786
-1.63318 1.66076
-1.37295 1.65870
-1.53459 1.98197
-1.91017 1.98175
-1.67098 1.51416
-2.08704 1.51388
-2.31557 1.98175
-2.24259 1.98197
-2.08095 1.65870
-1.82278 1.66076
-1.92133 1.85786
-2.11593 1.85786
-1.92133 1.85786
-1.82278 1.66076
-2.08095 1.65870
-2.24259 1.98197
-2.35897 1.98175
-2.11964 1.51388
-2.53584 1.51388
-2.76989 1.98197
-2.43219 1.98197
-2.27055 1.65870
-2.53078 1.66076
-2.62933 1.85786
-2.43473 1.85786
-2.62933 1.85786
-2.53078 1.66076
-2.27055 1.65870
-2.43219 1.98197
-2.80777 1.98175
-2.56844 1.51388
-2.98464 1.51388
-3.21317 1.98175
-3.14019 1.98197
-2.97855 1.65870
-2.72038 1.66076
-2.81893 1.85786
-3.01353 1.85786
-2.81893 1.85786
-2.72038 1.66076
-2.97855 1.65870
-3.14019 1.98197
-3.25657 1.98175
-3.01738 1.51416
-3.43344 1.51388
-3.66197 1.98175
-3.32979 1.98197
-3.16815 1.65870
-3.42838 1.66076
-3.52693 1.85786
-3.33233 1.85786
-3.52693 1.85786
-3.42838 1.66076
-3.16815 1.65870
-3.32979 1.98197
-3.70537 1.98175
-3.46604 1.51388
-3.87658 1.51416
-4.11077 1.98175
-4.03938 1.98515
-3.87615 1.65870
-3.61798 1.66076
-3.71653 1.85786
-3.91113 1.85786
-3.71653 1.85786
-3.61798 1.66076
-3.87615 1.65870
-4.03779 1.98197
-4.22739 1.98197
-4.06575 1.65870
-4.32598 1.66076
-4.42453 1.85786
-4.22993 1.85786
-4.42453 1.85786
-4.32241 1.66102
-4.06575 1.65870
-4.22739 1.98197
-4.29979 1.98197
-4.37479 1.98197
-4.44039 1.98197
-4.50299 1.98197
-4.58139 1.98197
-4.64859 1.98197
-4.77619 1.98197
-4.85999 1.98197
-4.93529 1.98197
-5.00837 1.98175
-5.12499 1.98197
-5.30029 1.98197
-5.47339 1.98197
-5.62119 1.98197
-5.77719 1.98197
-5.95589 1.98197
-6.11179 1.98197
-6.26569 1.98197
-6.45379 1.98197
-6.61449 1.98197
-6.82169 1.98197
-7.06739 1.98197
-7.32499 1.98197
-7.56319 1.98197
-7.74059 1.98197
-8.00549 1.98197
-8.24439 1.98197
-8.48529 1.98197
-8.67924 1.98288
-8.87669 1.98197
-9.17539 1.98197
-9.38769 1.98197
-9.51819 1.98197
-9.73039 1.98197
-10.02309 1.98197
-10.25789 1.98197
-10.30839 1.98197
-10.35794 1.98288
-10.41579 1.98197
-9.97362 1.09743
-9.97453 1.09925
-9.97513 1.10107
-9.97546 1.10252
-9.97550 1.10361
-9.97517 1.10433
-9.97437 1.10433
-9.97320 1.10361
-9.97168 1.10216
-9.96997 1.10034
-9.96810 1.09780
-9.96596 1.09451
-9.96373 1.09086
-9.96143 1.08645
-9.95932 1.08204
-9.95760 1.07760
-9.95589 1.07278
-9.95484 1.06868
-9.95398 1.06457
-9.95380 1.06119
-9.95427 1.05894
-9.95542 1.05743
-9.95733 1.05706
-9.95999 1.05819
-9.96303 1.06007
-9.96701 1.06382
-9.97115 1.06831
-9.97575 1.07389
-9.98076 1.08093
-9.98583 1.08866
-9.99120 1.09780
-9.99603 1.10687
-10.00069 1.11659
-10.00492 1.12624
-10.00843 1.13546
-10.01123 1.14426
-10.01288 1.15196
-10.01376 1.15891
-10.01333 1.16445
-10.01182 1.16825
-10.00916 1.17032
-10.00543 1.17066
-10.00084 1.16928
-9.99532 1.16584
-9.98885 1.16030
-9.98163 1.15265
-9.97383 1.14285
-9.96568 1.13156
-9.95737 1.11874
-9.94923 1.10506
-9.94126 1.09012
-9.93372 1.07463
-9.92687 1.05894
-9.92081 1.04341
-9.91602 1.02883
-9.91232 1.01524
-9.90993 1.00305
-9.90906 0.99273
-9.90996 0.98512
-9.91285 0.98069
-9.91714 0.97867
-9.92314 0.97988
-9.93056 0.98391
-9.93937 0.99113
-9.94973 1.00187
-9.96092 1.01524
-9.97258 1.03076
-9.98487 1.04874
-9.99697 1.06793
-10.00885 1.08829
-10.01992 1.10903
-10.02979 1.12979
-10.03851 1.15021
-10.04561 1.16963
-10.05090 1.18741
-10.05414 1.20327
-10.05532 1.21664
-10.05432 1.22724
-10.05094 1.23448
-10.04541 1.23841
-10.03787 1.23874
-10.02869 1.23579
-10.01774 1.22888
-10.00562 1.21863
-9.99221 1.20462
-9.97810 1.18741
-9.96361 1.16722
-9.94873 1.14426
-9.93413 1.11945
-9.92021 1.09342
-9.90703 1.06607
-9.89502 1.03845
-9.88436 1.01093
-9.87556 0.98472
-9.86856 0.96032
-9.86396 0.93871
-9.86184 0.92048
-9.86243 0.90627
-9.86615 0.89711
-9.87268 0.89316
-9.88204 0.89448
-9.89370 0.90061
-9.90796 0.91232
-9.92451 0.92943
-9.94251 0.95082
-9.96172 0.97624
-9.98161 1.00503
-10.00119 1.03538
-10.02028 1.06756
-10.03799 1.09998
-10.05421 1.13263
-10.06825 1.16411
-10.07989 1.19418
-10.08851 1.22162
-10.09422 1.24625
-10.09627 1.26693
-10.09491 1.28321
-10.09057 1.29554
-10.08288 1.30277
-10.07212 1.30465
-10.05870 1.30120
-10.04290 1.29239
-10.02512 1.27844
-10.00613 1.25986
-9.98576 1.23612
-9.96495 1.20830
-9.94395 1.17649
-9.92330 1.14180
-9.90307 1.10433
-9.88396 1.06532
-9.86608 1.02496
-9.85026 0.98512
-9.83652 0.94624
-9.82547 0.90973
-9.81725 0.87629
-9.81219 0.84718
-9.81098 0.82376
-9.81418 0.80795
-9.82140 0.79921
-9.83306 0.79872
-9.84851 0.80602
-9.86793 0.82186
-9.89043 0.84486
-9.91577 0.87495
-9.94247 0.90973
-9.97028 0.94916
-9.99787 0.99113
-10.02489 1.03538
-10.05019 1.08019
-10.07323 1.12445
-10.09365 1.16791
-10.11042 1.20864
-10.12349 1.24657
-10.13218 1.28035
-10.13617 1.30934
-10.13564 1.33287
-10.13075 1.35090
-10.12155 1.36271
-10.10801 1.36723
-10.09096 1.36512
-10.07058 1.35576
-10.04776 1.33992
-10.02301 1.31743
-9.99696 1.28892
-9.97008 1.25436
-9.94292 1.21464
-9.91586 1.17032
-9.88964 1.12267
-9.86460 1.07240
-9.84096 1.01992
-9.81924 0.96688
-9.80004 0.91448
-9.78343 0.86367
-9.76997 0.81613
-9.76066 0.77392
-9.75627 0.73893
-9.75705 0.71271
-9.76319 0.69619
-9.77548 0.69115
-9.79373 0.69785
-9.81766 0.71651
-9.84647 0.74574
-9.87911 0.78443
-9.91382 0.82944
-9.94993 0.87987
-9.98645 0.93450
-10.02197 0.99113
-10.05567 1.04874
-10.08615 1.10470
-10.11382 1.16065
-10.13689 1.21298
-10.15519 1.26179
-10.16779 1.30559
-10.17495 1.34390
-10.17626 1.37593
-10.17174 1.40088
-10.16144 1.41789
-10.14571 1.42662
-10.10427 1.41935
-10.05050 1.38101
-9.99466 1.32053
-9.92135 1.21331
-9.86566 1.11012
-9.81326 0.99313
-9.77763 0.89886
-9.74962 0.81085
-9.72940 0.72620
-9.72432 0.69003
-9.71436 0.63512
-9.74086 0.63512
-9.75906 0.63512
-9.80348 0.67756
-9.84332 0.72245
-9.90402 0.80165
-9.95280 0.87180
-10.00154 0.94708
-10.04016 1.01132
-10.07710 1.07760
-10.09125 1.10470
-10.14002 1.20964
-10.16522 1.28004
-10.17596 1.32331
-10.18065 1.36211
-10.17964 1.38488
-10.17292 1.40764
-10.15363 1.42226
-10.13913 1.42865
-10.18188 1.51416
-10.41579 1.98197
-10.45843 1.98265
-10.86459 1.98197
-11.21849 1.98197
-11.31339 1.98197
-10.87122 1.09743
-10.87213 1.09925
-10.87273 1.10107
-10.87306 1.10252
-10.87310 1.10361
-10.87277 1.10433
-10.87197 1.10433
-10.87080 1.10361
-10.86928 1.10216
-10.86757 1.10034
-10.86570 1.09780
-10.86346 1.09451
-10.86133 1.09086
-10.85903 1.08645
-10.85692 1.08204
-10.85520 1.07760
-10.85349 1.07278
-10.85244 1.06868
-10.85158 1.06457
-10.85140 1.06119
-10.85187 1.05894
-10.85302 1.05743
-10.85493 1.05706
-10.85759 1.05819
-10.86063 1.06007
-10.86461 1.06382
-10.86875 1.06831
-10.87335 1.07389
-10.87836 1.08093
-10.88343 1.08866
-10.88880 1.09780
-10.89363 1.10687
-10.89829 1.11659
-10.90252 1.12624
-10.90603 1.13546
-10.90883 1.14426
-10.91048 1.15196
-10.91136 1.15891
-10.91093 1.16445
-10.90942 1.16825
-10.90676 1.17032
-10.90303 1.17066
-10.89844 1.16928
-10.89292 1.16584
-10.88645 1.16030
-10.87923 1.15265
-10.87143 1.14285
-10.86328 1.13156
-10.85497 1.11874
-10.84683 1.10506
-10.83876 1.09012
-10.83132 1.07463
-10.82447 1.05894
-10.81841 1.04341
-10.81362 1.02883
-10.80992 1.01524
-10.80753 1.00305
-10.80666 0.99273
-10.80756 0.98512
-10.81045 0.98069
-10.81474 0.97867
-10.82074 0.97988
-10.82816 0.98391
-10.83697 0.99113
-10.84733 1.00187
-10.85852 1.01524
-10.87018 1.03076
-10.88247 1.04874
-10.89457 1.06793
-10.90645 1.08829
-10.91742 1.10903
-10.92739 1.12979
-10.93611 1.15021
-10.94321 1.16963
-10.94850 1.18741
-10.95174 1.20327
-10.95292 1.21664
-10.95192 1.22724
-10.94854 1.23448
-10.94301 1.23841
-10.93547 1.23874
-10.92629 1.23579
-10.91534 1.22888
-10.90322 1.21863
-10.88981 1.20462
-10.87570 1.18741
-10.86121 1.16722
-10.84633 1.14426
-10.83173 1.11945
-10.81781 1.09342
-10.80463 1.06607
-10.79262 1.03845
-10.78196 1.01093
-10.77316 0.98472
-10.76616 0.96032
-10.76156 0.93871
-10.75944 0.92048
-10.76003 0.90627
-10.76375 0.89711
-10.77028 0.89316
-10.77964 0.89448
-10.79130 0.90061
-10.80556 0.91232
-10.82211 0.92943
-10.84011 0.95082
-10.85932 0.97624
-10.87921 1.00503
-10.89879 1.03538
-10.91788 1.06756
-10.93559 1.09998
-10.95181 1.13263
-10.96585 1.16411
-10.97749 1.19418
-10.98611 1.22162
-10.99182 1.24625
-10.99387 1.26693
-10.99251 1.28321
-10.98817 1.29554
-10.98048 1.30277
-10.96972 1.30465
-10.95630 1.30120
-10.94050 1.29239
-10.92272 1.27844
-10.90373 1.25986
-10.88336 1.23612
-10.86255 1.20830
-10.84155 1.17649
-10.82090 1.14180
-10.80067 1.10433
-10.78156 1.06532
-10.76368 1.02496
-10.74786 0.98512
-10.73412 0.94624
-10.72307 0.90973
-10.71485 0.87629
-10.70979 0.84718
-10.70848 0.82376
-10.71178 0.80795
-10.71900 0.79921
-10.73066 0.79872
-10.74611 0.80602
-10.76553 0.82186
-10.78803 0.84486
-10.81337 0.87495
-10.84007 0.90973
-10.86788 0.94916
-10.89547 0.99113
-10.92249 1.03538
-10.94779 1.08019
-10.97083 1.12445
-10.99125 1.16791
-11.00802 1.20864
-11.02109 1.24657
-11.02978 1.28035
-11.03377 1.30934
-11.03324 1.33287
-11.02835 1.35090
-11.01915 1.36271
-11.00561 1.36723
-10.98856 1.36512
-10.96818 1.35576
-10.94536 1.33992
-10.92061 1.31743
-10.89456 1.28892
-10.86768 1.25436
-10.84052 1.21464
-10.81346 1.17032
-10.78724 1.12267
-10.76220 1.07240
-10.73846 1.01992
-10.71684 0.96688
-10.69764 0.91448
-10.68103 0.86367
-10.66757 0.81613
-10.65826 0.77392
-10.65387 0.73893
-10.65465 0.71271
-10.66079 0.69619
-10.67308 0.69115
-10.69133 0.69785
-10.71526 0.71651
-10.74407 0.74574
-10.77671 0.78443
-10.81142 0.82944
-10.84753 0.87987
-10.88405 0.93450
-10.91957 0.99113
-10.95327 1.04874
-10.98375 1.10470
-11.01142 1.16065
-11.03449 1.21298
-11.05279 1.26179
-11.06539 1.30559
-11.07245 1.34390
-11.07386 1.37593
-11.06934 1.40088
-11.05904 1.41789
-11.04331 1.42662
-11.00187 1.41935
-10.94810 1.38101
-10.89226 1.32053
-10.81895 1.21331
-10.76326 1.11012
-10.71086 0.99313
-10.67523 0.89886
-10.64722 0.81085
-10.62700 0.72620
-10.62192 0.69003
-10.61196 0.63512
-10.63846 0.63512
-10.65666 0.63512
-10.70108 0.67756
-10.74092 0.72245
-10.80162 0.80165
-10.85040 0.87180
-10.89914 0.94708
-10.93776 1.01132
-10.97470 1.07760
-10.98885 1.10470
-11.03762 1.20964
-11.06282 1.28004
-11.07356 1.32331
-11.07825 1.36211
-11.07724 1.38488
-11.07052 1.40764
-11.05123 1.42226
-11.03673 1.42865
-11.07948 1.51416
-11.31339 1.98197
-11.37204 1.98288
-11.75659 1.98197
-12.01569 1.98538
-12.21099 1.98197
-11.76882 1.09743
-11.76973 1.09925
-11.77033 1.10107
-11.77066 1.10252
-11.77070 1.10361
-11.77037 1.10433
-11.76957 1.10433
-11.76840 1.10361
-11.76688 1.10216
-11.76517 1.10034
-11.76330 1.09780
-11.76106 1.09451
-11.75893 1.09086
-11.75663 1.08645
-11.75452 1.08204
-11.75280 1.07760
-11.75109 1.07278
-11.75004 1.06868
-11.74918 1.06457
-11.74900 1.06119
-11.74947 1.05894
-11.75062 1.05743
-11.75253 1.05706
-11.75519 1.05819
-11.75823 1.06007
-11.76221 1.06382
-11.76635 1.06831
-11.77095 1.07389
-11.77596 1.08093
-11.78103 1.08866
-11.78630 1.09780
-11.79123 1.10687
-11.79589 1.11659
-11.80012 1.12624
-11.80363 1.13546
-11.80633 1.14426
-11.80808 1.15196
-11.80896 1.15891
-11.80853 1.16445
-11.80702 1.16825
-11.80436 1.17032
-11.80063 1.17066
-11.79604 1.16928
-11.79052 1.16584
-11.78405 1.16030
-11.77683 1.15265
-11.76903 1.14285
-11.76088 1.13156
-11.75257 1.11874
-11.74443 1.10506
-11.73636 1.09012
-11.72892 1.07463
-11.72207 1.05894
-11.71601 1.04341
-11.71122 1.02883
-11.70752 1.01524
-11.70513 1.00305
-11.70426 0.99273
-11.70516 0.98512
-11.70805 0.98069
-11.71234 0.97867
-11.71834 0.97988
-11.72576 0.98391
-11.73457 0.99113
-11.74493 1.00187
-11.75612 1.01524
-11.76778 1.03076
-11.78007 1.04874
-11.79217 1.06793
-11.80405 1.08829
-11.81502 1.10903
-11.82499 1.12979
-11.83371 1.15021
-11.84081 1.16963
-11.84610 1.18741
-11.84934 1.20327
-11.85052 1.21664
-11.84952 1.22724
-11.84614 1.23448
-11.84061 1.23841
-11.83307 1.23874
-11.82389 1.23579
-11.81294 1.22888
-11.80082 1.21863
-11.78741 1.20462
-11.77330 1.18741
-11.75881 1.16722
-11.74393 1.14426
-11.72933 1.11945
-11.71541 1.09342
-11.70223 1.06607
-11.69022 1.03845
-11.67956 1.01093
-11.67076 0.98472
-11.66376 0.96032
-11.65916 0.93871
-11.65704 0.92048
-11.65763 0.90627
-11.66135 0.89711
-11.66788 0.89316
-11.67724 0.89448
-11.68890 0.90061
-11.70316 0.91232
-11.71971 0.92943
-11.73771 0.95082
-11.75692 0.97624
-11.77681 1.00503
-11.79629 1.03538
-11.81548 1.06756
-11.83319 1.09998
-11.84941 1.13263
-11.86345 1.16411
-11.87509 1.19418
-11.88371 1.22162
-11.88942 1.24625
-11.89147 1.26693
-11.89011 1.28321
-11.88577 1.29554
-11.87808 1.30277
-11.86732 1.30465
-11.85390 1.30120
-11.83810 1.29239
-11.82032 1.27844
-11.80133 1.25986
-11.78096 1.23612
-11.76015 1.20830
-11.73915 1.17649
-11.71850 1.14180
-11.69827 1.10433
-11.67916 1.06532
-11.66128 1.02496
-11.64546 0.98512
-11.63172 0.94624
-11.62067 0.90973
-11.61245 0.87629
-11.60739 0.84718
-11.60608 0.82376
-11.60938 0.80795
-11.61660 0.79921
-11.62826 0.79872
-11.64371 0.80602
-11.66313 0.82186
-11.68563 0.84486
-11.71097 0.87495
-11.73767 0.90973
-11.76548 0.94916
-11.79307 0.99113
-11.82009 1.03538
-11.84539 1.08019
-11.86843 1.12445
-11.88885 1.16791
-11.90562 1.20864
-11.91869 1.24657
-11.92738 1.28035
-11.93137 1.30934
-11.93084 1.33287
-11.92595 1.35090
-11.91675 1.36271
-11.90321 1.36723
-11.88616 1.36512
-11.86578 1.35576
-11.84296 1.33992
-11.81821 1.31743
-11.79216 1.28892
-11.76528 1.25436
-11.73812 1.21464
-11.71106 1.17032
-11.68484 1.12267
-11.65980 1.07240
-11.63606 1.01992
-11.61444 0.96688
-11.59524 0.91448
-11.57863 0.86367
-11.56517 0.81613
-11.55586 0.77392
-11.55147 0.73893
-11.55215 0.71271
-11.55839 0.69619
-11.57068 0.69115
-11.58893 0.69785
-11.61286 0.71651
-11.64157 0.74574
-11.67431 0.78443
-11.70902 0.82944
-11.74513 0.87987
-11.78165 0.93450
-11.81717 0.99113
-11.85087 1.04874
-11.88135 1.10470
-11.90902 1.16065
-11.93209 1.21298
-11.95039 1.26179
-11.96299 1.30559
-11.97005 1.34390
-11.97146 1.37593
-11.96694 1.40088
-11.95664 1.41789
-11.94091 1.42662
-11.89947 1.41935
-11.84570 1.38101
-11.78986 1.32053
-11.71655 1.21331
-11.66086 1.11012
-11.60846 0.99313
-11.57283 0.89886
-11.54482 0.81085
-11.52460 0.72620
-11.51952 0.69003
-11.50956 0.63512
-11.53606 0.63512
-11.55426 0.63512
-11.59868 0.67756
-11.63852 0.72245
-11.69922 0.80165
-11.74800 0.87180
-11.79674 0.94708
-11.83526 1.01132
-11.87230 1.07760
-11.88645 1.10470
-11.93522 1.20964
-11.96042 1.28004
-11.97116 1.32331
-11.97585 1.36211
-11.97484 1.38488
-11.96812 1.40764
-11.94883 1.42226
-11.93433 1.42865
-11.97708 1.51416
-12.21099 1.98197
-12.65842 1.98765
-13.05074 1.98288
-13.10859 1.98197
-12.66642 1.09743
-12.66733 1.09925
-12.66793 1.10107
-12.66826 1.10252
-12.66830 1.10361
-12.66797 1.10433
-12.66717 1.10433
-12.66600 1.10361
-12.66448 1.10216
-12.66277 1.10034
-12.66090 1.09780
-12.65866 1.09451
-12.65653 1.09086
-12.65423 1.08645
-12.65212 1.08204
-12.65040 1.07760
-12.64869 1.07278
-12.64764 1.06868
-12.64678 1.06457
-12.64660 1.06119
-12.64707 1.05894
-12.64822 1.05743
-12.65013 1.05706
-12.65279 1.05819
-12.65583 1.06007
-12.65981 1.06382
-12.66395 1.06831
-12.66855 1.07389
-12.67356 1.08093
-12.67863 1.08866
-12.68390 1.09780
-12.68883 1.10687
-12.69349 1.11659
-12.69772 1.12624
-12.70123 1.13546
-12.70393 1.14426
-12.70568 1.15196
-12.70656 1.15891
-12.70613 1.16445
-12.70462 1.16825
-12.70196 1.17032
-12.69823 1.17066
-12.69364 1.16928
-12.68812 1.16584
-12.68165 1.16030
-12.67443 1.15265
-12.66653 1.14285
-12.65848 1.13156
-12.65017 1.11874
-12.64203 1.10506
-12.63396 1.09012
-12.62652 1.07463
-12.61967 1.05894
-12.61361 1.04341
-12.60882 1.02883
-12.60512 1.01524
-12.60273 1.00305
-12.60186 0.99273
-12.60276 0.98512
-12.60565 0.98069
-12.60994 0.97867
-12.61594 0.97988
-12.62336 0.98391
-12.63217 0.99113
-12.64253 1.00187
-12.65372 1.01524
-12.66538 1.03076
-12.67767 1.04874
-12.68977 1.06793
-12.70165 1.08829
-12.71262 1.10903
-12.72259 1.12979
-12.73131 1.15021
-12.73841 1.16963
-12.74370 1.18741
-12.74694 1.20327
-12.74812 1.21664
-12.74712 1.22724
-12.74374 1.23448
-12.73821 1.23841
-12.73067 1.23874
-12.72149 1.23579
-12.71054 1.22888
-12.69842 1.21863
-12.68501 1.20462
-12.67090 1.18741
-12.65631 1.16722
-12.64153 1.14426
-12.62693 1.11945
-12.61301 1.09342
-12.59983 1.06607
-12.58782 1.03845
-12.57716 1.01093
-12.56836 0.98472
-12.56136 0.96032
-12.55676 0.93871
-12.55464 0.92048
-12.55523 0.90627
-12.55895 0.89711
-12.56548 0.89316
-12.57484 0.89448
-12.58650 0.90061
-12.60076 0.91232
-12.61731 0.92943
-12.63531 0.95082
-12.65452 0.97624
-12.67441 1.00503
-12.69389 1.03538
-12.71308 1.06756
-12.73079 1.09998
-12.74701 1.13263
-12.76105 1.16411
-12.77269 1.19418
-12.78131 1.22162
-12.78702 1.24625
-12.78907 1.26693
-12.78771 1.28321
-12.78337 1.29554
-12.77568 1.30277
-12.76492 1.30465
-12.75150 1.30120
-12.73560 1.29239
-12.71792 1.27844
-12.69883 1.25986
-12.67856 1.23612
-12.65775 1.20830
-12.63675 1.17649
-12.61610 1.14180
-12.59587 1.10433
-12.57676 1.06532
-12.55888 1.02496
-12.54306 0.98512
-12.52932 0.94624
-12.51827 0.90973
-12.51005 0.87629
-12.50499 0.84718
-12.50368 0.82376
-12.50698 0.80795
-12.51420 0.79921
-12.52586 0.79872
-12.54131 0.80602
-12.56073 0.82186
-12.58323 0.84486
-12.60857 0.87495
-12.63527 0.90973
-12.66308 0.94916
-12.69067 0.99113
-12.71769 1.03538
-12.74299 1.08019
-12.76603 1.12445
-12.78645 1.16791
-12.80322 1.20864
-12.81629 1.24657
-12.82498 1.28035
-12.82897 1.30934
-12.82844 1.33287
-12.82355 1.35090
-12.81435 1.36271
-12.80081 1.36723
-12.78376 1.36512
-12.76328 1.35576
-12.74056 1.33992
-12.71581 1.31743
-12.68976 1.28892
-12.66288 1.25436
-12.63572 1.21464
-12.60866 1.17032
-12.58244 1.12267
-12.55740 1.07240
-12.53366 1.01992
-12.51204 0.96688
-12.49284 0.91448
-12.47623 0.86367
-12.46277 0.81613
-12.45346 0.77392
-12.44907 0.73893
-12.44975 0.71271
-12.45599 0.69619
-12.46828 0.69115
-12.48653 0.69785
-12.51046 0.71651
-12.53917 0.74574
-12.57191 0.78443
-12.60662 0.82944
-12.64273 0.87987
-12.67925 0.93450
-12.71477 0.99113
-12.74847 1.04874
-12.77895 1.10470
-12.80662 1.16065
-12.82969 1.21298
-12.84799 1.26179
-12.86059 1.30559
-12.86765 1.34390
-12.86906 1.37593
-12.86454 1.40088
-12.85424 1.41789
-12.83851 1.42662
-12.79707 1.41935
-12.74330 1.38101
-12.68746 1.32053
-12.61415 1.21331
-12.55836 1.11012
-12.50606 0.99313
-12.47043 0.89886
-12.44242 0.81085
-12.42220 0.72620
-12.41712 0.69003
-12.40716 0.63512
-12.43366 0.63512
-12.45186 0.63512
-12.49628 0.67756
-12.53612 0.72245
-12.59682 0.80165
-12.64560 0.87180
-12.69434 0.94708
-12.73286 1.01132
-12.76990 1.07760
-12.78405 1.10470
-12.83282 1.20964
-12.85802 1.28004
-12.86876 1.32331
-12.87345 1.36211
-12.87244 1.38488
-12.86572 1.40764
-12.84643 1.42226
-12.83193 1.42865
-12.87468 1.51416
-13.10859 1.98197
-13.16724 1.98288
-13.55739 1.98197
-13.91129 1.98197
-14.00619 1.98197
-13.56402 1.09743
-13.56493 1.09925
-13.56553 1.10107
-13.56586 1.10252
-13.56590 1.10361
-13.56557 1.10433
-13.56477 1.10433
-13.56360 1.10361
-13.56208 1.10216
-13.56037 1.10034
-13.55850 1.09780
-13.55626 1.09451
-13.55413 1.09086
-13.55183 1.08645
-13.54972 1.08204
-13.54800 1.07760
-13.54629 1.07278
-13.54524 1.06868
-13.54438 1.06457
-13.54410 1.06119
-13.54467 1.05894
-13.54582 1.05743
-13.54773 1.05706
-13.55039 1.05819
-13.55343 1.06007
-13.55741 1.06382
-13.56155 1.06831
-13.56615 1.07389
-13.57116 1.08093
-13.57623 1.08866
-13.58150 1.09780
-13.58643 1.10687
-13.59109 1.11659
-13.59532 1.12624
-13.59883 1.13546
-13.60153 1.14426
-13.60328 1.15196
-13.60406 1.15891
-13.60373 1.16445
-13.60222 1.16825
-13.59956 1.17032
-13.59583 1.17066
-13.59124 1.16928
-13.58572 1.16584
-13.57925 1.16030
-13.57203 1.15265
-13.56413 1.14285
-13.55608 1.13156
-13.54777 1.11874
-13.53963 1.10506
-13.53156 1.09012
-13.52402 1.07463
-13.51727 1.05894
-13.51121 1.04341
-13.50642 1.02883
-13.50272 1.01524
-13.50033 1.00305
-13.49946 0.99273
-13.50036 0.98512
-13.50325 0.98069
-13.50754 0.97867
-13.51354 0.97988
-13.52096 0.98391
-13.52977 0.99113
-13.54013 1.00187
-13.55132 1.01524
-13.56298 1.03076
-13.57527 1.04874
-13.58737 1.06793
-13.59925 1.08829
-13.61022 1.10903
-13.62019 1.12979
-13.62891 1.15021
-13.63601 1.16963
-13.64130 1.18741
-13.64454 1.20327
-13.64572 1.21664
-13.64472 1.22724
-13.64134 1.23448
-13.63581 1.23841
-13.62827 1.23874
-13.61909 1.23579
-13.60814 1.22888
-13.59602 1.21863
-13.58261 1.20462
-13.56850 1.18741
-13.55391 1.16722
-13.53913 1.14426
-13.52453 1.11945
-13.51061 1.09342
-13.49743 1.06607
-13.48542 1.03845
-13.47476 1.01093
-13.46596 0.98472
-13.45896 0.96032
-13.45436 0.93871
-13.45224 0.92048
-13.45283 0.90627
-13.45655 0.89711
-13.46308 0.89316
-13.47244 0.89448
-13.48410 0.90061
-13.49836 0.91232
-13.51491 0.92943
-13.53291 0.95082
-13.55212 0.97624
-13.57201 1.00503
-13.59149 1.03538
-13.61068 1.06756
-13.62839 1.09998
-13.64461 1.13263
-13.65865 1.16411
-13.67029 1.19418
-13.67891 1.22162
-13.68462 1.24625
-13.68667 1.26693
-13.68531 1.28321
-13.68097 1.29554
-13.67328 1.30277
-13.66252 1.30465
-13.64910 1.30120
-13.63320 1.29239
-13.61552 1.27844
-13.59643 1.25986
-13.57616 1.23612
-13.55535 1.20830
-13.53435 1.17649
-13.51370 1.14180
-13.49347 1.10433
-13.47436 1.06532
-13.45648 1.02496
-13.44066 0.98512
-13.42692 0.94624
-13.41587 0.90973
-13.40765 0.87629
-13.40259 0.84718
-13.40128 0.82376
-13.40458 0.80795
-13.41180 0.79921
-13.42346 0.79872
-13.43891 0.80602
-13.45833 0.82186
-13.48083 0.84486
-13.50617 0.87495
-13.53287 0.90973
-13.56068 0.94916
-13.58827 0.99113
-13.61529 1.03538
-13.64059 1.08019
-13.66363 1.12445
-13.68405 1.16791
-13.70082 1.20864
-13.71389 1.24657
-13.72258 1.28035
-13.72657 1.30934
-13.72604 1.33287
-13.72115 1.35090
-13.71195 1.36271
-13.69841 1.36723
-13.68136 1.36512
-13.66088 1.35576
-13.63816 1.33992
-13.61341 1.31743
-13.58736 1.28892
-13.56048 1.25436
-13.53332 1.21464
-13.50626 1.17032
-13.48004 1.12267
-13.45500 1.07240
-13.43126 1.01992
-13.40964 0.96688
-13.39044 0.91448
-13.37383 0.86367
-13.36037 0.81613
-13.35106 0.77392
-13.34667 0.73893
-13.34735 0.71271
-13.35359 0.69619
-13.36588 0.69115
-13.38413 0.69785
-13.40806 0.71651
-13.43677 0.74574
-13.46951 0.78443
-13.50422 0.82944
-13.54033 0.87987
-13.57685 0.93450
-13.61237 0.99113
-13.64607 1.04874
-13.67655 1.10470
-13.70422 1.16065
-13.72729 1.21298
-13.74559 1.26179
-13.75819 1.30559
-13.76525 1.34390
-13.76666 1.37593
-13.76214 1.40088
-13.75184 1.41789
-13.73611 1.42662
-13.69467 1.41935
-13.64090 1.38101
-13.58506 1.32053
-13.51175 1.21331
-13.45596 1.11012
-13.40366 0.99313
-13.36803 0.89886
-13.34002 0.81085
-13.31980 0.72620
-13.31472 0.69003
-13.30476 0.63512
-13.33126 0.63512
-13.34946 0.63512
-13.39388 0.67756
-13.43372 0.72245
-13.49442 0.80165
-13.54320 0.87180
-13.59194 0.94708
-13.63046 1.01132
-13.66750 1.07760
-13.68165 1.10470
-13.73042 1.20964
-13.75552 1.28004
-13.76636 1.32331
-13.77105 1.36211
-13.77004 1.38488
-13.76332 1.40764
-13.74403 1.42226
-13.72953 1.42865
-13.77228 1.51416
-14.00619 1.98197
-14.10099 1.98197
-14.47539 1.98197
-14.67959 1.98197
-14.85729 1.98197
-14.90379 1.98197
-14.46162 1.09743
-14.46253 1.09925
-14.46313 1.10107
-14.46346 1.10252
-14.46350 1.10361
-14.46317 1.10433
-14.46237 1.10433
-14.46120 1.10361
-14.45968 1.10216
-14.45797 1.10034
-14.45610 1.09780
-14.45386 1.09451
-14.45173 1.09086
-14.44943 1.08645
-14.44732 1.08204
-14.44560 1.07760
-14.44389 1.07278
-14.44284 1.06868
-14.44198 1.06457
-14.44170 1.06119
-14.44227 1.05894
-14.44342 1.05743
-14.44533 1.05706
-14.44799 1.05819
-14.45103 1.06007
-14.45501 1.06382
-14.45915 1.06831
-14.46375 1.07389
-14.46876 1.08093
-14.47383 1.08866
-14.47910 1.09780
-14.48403 1.10687
-14.48869 1.11659
-14.49292 1.12624
-14.49643 1.13546
-14.49913 1.14426
-14.50088 1.15196
-14.50166 1.15891
-14.50133 1.16445
-14.49982 1.16825
-14.49716 1.17032
-14.49343 1.17066
-14.48884 1.16928
-14.48332 1.16584
-14.47685 1.16030
-14.46963 1.15265
-14.46173 1.14285
-14.45368 1.13156
-14.44537 1.11874
-14.43723 1.10506
-14.42916 1.09012
-14.42162 1.07463
-14.41487 1.05894
-14.40881 1.04341
-14.40402 1.02883
-14.40032 1.01524
-14.39793 1.00305
-14.39706 0.99273
-14.39796 0.98512
-14.40085 0.98069
-14.40514 0.97867
-14.41114 0.97988
-14.41856 0.98391
-14.42737 0.99113
-14.43773 1.00187
-14.44892 1.01524
-14.46058 1.03076
-14.47287 1.04874
-14.48497 1.06793
-14.49685 1.08829
-14.50782 1.10903
-14.51779 1.12979
-14.52651 1.15021
-14.53361 1.16963
-14.53880 1.18741
-14.54214 1.20327
-14.54332 1.21664
-14.54232 1.22724
-14.53894 1.23448
-14.53341 1.23841
-14.52587 1.23874
-14.51669 1.23579
-14.50574 1.22888
-14.49362 1.21863
-14.48021 1.20462
-14.46610 1.18741
-14.45151 1.16722
-14.43673 1.14426
-14.42213 1.11945
-14.40821 1.09342
-14.39503 1.06607
-14.38302 1.03845
-14.37236 1.01093
-14.36346 0.98472
-14.35656 0.96032
-14.35196 0.93871
-14.34984 0.92048
-14.35043 0.90627
-14.35415 0.89711
-14.36068 0.89316
-14.37004 0.89448
-14.38170 0.90061
-14.39596 0.91232
-14.41251 0.92943
-14.43051 0.95082
-14.44972 0.97624
-14.46961 1.00503
-14.48909 1.03538
-14.50828 1.06756
-14.52599 1.09998
-14.54221 1.13263
-14.55625 1.16411
-14.56789 1.19418
-14.57651 1.22162
-14.58222 1.24625
-14.58427 1.26693
-14.58291 1.28321
-14.57857 1.29554
-14.57088 1.30277
-14.56012 1.30465
-14.54670 1.30120
-14.53080 1.29239
-14.51312 1.27844
-14.49403 1.25986
-14.47376 1.23612
-14.45295 1.20830
-14.43195 1.17649
-14.41130 1.14180
-14.39107 1.10433
-14.37196 1.06532
-14.35408 1.02496
-14.33826 0.98512
-14.32452 0.94624
-14.31347 0.90973
-14.30525 0.87629
-14.30019 0.84718
-14.29888 0.82376
-14.30218 0.80795
-14.30940 0.79921
-14.32106 0.79872
-14.33651 0.80602
-14.35593 0.82186
-14.37843 0.84486
-14.40377 0.87495
-14.43047 0.90973
-14.45828 0.94916
-14.48587 0.99113
-14.51289 1.03538
-14.53819 1.08019
-14.56123 1.12445
-14.58165 1.16791
-14.59842 1.20864
-14.61149 1.24657
-14.62018 1.28035
-14.62417 1.30934
-14.62364 1.33287
-14.61875 1.35090
-14.60955 1.36271
-14.59601 1.36723
-14.57886 1.36512
-14.55848 1.35576
-14.53576 1.33992
-14.51101 1.31743
-14.48496 1.28892
-14.45808 1.25436
-14.43092 1.21464
-14.40386 1.17032
-14.37764 1.12267
-14.35260 1.07240
-14.32886 1.01992
-14.30724 0.96688
-14.28804 0.91448
-14.27143 0.86367
-14.25797 0.81613
-14.24866 0.77392
-14.24417 0.73893
-14.24495 0.71271
-14.25119 0.69619
-14.26348 0.69115
-14.28173 0.69785
-14.30566 0.71651
-14.33437 0.74574
-14.36711 0.78443
-14.40182 0.82944
-14.43793 0.87987
-14.47445 0.93450
-14.50997 0.99113
-14.54357 1.04874
-14.57405 1.10470
-14.60182 1.16065
-14.62489 1.21298
-14.64319 1.26179
-14.65579 1.30559
-14.66285 1.34390
-14.66426 1.37593
-14.65974 1.40088
-14.64944 1.41789
-14.63371 1.42662
-14.59227 1.41935
-14.53850 1.38101
-14.48266 1.32053
-14.40935 1.21331
-14.35356 1.11012
-14.30126 0.99313
-14.26563 0.89886
-14.23762 0.81085
-14.21740 0.72620
-14.21232 0.69003
-14.20236 0.63512
-14.22886 0.63512
-14.24706 0.63512
-14.29148 0.67756
-14.33132 0.72245
-14.39202 0.80165
-14.44080 0.87180
-14.48954 0.94708
-14.52806 1.01132
-14.56510 1.07760
-14.57925 1.10470
-14.62802 1.20964
-14.65312 1.28004
-14.66396 1.32331
-14.66865 1.36211
-14.66764 1.38488
-14.66092 1.40764
-14.64163 1.42226
-14.62713 1.42865
-14.66988 1.51416
-14.90379 1.98197
-14.96244 1.98288
-15.33619 1.98197
-15.73756 1.98492
-15.80139 1.98197
-15.35922 1.09743
-15.36013 1.09925
-15.36073 1.10107
-15.36106 1.10252
-15.36110 1.10361
-15.36077 1.10433
-15.35997 1.10433
-15.35880 1.10361
-15.35728 1.10216
-15.35557 1.10034
-15.35370 1.09780
-15.35146 1.09451
-15.34933 1.09086
-15.34703 1.08645
-15.34492 1.08204
-15.34320 1.07760
-15.34149 1.07278
-15.34044 1.06868
-15.33958 1.06457
-15.33930 1.06119
-15.33987 1.05894
-15.34102 1.05743
-15.34293 1.05706
-15.34559 1.05819
-15.34863 1.06007
-15.35261 1.06382
-15.35675 1.06831
-15.36135 1.07389
-15.36636 1.08093
-15.37143 1.08866
-15.37670 1.09780
-15.38163 1.10687
-15.38629 1.11659
-15.39052 1.12624
-15.39403 1.13546
-15.39673 1.14426
-15.39848 1.15196
-15.39926 1.15891
-15.39893 1.16445
-15.39742 1.16825
-15.39476 1.17032
-15.39103 1.17066
-15.38644 1.16928
-15.38092 1.16584
-15.37445 1.16030
-15.36723 1.15265
-15.35933 1.14285
-15.35128 1.13156
-15.34297 1.11874
-15.33483 1.10506
-15.32676 1.09012
-15.31922 1.07463
-15.31247 1.05894
-15.30641 1.04341
-15.30162 1.02883
-15.29792 1.01524
-15.29553 1.00305
-15.29466 0.99273
-15.29556 0.98512
-15.29845 0.98069
-15.30274 0.97867
-15.30874 0.97988
-15.31616 0.98391
-15.32497 0.99113
-15.33533 1.00187
-15.34652 1.01524
-15.35818 1.03076
-15.37047 1.04874
-15.38257 1.06793
-15.39445 1.08829
-15.40542 1.10903
-15.41539 1.12979
-15.42411 1.15021
-15.43121 1.16963
-15.43640 1.18741
-15.43974 1.20327
-15.44092 1.21664
-15.43992 1.22724
-15.43644 1.23448
-15.43101 1.23841
-15.42347 1.23874
-15.41429 1.23579
-15.40334 1.22888
-15.39122 1.21863
-15.37781 1.20462
-15.36370 1.18741
-15.34911 1.16722
-15.33433 1.14426
-15.31973 1.11945
-15.30581 1.09342
-15.29263 1.06607
-15.28062 1.03845
-15.26996 1.01093
-15.26106 0.98472
-15.25416 0.96032
-15.24956 0.93871
-15.24744 0.92048
-15.24803 0.90627
-15.25175 0.89711
-15.25828 0.89316
-15.26764 0.89448
-15.27930 0.90061
-15.29356 0.91232
-15.31011 0.92943
-15.32811 0.95082
-15.34732 0.97624
-15.36721 1.00503
-15.38669 1.03538
-15.40588 1.06756
-15.42359 1.09998
-15.43981 1.13263
-15.45385 1.16411
-15.46549 1.19418
-15.47411 1.22162
-15.47982 1.24625
-15.48187 1.26693
-15.48051 1.28321
-15.47617 1.29554
-15.46848 1.30277
-15.45772 1.30465
-15.44430 1.30120
-15.42840 1.29239
-15.41072 1.27844
-15.39163 1.25986
-15.37136 1.23612
-15.35055 1.20830
-15.32955 1.17649
-15.30890 1.14180
-15.28867 1.10433
-15.26956 1.06532
-15.25168 1.02496
-15.23586 0.98512
-15.22212 0.94624
-15.21107 0.90973
-15.20275 0.87629
-15.19779 0.84718
-15.19648 0.82376
-15.19978 0.80795
-15.20700 0.79921
-15.21856 0.79872
-15.23411 0.80602
-15.25353 0.82186
-15.27603 0.84486
-15.30137 0.87495
-15.32807 0.90973
-15.35588 0.94916
-15.38347 0.99113
-15.41049 1.03538
-15.43579 1.08019
-15.45883 1.12445
-15.47925 1.16791
-15.49602 1.20864
-15.50909 1.24657
-15.51778 1.28035
-15.52177 1.30934
-15.52124 1.33287
-15.51635 1.35090
-15.50715 1.36271
-15.49361 1.36723
-15.47646 1.36512
-15.45608 1.35576
-15.43336 1.33992
-15.40861 1.31743
-15.38256 1.28892
-15.35568 1.25436
-15.32852 1.21464
-15.30146 1.17032
-15.27524 1.12267
-15.25020 1.07240
-15.22646 1.01992
-15.20484 0.96688
-15.18564 0.91448
-15.16893 0.86367
-15.15557 0.81613
-15.14626 0.77392
-15.14177 0.73893
-15.14255 0.71271
-15.14879 0.69619
-15.16108 0.69115
-15.17933 0.69785
-15.20326 0.71651
-15.23197 0.74574
-15.26471 0.78443
-15.29942 0.82944
-15.33553 0.87987
-15.37205 0.93450
-15.40757 0.99113
-15.44117 1.04874
-15.47165 1.10470
-15.49942 1.16065
-15.52249 1.21298
-15.54079 1.26179
-15.55339 1.30559
-15.56045 1.34390
-15.56176 1.37593
-15.55734 1.40088
-15.54704 1.41789
-15.53131 1.42662
-15.48987 1.41935
-15.43610 1.38101
-15.38026 1.32053
-15.30695 1.21331
-15.25116 1.11012
-15.19886 0.99313
-15.16323 0.89886
-15.13522 0.81085
-15.11500 0.72620
-15.10992 0.69003
-15.09996 0.63512
-15.12646 0.63512
-15.14466 0.63512
-15.18908 0.67756
-15.22892 0.72245
-15.28962 0.80165
-15.33840 0.87180
-15.38714 0.94708
-15.42566 1.01132
-15.46270 1.07760
-15.47685 1.10470
-15.52562 1.20964
-15.55072 1.28004
-15.56156 1.32331
-15.56625 1.36211
-15.56524 1.38488
-15.55852 1.40764
-15.53923 1.42226
-15.52473 1.42865
-15.56748 1.51416
-15.80434 1.98787
-16.22837 1.98175
-16.47760 1.99760
-16.69899 1.98197
-16.71312 2.01023
-16.71903 2.03266
-16.72165 2.02729
-16.72953 2.03266
-16.74734 2.05648
-16.73069 2.04537
-16.72514 2.05648
-16.73076 2.07992
-16.73968 2.06336
-16.76506 2.07992
-16.78300 2.10319
-16.74862 2.08124
-16.73610 2.10319
-16.74095 2.12610
-16.75752 2.09903
-16.80105 2.12610
-16.81934 2.14907
-16.76637 2.11674
-16.74564 2.14907
-16.74975 2.17169
-16.77518 2.13435
-16.83785 2.17169
-16.85649 2.19417
-16.78394 2.15188
-16.75359 2.19417
-16.75696 2.21653
-16.79266 2.16933
-16.87546 2.21653
-16.89478 2.23876
-16.80135 2.18669
-16.75998 2.23876
-16.76233 2.26066
-16.80999 2.20398
-16.91423 2.26066
-16.93392 2.28224
-16.81860 2.22120
-16.76422 2.28224
-16.76566 2.30393
-16.82717 2.23834
-16.95416 2.30393
-16.97465 2.32530
-16.83570 2.25541
-16.76655 2.32530
-16.76688 2.34657
-16.84420 2.27241
-16.99558 2.34657
-17.01697 2.36754
-16.85267 2.28934
-16.76657 2.36754
-16.76541 2.38822
-16.86111 2.30621
-17.03871 2.38822
-17.06111 2.40902
-16.86951 2.32302
-16.76381 2.40902
-16.76127 2.42933
-16.87788 2.33976
-17.08397 2.42933
-17.10748 2.44957
-16.88623 2.35645
-16.75798 2.44957
-16.75376 2.46953
-16.89454 2.37308
-17.13166 2.46953
-17.15661 2.48942
-16.90283 2.38965
-16.74871 2.48942
-16.74252 2.50884
-16.91109 2.40617
-17.18222 2.50884
-17.20880 2.52820
-16.91932 2.42264
-16.73530 2.52820
-16.72695 2.54731
-16.92753 2.43905
-17.23625 2.54731
-17.26478 2.56616
-16.93571 2.45542
-16.71728 2.56616
-16.70628 2.58476
-16.94387 2.47174
-17.29438 2.58476
-17.32516 2.60291
-16.95201 2.48801
-16.69366 2.60291
-16.67951 2.62083
-16.96012 2.50424
-17.35721 2.62083
-17.39075 2.63831
-16.96821 2.52042
-16.66345 2.63831
-16.64568 2.65555
-16.97628 2.53657
-17.42578 2.65555
-17.46258 2.67237
-16.98433 2.55267
-16.62568 2.67237
-16.60358 2.68876
-16.99237 2.56873
-17.50118 2.68876
-17.46698 2.69675
-17.00038 2.58476
-16.64568 2.69675
-16.68868 2.70396
-17.00837 2.60074
-17.43118 2.70396
-17.39379 2.71057
-17.01635 2.61670
-16.73269 2.71057
-16.77750 2.71641
-17.02431 2.63262
-17.35480 2.71641
-17.31443 2.72146
-17.03225 2.64850
-16.82293 2.72146
-16.86897 2.72573
-17.04018 2.66436
-17.27267 2.72573
-17.22962 2.72903
-17.04809 2.68018
-16.91532 2.72903
-16.96188 2.73156
-17.05599 2.69597
-17.18558 2.73156
-17.14065 2.73330
-17.06387 2.71174
-17.00855 2.73330
-17.05504 2.73408
-17.07174 2.72748
-18.07018 2.92915
-17.61072 2.01023
-17.61072 2.01023
-17.61663 2.03266
-17.61925 2.02729
-17.62713 2.03266
-17.64484 2.05648
-17.62829 2.04537
-17.62274 2.05648
-17.62836 2.07992
-17.63728 2.06336
-17.66266 2.07992
-17.68060 2.10319
-17.64622 2.08124
-17.63370 2.10319
-17.63855 2.12610
-17.65512 2.09903
-17.69865 2.12610
-17.71694 2.14907
-17.66397 2.11674
-17.64324 2.14907
-17.64735 2.17169
-17.67278 2.13435
-17.73545 2.17169
-17.75409 2.19417
-17.68154 2.15188
-17.65119 2.19417
-17.65456 2.21653
-17.69026 2.16933
-17.77306 2.21653
-17.79238 2.23876
-17.69895 2.18669
-17.65758 2.23876
-17.65993 2.26066
-17.70759 2.20398
-17.81183 2.26066
-17.83152 2.28224
-17.71620 2.22120
-17.66182 2.28224
-17.66326 2.30393
-17.72477 2.23834
-17.85176 2.30393
-17.87225 2.32530
-17.73330 2.25541
-17.66415 2.32530
-17.66448 2.34657
-17.74180 2.27241
-17.89318 2.34657
-17.91457 2.36754
-17.75027 2.28934
-17.66417 2.36754
-17.66301 2.38822
-17.75871 2.30621
-17.93631 2.38822
-17.95871 2.40902
-17.76711 2.32302
-17.66141 2.40902
-17.65887 2.42933
-17.77548 2.33976
-17.98157 2.42933
-18.00508 2.44957
-17.78383 2.35645
-17.65558 2.44957
-17.65136 2.46953
-17.79214 2.37308
-18.02926 2.46953
-18.05421 2.48942
-17.80043 2.38965
-17.64631 2.48942
-17.64012 2.50884
-17.80869 2.40617
-18.07982 2.50884
-18.10640 2.52820
-17.81692 2.42264
-17.63290 2.52820
-17.62455 2.54731
-17.82513 2.43905
-18.13385 2.54731
-18.16238 2.56616
-17.83331 2.45542
-17.61488 2.56616
-17.60388 2.58476
-17.84147 2.47174
-18.19198 2.58476
-18.22276 2.60291
-17.84961 2.48801
-17.59126 2.60291
-17.57711 2.62083
-17.85772 2.50424
-18.25481 2.62083
-18.28835 2.63831
-17.86581 2.52042
-17.56105 2.63831
-17.54328 2.65555
-17.87388 2.53657
-18.32338 2.65555
-18.36018 2.67237
-17.88193 2.55267
-17.52328 2.67237
-17.50118 2.68876
-17.88997 2.56873
-18.39878 2.68876
-18.36458 2.69675
-17.89798 2.58476
-17.54328 2.69675
-17.58628 2.70396
-17.90597 2.60074
-18.32878 2.70396
-18.29139 2.71057
-17.91395 2.61670
-17.63029 2.71057
-17.67510 2.71641
-17.92191 2.63262
-18.25240 2.71641
-18.21203 2.72146
-17.92985 2.64850
-17.72053 2.72146
-17.76657 2.72573
-17.93778 2.66436
-18.17027 2.72573
-18.12722 2.72903
-17.94569 2.68018
-17.81292 2.72903
-17.85948 2.73156
-17.95359 2.69597
-18.08318 2.73156
-18.03825 2.73330
-17.96147 2.71174
-17.90615 2.73330
-17.95264 2.73408
-17.96934 2.72748
-18.96778 2.92915
-18.50832 2.01023
-18.50832 2.01023
-18.51423 2.03266
-18.51685 2.02729
-18.52473 2.03266
-18.54244 2.05648
-18.52589 2.04537
-18.52034 2.05648
-18.52596 2.07992
-18.53488 2.06336
-18.56026 2.07992
-18.57820 2.10319
-18.54382 2.08124
-18.53130 2.10319
-18.53615 2.12610
-18.55272 2.09903
-18.59625 2.12610
-18.61454 2.14907
-18.56157 2.11674
-18.54084 2.14907
-18.54495 2.17169
-18.57038 2.13435
-18.63305 2.17169
-18.65169 2.19417
-18.57914 2.15188
-18.54879 2.19417
-18.55216 2.21653
-18.58786 2.16933
-18.67066 2.21653
-18.68998 2.23876
-18.59655 2.18669
-18.55518 2.23876
-18.55753 2.26066
-18.60519 2.20398
-18.70943 2.26066
-18.72912 2.28224
-18.61380 2.22120
-18.55942 2.28224
-18.56086 2.30393
-18.62237 2.23834
-18.74936 2.30393
-18.76985 2.32530
-18.63090 2.25541
-18.56175 2.32530
-18.56208 2.34657
-18.63940 2.27241
-18.79078 2.34657
-18.81217 2.36754
-18.64787 2.28934
-18.56177 2.36754
-18.56061 2.38822
-18.65631 2.30621
-18.83391 2.38822
-18.85631 2.40902
-18.66471 2.32302
-18.55901 2.40902
-18.55647 2.42933
-18.67308 2.33976
-18.87917 2.42933
-18.90268 2.44957
-18.68143 2.35645
-18.55318 2.44957
-18.54896 2.46953
-18.68974 2.37308
-18.92686 2.46953
-18.95181 2.48942
-18.69803 2.38965
-18.54391 2.48942
-18.53772 2.50884
-18.70629 2.40617
-18.97742 2.50884
-19.00400 2.52820
-18.71452 2.42264
-18.53050 2.52820
-18.52215 2.54731
-18.72273 2.43905
-19.03145 2.54731
-19.05998 2.56616
-18.73091 2.45542
-18.51248 2.56616
-18.50148 2.58476
-18.73907 2.47174
-19.08958 2.58476
-19.12036 2.60291
-18.74721 2.48801
-18.48886 2.60291
-18.47471 2.62083
-18.75532 2.50424
-19.15241 2.62083
-19.18595 2.63831
-18.76341 2.52042
-18.45865 2.63831
-18.44088 2.65555
-18.77148 2.53657
-19.22098 2.65555
-19.25778 2.67237
-18.77953 2.55267
-18.42088 2.67237
-18.39878 2.68876
-18.78757 2.56873
-19.29638 2.68876
-19.26218 2.69675
-18.79558 2.58476
-18.44088 2.69675
-18.48388 2.70396
-18.80357 2.60074
-19.22638 2.70396
-19.18899 2.71057
-18.81155 2.61670
-18.52789 2.71057
-18.57270 2.71641
-18.81951 2.63262
-19.15000 2.71641
-19.10963 2.72146
-18.82745 2.64850
-18.61813 2.72146
-18.66417 2.72573
-18.83538 2.66436
-19.06787 2.72573
-19.02482 2.72903
-18.84329 2.68018
-18.71052 2.72903
-18.75708 2.73156
-18.85119 2.69597
-18.98078 2.73156
-18.93585 2.73330
-18.85907 2.71174
-18.80375 2.73330
-18.85024 2.73408
-18.86694 2.72748
-19.86538 2.92915
-19.40592 2.01023
-19.40592 2.01023
-19.41183 2.03266
-19.41445 2.02729
-19.42233 2.03266
-19.44004 2.05648
-19.42349 2.04537
-19.41794 2.05648
-19.42356 2.07992
-19.43248 2.06336
-19.45786 2.07992
-19.47580 2.10319
-19.44142 2.08124
-19.42890 2.10319
-19.43375 2.12610
-19.45032 2.09903
-19.49385 2.12610
-19.51214 2.14907
-19.45917 2.11674
-19.43844 2.14907
-19.44255 2.17169
-19.46798 2.13435
-19.53065 2.17169
-19.54929 2.19417
-19.47674 2.15188
-19.44639 2.19417
-19.44976 2.21653
-19.48546 2.16933
-19.56826 2.21653
-19.58758 2.23876
-19.49415 2.18669
-19.45268 2.23876
-19.45513 2.26066
-19.50279 2.20398
-19.60703 2.26066
-19.62672 2.28224
-19.51140 2.22120
-19.45702 2.28224
-19.45846 2.30393
-19.51997 2.23834
-19.64696 2.30393
-19.66745 2.32530
-19.52850 2.25541
-19.45935 2.32530
-19.45968 2.34657
-19.53700 2.27241
-19.68838 2.34657
-19.70977 2.36754
-19.54547 2.28934
-19.45937 2.36754
-19.45821 2.38822
-19.55391 2.30621
-19.73151 2.38822
-19.75391 2.40902
-19.56231 2.32302
-19.45661 2.40902
-19.45407 2.42933
-19.57068 2.33976
-19.77677 2.42933
-19.80028 2.44957
-19.57903 2.35645
-19.45078 2.44957
-19.44656 2.46953
-19.58734 2.37308
-19.82446 2.46953
-19.84941 2.48942
-19.59563 2.38965
-19.44151 2.48942
-19.43532 2.50884
-19.60389 2.40617
-19.87502 2.50884
-19.90160 2.52820
-19.61212 2.42264
-19.42810 2.52820
-19.41975 2.54731
-19.62033 2.43905
-19.92905 2.54731
-19.95758 2.56616
-19.62851 2.45542
-19.41008 2.56616
-19.39908 2.58476
-19.63667 2.47174
-19.98718 2.58476
-20.01796 2.60291
-19.64481 2.48801
-19.38646 2.60291
-19.37231 2.62083
-19.65292 2.50424
-20.05001 2.62083
-20.08355 2.63831
-19.66101 2.52042
-19.35625 2.63831
-19.33848 2.65555
-19.66908 2.53657
-20.11858 2.65555
-20.15538 2.67237
-19.67713 2.55267
-19.31848 2.67237
-19.29638 2.68876
-19.68517 2.56873
-20.19398 2.68876
-20.15978 2.69675
-19.69318 2.58476
-19.33848 2.69675
-19.38148 2.70396
-19.70117 2.60074
-20.12398 2.70396
-20.08659 2.71057
-19.70915 2.61670
-19.42549 2.71057
-19.47030 2.71641
-19.71711 2.63262
-20.04760 2.71641
-20.00723 2.72146
-19.72505 2.64850
-19.51573 2.72146
-19.56177 2.72573
-19.73298 2.66436
-19.96547 2.72573
-19.92242 2.72903
-19.74089 2.68018
-19.60812 2.72903
-19.65468 2.73156
-19.74879 2.69597
-19.87838 2.73156
-19.83345 2.73330
-19.75667 2.71174
-19.70135 2.73330
-19.74774 2.73408
-19.76454 2.72748
-20.76298 2.92915
-20.30352 2.01023
-20.30352 2.01023
-20.30943 2.03266
-20.31205 2.02729
-20.31993 2.03266
-20.33764 2.05648
-20.32109 2.04537
-20.31554 2.05648
-20.32116 2.07992
-20.33008 2.06336
-20.35546 2.07992
-20.37340 2.10319
-20.33902 2.08124
-20.32650 2.10319
-20.33135 2.12610
-20.34792 2.09903
-20.39145 2.12610
-20.40974 2.14907
-20.35677 2.11674
-20.33604 2.14907
-20.34015 2.17169
-20.36558 2.13435
-20.42825 2.17169
-20.44689 2.19417
-20.37434 2.15188
-20.34399 2.19417
-20.34736 2.21653
-20.38306 2.16933
-20.46586 2.21653
-20.48518 2.23876
-20.39175 2.18669
-20.35028 2.23876
-20.35273 2.26066
-20.40039 2.20398
-20.50463 2.26066
-20.52432 2.28224
-20.40900 2.22120
-20.35462 2.28224
-20.35606 2.30393
-20.41757 2.23834
-20.54456 2.30393
-20.56505 2.32530
-20.42610 2.25541
-20.35695 2.32530
-20.35728 2.34657
-20.43460 2.27241
-20.58598 2.34657
-20.60737 2.36754
-20.44307 2.28934
-20.35697 2.36754
-20.35581 2.38822
-20.45151 2.30621
-20.62911 2.38822
-20.65151 2.40902
-20.45991 2.32302
-20.35421 2.40902
-20.35167 2.42933
-20.46828 2.33976
-20.67437 2.42933
-20.69788 2.44957
-20.47663 2.35645
-20.34838 2.44957
-20.34416 2.46953
-20.48494 2.37308
-20.72206 2.46953
-20.74701 2.48942
-20.49323 2.38965
-20.33911 2.48942
-20.33292 2.50884
-20.50149 2.40617
-20.77262 2.50884
-20.79920 2.52820
-20.50972 2.42264
-20.32570 2.52820
-20.31735 2.54731
-20.51793 2.43905
-20.82665 2.54731
-20.85518 2.56616
-20.52611 2.45542
-20.30768 2.56616
-20.29668 2.58476
-20.53427 2.47174
-20.88478 2.58476
-20.91556 2.60291
-20.54241 2.48801
-20.28406 2.60291
-20.26991 2.62083
-20.55052 2.50424
-20.94761 2.62083
-20.98115 2.63831
-20.55861 2.52042
-20.25385 2.63831
-20.23608 2.65555
-20.56668 2.53657
-21.01618 2.65555
-21.05298 2.67237
-20.57473 2.55267
-20.21608 2.67237
-20.19398 2.68876
-20.58277 2.56873
-21.09158 2.68876
-21.05738 2.69675
-20.59078 2.58476
-20.23608 2.69675
-20.27908 2.70396
-20.59877 2.60074
-21.02158 2.70396
-20.98419 2.71057
-20.60675 2.61670
-20.32309 2.71057
-20.36790 2.71641
-20.61471 2.63262
-20.94520 2.71641
-20.90483 2.72146
-20.62265 2.64850
-20.41333 2.72146
-20.45937 2.72573
-20.63058 2.66436
-20.86307 2.72573
-20.82002 2.72903
-20.63849 2.68018
-20.50572 2.72903
-20.55228 2.73156
-20.64639 2.69597
-20.77598 2.73156
-20.73105 2.73330
-20.65427 2.71174
-20.59895 2.73330
-20.64534 2.73408
-20.66214 2.72748
-21.66058 2.92915
-21.20112 2.01023
-21.20112 2.01023
-21.20703 2.03266
-21.20965 2.02729
-21.21753 2.03266
-21.23524 2.05648
-21.21869 2.04537
-21.21314 2.05648
-21.21876 2.07992
-21.22768 2.06336
-21.25306 2.07992
-21.27100 2.10319
-21.23662 2.08124
-21.22410 2.10319
-21.22895 2.12610
-21.24552 2.09903
-21.28905 2.12610
-21.30734 2.14907
-21.25437 2.11674
-21.23364 2.14907
-21.23775 2.17169
-21.26318 2.13435
-21.32585 2.17169
-21.34449 2.19417
-21.27194 2.15188
-21.24159 2.19417
-21.24496 2.21653
-21.28066 2.16933
-21.36346 2.21653
-21.38278 2.23876
-21.28935 2.18669
-21.24788 2.23876
-21.25033 2.26066
-21.29799 2.20398
-21.40223 2.26066
-21.42192 2.28224
-21.30660 2.22120
-21.25222 2.28224
-21.25366 2.30393
-21.31517 2.23834
-21.44216 2.30393
-21.46265 2.32530
-21.32370 2.25541
-21.25455 2.32530
-21.25488 2.34657
-21.33220 2.27241
-21.48358 2.34657
-21.50487 2.36754
-21.34067 2.28934
-21.25457 2.36754
-21.25341 2.38822
-21.34911 2.30621
-21.52671 2.38822
-21.54911 2.40902
-21.35751 2.32302
-21.25181 2.40902
-21.24927 2.42933
-21.36588 2.33976
-21.57197 2.42933
-21.59548 2.44957
-21.37423 2.35645
-21.24598 2.44957
-21.24176 2.46953
-21.38254 2.37308
-21.61966 2.46953
-21.64461 2.48942
-21.39083 2.38965
-21.23671 2.48942
-21.23052 2.50884
-21.39909 2.40617
-21.67022 2.50884
-21.69680 2.52820
-21.40732 2.42264
-21.22330 2.52820
-21.21495 2.54731
-21.41553 2.43905
-21.72425 2.54731
-21.75278 2.56616
-21.42371 2.45542
-21.20528 2.56616
-21.19428 2.58476
-21.43187 2.47174
-21.78238 2.58476
-21.81316 2.60291
-21.44001 2.48801
-21.18166 2.60291
-21.16751 2.62083
-21.44812 2.50424
-21.84521 2.62083
-21.87875 2.63831
-21.45621 2.52042
-21.15145 2.63831
-21.13368 2.65555
-21.46428 2.53657
-21.91378 2.65555
-21.95058 2.67237
-21.47233 2.55267
-21.11368 2.67237
-21.09158 2.68876
-21.48037 2.56873
-21.98918 2.68876
-21.95498 2.69675
-21.48838 2.58476
-21.13368 2.69675
-21.17668 2.70396
-21.49637 2.60074
-21.91918 2.70396
-21.88179 2.71057
-21.50435 2.61670
-21.22069 2.71057
-21.26550 2.71641
-21.51231 2.63262
-21.84280 2.71641
-21.80243 2.72146
-21.52025 2.64850
-21.31093 2.72146
-21.35697 2.72573
-21.52818 2.66436
-21.76067 2.72573
-21.71762 2.72903
-21.53609 2.68018
-21.40332 2.72903
-21.44988 2.73156
-21.54399 2.69597
-21.67358 2.73156
-21.62865 2.73330
-21.55187 2.71174
-21.49655 2.73330
-21.54294 2.73408
-21.55974 2.72748
-22.55818 2.92915
-22.09872 2.01023
-22.09872 2.01023
-22.10463 2.03266
-22.10725 2.02729
-22.11513 2.03266
-22.13284 2.05648
-22.11629 2.04537
-22.11074 2.05648
-22.11636 2.07992
-22.12528 2.06336
-22.15066 2.07992
-22.16860 2.10319
-22.13422 2.08124
-22.12170 2.10319
-22.12655 2.12610
-22.14312 2.09903
-22.18665 2.12610
-22.20494 2.14907
-22.15197 2.11674
-22.13124 2.14907
-22.13535 2.17169
-22.16078 2.13435
-22.22345 2.17169
-22.24209 2.19417
-22.16954 2.15188
-22.13919 2.19417
-22.14256 2.21653
-22.17826 2.16933
-22.26106 2.21653
-22.28038 2.23876
-22.18695 2.18669
-22.14548 2.23876
-22.14793 2.26066
-22.19559 2.20398
-22.29983 2.26066
-22.31952 2.28224
-22.20420 2.22120
-22.14982 2.28224
-22.15126 2.30393
-22.21277 2.23834
-22.33976 2.30393
-22.36025 2.32530
-22.22130 2.25541
-22.15215 2.32530
-22.15248 2.34657
-22.22980 2.27241
-22.38118 2.34657
-22.40247 2.36754
-22.23827 2.28934
-22.15217 2.36754
-22.15101 2.38822
-22.24671 2.30621
-22.42431 2.38822
-22.44671 2.40902
-22.25511 2.32302
-22.14941 2.40902
-22.14687 2.42933
-22.26348 2.33976
-22.46957 2.42933
-22.49308 2.44957
-22.27183 2.35645
-22.14358 2.44957
-22.13936 2.46953
-22.28014 2.37308
-22.51726 2.46953
-22.54221 2.48942
-22.28843 2.38965
-22.13431 2.48942
-22.12812 2.50884
-22.29669 2.40617
-22.56782 2.50884
-22.59440 2.52820
-22.30492 2.42264
-22.12090 2.52820
-22.11255 2.54731
-22.31313 2.43905
-22.62185 2.54731
-22.65038 2.56616
-22.32131 2.45542
-22.10288 2.56616
-22.09188 2.58476
-22.32947 2.47174
-22.67998 2.58476
-22.71076 2.60291
-22.33761 2.48801
-22.07926 2.60291
-22.06511 2.62083
-22.34572 2.50424
-22.74281 2.62083
-22.77635 2.63831
-22.35381 2.52042
-22.04905 2.63831
-22.03128 2.65555
-22.36188 2.53657
-22.81138 2.65555
-22.84818 2.67237
-22.36993 2.55267
-22.01128 2.67237
-21.98918 2.68876
-22.37797 2.56873
-22.88668 2.68876
-22.85258 2.69675
-22.38598 2.58476
-22.03128 2.69675
-22.07428 2.70396
-22.39397 2.60074
-22.81678 2.70396
-22.77939 2.71057
-22.40195 2.61670
-22.11829 2.71057
-22.16310 2.71641
-22.40991 2.63262
-22.74040 2.71641
-22.70003 2.72146
-22.41785 2.64850
-22.20853 2.72146
-22.25457 2.72573
-22.42578 2.66436
-22.65827 2.72573
-22.61522 2.72903
-22.43369 2.68018
-22.30092 2.72903
-22.34748 2.73156
-22.44159 2.69597
-22.57118 2.73156
-22.52625 2.73330
-22.44947 2.71174
-22.39415 2.73330
-22.44054 2.73408
-22.45734 2.72748
-23.45568 2.92915
-23.33609 2.68818
-24.30008 2.68876
-24.96618 2.68876
-25.86378 2.68876
-26.96988 2.68876
-27.93658 2.68857
-28.86458 2.68876
-29.64871 2.70182
-29.74348 2.68915
-29.86827 2.68954
-29.99307 2.68993
-30.11786 2.69032
-30.24265 2.69091
-30.36755 2.69149
-30.49254 2.69208
-30.61734 2.69227
-30.74193 2.69247
-30.86673 2.69286
-30.99152 2.69344
-31.11641 2.69403
-31.24141 2.69461
-31.36610 2.69481
-31.49080 2.69500
-31.61560 2.69539
-31.74039 2.69597
-31.86528 2.69656
-31.99027 2.69714
-32.11497 2.69734
-32.23967 2.69753
-32.36436 2.69792
-32.48925 2.69851
-32.61415 2.69909
-32.73904 2.69968
-32.86384 2.69987
-32.98843 2.70006
-33.11323 2.70045
-33.23802 2.70104
-33.36291 2.70162
-33.48790 2.70221
-33.61270 2.70240
-33.73730 2.70260
-33.86209 2.70299
-33.98688 2.70357
-34.11178 2.70415
-34.23677 2.70474
-34.36147 2.70493
-34.48616 2.70513
-34.61096 2.70552
-34.73575 2.70610
-34.86064 2.70668
-34.98553 2.70727
-35.11033 2.70746
-35.23503 2.70766
-35.35972 2.70805
-35.48461 2.70863
-35.60941 2.70921
-35.73430 2.70960
-35.85920 2.70999
-35.98389 2.71018
-36.10859 2.71057
-36.23338 2.71116
-36.35827 2.71174
-36.48316 2.71213
-36.60796 2.71252
-36.73266 2.71271
-36.85745 2.71310
-36.98224 2.71369
-37.10713 2.71427
-37.23193 2.71466
-37.35682 2.71505
-37.48152 2.71524
-37.60631 2.71563
-37.73111 2.71621
-37.85600 2.71680
-37.98079 2.71718
-38.10569 2.71757
-38.23038 2.71777
-38.35508 2.71816
-38.47997 2.71874
-38.60476 2.71932
-38.72966 2.71971
-38.85455 2.72010
-38.97925 2.72029
-39.10394 2.72068
-39.22883 2.72127
-39.35362 2.72185
-39.47852 2.72224
-39.60331 2.72263
-39.72801 2.72282
-39.85280 2.72321
-39.97760 2.72379
-40.10249 2.72437
-40.22728 2.72476
-40.35217 2.72515
-40.47687 2.72534
-40.60167 2.72573
-40.72636 2.72612
-40.85135 2.72690
-40.97614 2.72729
-41.10104 2.72767
-41.22573 2.72787
-41.35043 2.72826
-41.47522 2.72864
-41.60001 2.72923
-41.72500 2.72981
-41.84980 2.73020
-41.97460 2.73039
-42.09929 2.73078
-42.22408 2.73117
-42.34888 2.73175
-42.47377 2.73233
-42.59866 2.73272
-42.72336 2.73291
-42.84815 2.73330
-42.97285 2.73369
-43.09774 2.73427
-43.22263 2.73485
-43.34752 2.73524
-43.47222 2.73544
-43.59701 2.73582
-43.72171 2.73621
-43.84660 2.73679
-43.97149 2.73738
-44.09638 2.73776
-44.22118 2.73815
-44.34577 2.73835
-44.47057 2.73873
-44.59536 2.73932
-44.72035 2.73990
-44.84514 2.74029
-44.97004 2.74067
-45.09463 2.74087
-45.21943 2.74125
-45.34422 2.74184
-45.46911 2.74242
-45.59400 2.74281
-45.71880 2.74319
-45.84349 2.74339
-45.96829 2.74377
-46.09308 2.74436
-46.21797 2.74494
-46.34286 2.74533
-46.46766 2.74571
-46.59235 2.74591
-46.71705 2.74629
-46.84194 2.74688
-46.96683 2.74746
-47.09162 2.74784
-47.21652 2.74823
-47.34111 2.74843
-47.46591 2.74881
-47.59070 2.74939
-47.71559 2.74997
-47.84048 2.75036
-47.96537 2.75075
-48.08997 2.75094
-48.21477 2.75133
-48.33956 2.75191
-48.46445 2.75249
-48.58934 2.75288
-48.71413 2.75327
-48.83883 2.75346
-48.96362 2.75385
-49.08841 2.75443
-49.21330 2.75501
-49.33820 2.75540
-49.46299 2.75578
-49.58769 2.75598
-49.71238 2.75637
-49.83727 2.75695
-49.96216 2.75753
-50.08696 2.75791
-50.21185 2.75830
-50.33655 2.75849
-50.46124 2.75888
-50.58603 2.75946
-50.71092 2.76004
-50.83581 2.76043
-50.96071 2.76082
-51.08530 2.76101
-51.21010 2.76140
-51.33489 2.76198
-51.45968 2.76236
-51.58467 2.76294
-51.70947 2.76333
-51.83416 2.76353
-51.95896 2.76391
-52.08365 2.76430
-52.20854 2.76488
-52.33343 2.76546
-52.45832 2.76585
-52.58302 2.76604
-52.70771 2.76643
-52.83251 2.76681
-52.95740 2.76739
-53.08229 2.76797
-53.20718 2.76836
-53.33188 2.76855
-53.45657 2.76894
-53.58136 2.76933
-53.70615 2.76991
-53.83114 2.77049
-53.95594 2.77087
-54.08063 2.77107
-54.20543 2.77145
-54.33012 2.77184
-54.45501 2.77242
-54.58000 2.77300
-54.70470 2.77319
-54.82949 2.77358
-54.95428 2.77397
-55.07898 2.77435
-55.20387 2.77493
-55.32876 2.77551
-55.45355 2.77571
-55.57835 2.77609
-55.70304 2.77648
-55.82783 2.77686
-55.95262 2.77744
-56.07761 2.77802
-56.20241 2.77822
-56.32720 2.77860
-56.45189 2.77899
-56.57669 2.77938
-56.70148 2.77996
-56.82647 2.78053
-56.95116 2.78073
-57.07596 2.78111
-57.20075 2.78150
-57.32544 2.78189
-57.45033 2.78247
-57.57522 2.78305
-57.70002 2.78324
-57.82481 2.78362
-57.94951 2.78382
-58.07430 2.78440
-58.19919 2.78498
-58.32398 2.78536
-58.44887 2.78575
-58.57367 2.78613
-58.69826 2.78633
-58.82315 2.78691
-58.94794 2.78749
-59.07284 2.78787
-59.19773 2.78826
-59.32252 2.78864
-59.44712 2.78884
-59.57201 2.78942
-59.69680 2.78999
-59.82169 2.79038
-59.94648 2.79077
-60.07128 2.79115
-60.19597 2.79135
-60.32076 2.79192
-60.44565 2.79250
-60.57044 2.79289
-60.69534 2.79327
-60.82013 2.79366
-60.94483 2.79385
-61.06962 2.79443
-61.19451 2.79501
-61.31930 2.79540
-61.44419 2.79578
-61.56898 2.79617
-61.69358 2.79636
-61.81847 2.79694
-61.94326 2.79752
-62.06815 2.79790
-62.19294 2.79829
-62.31784 2.79867
-62.44243 2.79887
-62.56732 2.79945
-62.69211 2.80002
-62.81691 2.80041
-62.94180 2.80080
-63.06659 2.80118
-63.19129 2.80137
-63.31618 2.80195
-63.44087 2.80234
-63.56576 2.80292
-63.69065 2.80330
-63.81544 2.80369
-63.94014 2.80388
-64.06493 2.80446
-64.18972 2.80484
-64.31461 2.80542
-64.43950 2.80581
-64.56430 2.80619
-64.68899 2.80639
-64.81378 2.80696
-64.93847 2.80735
-65.06346 2.80793
-65.18826 2.80831
-65.31315 2.80870
-65.43775 2.80889
-65.56254 2.80928
-65.68733 2.80985
-65.81222 2.81043
-65.93711 2.81082
-66.06190 2.81120
-66.18660 2.81139
-66.31139 2.81178
-66.43618 2.81236
-66.56107 2.81294
-66.68596 2.81332
-66.81075 2.81371
-66.93545 2.81390
-67.06014 2.81428
-67.18503 2.81486
-67.30992 2.81544
-67.43471 2.81582
-67.55960 2.81621
-67.68430 2.81640
-67.80899 2.81679
-67.93378 2.81736
-68.05867 2.81794
-68.18356 2.81833
-68.30846 2.81871
-68.43305 2.81890
-68.55784 2.81929
-68.68263 2.81987
-68.80752 2.82044
-68.93241 2.82083
-69.05721 2.82121
-69.18190 2.82141
-69.30670 2.82179
-69.43148 2.82237
-69.55637 2.82295
-69.68117 2.82333
-69.80606 2.82372
-69.93075 2.82391
-70.05555 2.82429
-70.18034 2.82487
-70.30522 2.82545
-70.43002 2.82583
-70.55491 2.82622
-70.67960 2.82641
-70.80430 2.82679
-70.92919 2.82737
-71.05397 2.82795
-71.17887 2.82833
-71.30376 2.82872
-71.42836 2.82891
-71.55315 2.82930
-71.67794 2.82987
-71.80282 2.83045
-71.92772 2.83083
-72.05251 2.83122
-72.17721 2.83141
-72.30200 2.83180
-72.42679 2.83237
-72.55167 2.83295
-72.67647 2.83333
-72.80136 2.83372
-72.92606 2.83391
-73.05085 2.83429
-73.17564 2.83487
-73.30043 2.83526
-73.42522 2.83564
-73.55011 2.83603
-73.67480 2.83641
-74.11095 2.81390
-74.16382 2.81544
-74.10406 2.79733
-74.06252 2.81544
-74.00942 2.81544
-74.09509 2.77938
-74.21692 2.81544
-74.27322 2.81544
-74.08600 2.76120
-73.95302 2.81544
-73.89242 2.81544
-74.07700 2.74319
-74.33392 2.81544
-74.40022 2.81544
-74.06797 2.72515
-73.82602 2.81544
-73.75162 2.81544
-74.05884 2.70688
-74.47472 2.81544
-74.56192 2.81544
-74.04978 2.68876
-73.66432 2.81544
-73.21335 2.81390
-73.26622 2.81544
-73.20646 2.79733
-73.16492 2.81544
-73.11182 2.81544
-73.19749 2.77938
-73.31932 2.81544
-73.37562 2.81544
-73.18840 2.76120
-73.05542 2.81544
-72.99482 2.81544
-73.17940 2.74319
-73.43632 2.81544
-73.50262 2.81544
-73.17037 2.72515
-72.92842 2.81544
-72.85402 2.81544
-73.16124 2.70688
-73.57712 2.81544
-73.66432 2.81544
-73.15218 2.68876
-72.76672 2.81544
-72.31575 2.81390
-72.36862 2.81544
-72.30886 2.79733
-72.26732 2.81544
-72.21422 2.81544
-72.29989 2.77938
-72.42172 2.81544
-72.47802 2.81544
-72.29080 2.76120
-72.15782 2.81544
-72.09722 2.81544
-72.28180 2.74319
-72.53872 2.81544
-72.60502 2.81544
-72.27277 2.72515
-72.03082 2.81544
-71.95642 2.81544
-72.26364 2.70688
-72.67952 2.81544
-72.76672 2.81544
-72.25458 2.68876
-71.86912 2.81544
-71.41815 2.81390
-71.47102 2.81544
-71.41126 2.79733
-71.36972 2.81544
-71.31662 2.81544
-71.40229 2.77938
-71.52412 2.81544
-71.58042 2.81544
-71.39320 2.76120
-71.26022 2.81544
-71.19962 2.81544
-71.38420 2.74319
-71.64112 2.81544
-71.70742 2.81544
-71.37517 2.72515
-71.13322 2.81544
-71.05882 2.81544
-71.36604 2.70688
-71.78192 2.81544
-71.86912 2.81544
-71.35698 2.68876
-70.97152 2.81544
-70.52055 2.81390
-70.57342 2.81544
-70.51366 2.79733
-70.47212 2.81544
-70.41902 2.81544
-70.50469 2.77938
-70.62652 2.81544
-70.68282 2.81544
-70.49560 2.76120
-70.36262 2.81544
-70.30202 2.81544
-70.48660 2.74319
-70.74352 2.81544
-70.80982 2.81544
-70.47757 2.72515
-70.23562 2.81544
-70.16122 2.81544
-70.46844 2.70688
-70.88432 2.81544
-70.97152 2.81544
-70.45938 2.68876
-70.07392 2.81544
-69.62295 2.81390
-69.67582 2.81544
-69.61606 2.79733
-69.57452 2.81544
-69.52142 2.81544
-69.60709 2.77938
-69.72892 2.81544
-69.78532 2.81544
-69.59800 2.76120
-69.46502 2.81544
-69.40442 2.81544
-69.58900 2.74319
-69.84592 2.81544
-69.91222 2.81544
-69.57997 2.72515
-69.33802 2.81544
-69.26362 2.81544
-69.57084 2.70688
-69.98672 2.81544
-70.07392 2.81544
-69.56178 2.68876
-69.17632 2.81544
-68.72535 2.81390
-68.77822 2.81544
-68.71846 2.79733
-68.67692 2.81544
-68.62382 2.81544
-68.70949 2.77938
-68.83132 2.81544
-68.88772 2.81544
-68.70040 2.76120
-68.56742 2.81544
-68.50682 2.81544
-68.69140 2.74319
-68.94832 2.81544
-69.01462 2.81544
-68.68237 2.72515
-68.44042 2.81544
-68.36602 2.81544
-68.67324 2.70688
-69.08912 2.81544
-69.17632 2.81544
-68.66418 2.68876
-68.27872 2.81544
-68.27535 2.80870
-68.41092 2.81005
-68.54649 2.81159
-68.68197 2.81294
-68.81754 2.81448
-68.95311 2.81602
-69.08868 2.81756
-69.22425 2.81890
-69.35983 2.82025
-69.49530 2.82160
-69.63087 2.82314
-69.76634 2.82468
-69.90201 2.82622
-70.03768 2.82756
-70.17306 2.82872
-70.30863 2.83026
-70.44410 2.83180
-70.57977 2.83333
-70.71534 2.83468
-70.85091 2.83603
-70.98639 2.83737
-71.12185 2.83891
-71.25742 2.84045
-71.39309 2.84198
-71.52866 2.84333
-71.66424 2.84467
-71.79971 2.84602
-71.93518 2.84755
-72.07075 2.84909
-72.20641 2.85063
-72.34199 2.85197
-72.47756 2.85332
-72.61293 2.85466
-72.74850 2.85620
-72.88407 2.85773
-73.01973 2.85927
-73.15521 2.86042
-73.29078 2.86195
-73.42625 2.86330
-73.56181 2.86502
-73.69738 2.86636
-73.83305 2.86771
-73.96852 2.86905
-74.10409 2.87058
-74.23956 2.87212
-74.37513 2.87365
-74.51080 2.87499
-74.64637 2.87634
-74.78184 2.87768
-74.91731 2.87921
-75.05287 2.88074
-75.18844 2.88209
-75.32411 2.88362
-75.45968 2.88496
-75.59515 2.88630
-75.73062 2.88783
-75.86618 2.88936
-76.00175 2.89071
-76.13732 2.89205
-76.27289 2.89339
-76.40836 2.89492
-76.54382 2.89645
-76.67949 2.89798
-76.81506 2.89932
-76.95063 2.90066
-77.08610 2.90200
-77.22167 2.90353
-77.35713 2.90506
-77.49280 2.90659
-77.62837 2.90793
-77.76394 2.90927
-77.89940 2.91061
-78.03487 2.91214
-78.17043 2.91367
-78.30600 2.91501
-78.44167 2.91635
-78.57724 2.91788
-78.71261 2.91921
-78.84817 2.92074
-78.98374 2.92227
-79.11941 2.92361
-79.25497 2.92495
-79.39044 2.92629
-79.52591 2.92782
-79.66147 2.92934
-79.79714 2.93087
-79.93271 2.93221
-80.06827 2.93355
-80.20364 2.93488
-80.33911 2.93641
-80.47477 2.93794
-80.61043 2.93947
-80.74600 2.94081
-80.88147 2.94214
-81.01703 2.94367
-81.15240 2.94501
-81.28807 2.94653
-81.42363 2.94787
-81.55920 2.94921
-81.69477 2.95073
-81.83023 2.95226
-81.96570 2.95360
-82.10136 2.95512
-82.23703 2.95646
-82.37250 2.95779
-82.50806 2.95932
-82.64352 2.96085
-82.77899 2.96218
-82.91465 2.96371
-83.05032 2.96504
-83.18579 2.96638
-83.32125 2.96790
-83.45672 2.96943
-83.59228 2.97077
-83.72795 2.97210
-83.86361 2.97363
-83.99898 2.97496
-84.13444 2.97649
-84.27001 2.97801
-84.40567 2.97934
-84.54124 2.98068
-84.67681 2.98201
-84.81227 2.98354
-84.94773 2.98506
-85.08329 2.98659
-85.21896 2.98792
-85.35453 2.98926
-85.48999 2.99059
-85.62546 2.99211
-85.76092 2.99364
-85.89659 2.99497
-86.03225 2.99650
-86.16781 2.99783
-86.30328 2.99916
-86.43864 3.00069
-86.57420 3.00221
-86.70987 3.00354
-86.84544 3.00488
-86.98110 3.00640
-87.11647 3.00773
-87.25193 3.00926
-87.38759 3.01078
-87.52316 3.01211
-87.65882 3.01344
-87.79428 3.01497
-87.92965 3.01630
-88.06521 3.01782
-88.20087 3.01935
-88.33654 3.02068
-88.47211 3.02201
-88.60747 3.02353
-88.74283 3.02487
-88.87849 3.02639
-89.01406 3.02772
-89.14982 3.02924
-89.28529 3.03058
-89.42065 3.03210
-89.55611 3.03343
-89.69178 3.03495
-89.82744 3.03628
-89.96301 3.03762
-90.09847 3.03914
-90.23393 3.04066
-90.36930 3.04199
-90.50506 3.04351
-90.64072 3.04484
-90.77629 3.04618
-90.91165 3.04770
-91.04711 3.04922
-91.18258 3.05055
-91.31844 3.05207
-91.45400 3.05340
-91.58947 3.05474
-91.72433 3.05626
-91.85929 3.05778
-91.99475 3.05930
-92.13061 3.06082
-92.26678 3.06215
-92.40274 3.06348
-92.53841 3.06481
-92.67357 3.06614
-92.80833 3.06767
-92.94339 3.06919
-93.07885 3.07071
-93.21482 3.07204
-93.35098 3.07337
-93.48705 3.07470
-93.62281 3.07622
-93.75778 3.07755
-93.89234 3.07907
-94.02740 3.08059
-94.16296 3.08211
-94.29902 3.08344
-94.43539 3.08478
-94.57145 3.08611
-94.70702 3.08744
-94.84178 3.08896
-94.97624 3.09048
-95.11120 3.09200
-95.24686 3.09333
-95.38322 3.09485
-95.51969 3.09618
-95.65585 3.09751
-95.79122 3.09884
-95.92558 3.10036
-96.05984 3.10188
-96.19471 3.10321
-96.33067 3.10473
-96.46713 3.10606
-96.60399 3.10758
-96.74026 3.10891
-96.87522 3.11024
-97.00908 3.11176
-97.14294 3.11328
-97.27771 3.11461
-97.41387 3.11613
-97.55093 3.11746
-97.68820 3.11879
-97.82466 3.12031
-97.95872 3.12164
-98.09148 3.12316
-98.22425 3.12449
-98.35871 3.12601
-98.49517 3.12734
-98.63353 3.12886
-98.77230 3.13019
-98.90886 3.13171
-99.04072 3.13304
-99.16998 3.13456
-99.29865 3.13589
-99.42971 3.13741
-99.56537 3.13874
-99.70773 3.14026
-100.53100 3.14159