# sss file
-1.57080 3.14159
-1.57080 3.14159
18.53200 0.63512
638.45753 3.13897
636.17256 3.14159
639.32089 3.12803
639.42289 2.92402
639.41783 2.87911
639.35277 2.84418
639.18805 2.79431
639.14158 2.76207
639.13474 2.71739
639.14029 2.70382
639.14988 2.65678
639.12582 2.61822
639.05617 2.56258
639.04332 2.52760
639.05682 2.47806
639.07520 2.41930
639.06510 2.36631
639.05393 2.31423
639.06923 2.25771
639.07613 2.24310
639.10446 2.17025
639.12351 2.06055
639.15163 1.99392
639.19379 1.89641
639.23415 1.78322
639.26272 1.72266
639.32832 1.57975
639.39395 1.43577
639.40429 1.41497
639.33676 1.55968
639.27164 1.70466
639.26272 1.72266
639.34003 1.57975
639.41837 1.43577
639.42884 1.41497
639.35165 1.55968
639.27179 1.70466
639.26272 1.72266
639.21681 1.82676
639.17764 1.93805
639.15163 1.99392
639.20698 1.89641
639.27980 1.78322
639.31180 1.72266
639.37741 1.57975
639.44304 1.43577
639.45338 1.41497
639.38585 1.55968
639.32073 1.70466
639.31180 1.72266
639.38911 1.57975
639.46746 1.43577
639.47792 1.41497
639.40074 1.55968
639.32088 1.70466
639.31180 1.72266
639.25361 1.82676
639.18149 1.93805
639.15163 1.99392
639.12047 2.07080
639.10178 2.18010
639.07613 2.24310
639.12065 2.17025
639.21130 2.06055
639.24980 1.99392
639.29197 1.89641
639.33233 1.78322
639.36089 1.72266
639.42650 1.57975
639.49213 1.43577
639.50247 1.41497
639.43494 1.55968
639.36982 1.70466
639.36089 1.72266
639.43820 1.57975
639.51654 1.43577
639.52701 1.41497
639.44982 1.55968
639.36996 1.70466
639.36089 1.72266
639.31498 1.82676
639.27581 1.93805
639.24980 1.99392
639.30516 1.89641
639.37798 1.78322
639.40998 1.72266
639.47558 1.57975
639.54122 1.43577
639.55155 1.41497
639.48403 1.55968
639.41890 1.70466
639.40998 1.72266
639.48729 1.57975
639.56563 1.43577
639.57610 1.41497
639.49891 1.55968
639.41905 1.70466
639.40998 1.72266
639.35179 1.82676
639.27967 1.93805
639.24980 1.99392
639.20409 2.07080
639.11348 2.18010
639.07613 2.24310
639.05479 2.30477
639.06009 2.35292
639.07550 2.41028
639.06327 2.46413
639.05682 2.47806
639.09721 2.41930
639.16030 2.36631
639.22355 2.31423
639.26476 2.25771
639.27248 2.24310
639.30081 2.17025
639.31986 2.06055
639.34798 1.99392
639.39014 1.89641
639.43050 1.78322
639.45907 1.72266
639.52467 1.57975
639.59030 1.43577
639.60064 1.41497
639.53311 1.55968
639.46799 1.70466
639.45907 1.72266
639.53638 1.57975
639.61472 1.43577
639.62519 1.41497
639.54800 1.55968
639.46814 1.70466
639.45907 1.72266
639.41316 1.82676
639.37399 1.93805
639.34798 1.99392
639.40333 1.89641
639.47615 1.78322
639.50815 1.72266
639.57376 1.57975
639.63939 1.43577
639.64973 1.41497
639.58220 1.55968
639.51708 1.70466
639.50815 1.72266
639.58546 1.57975
639.66381 1.43577
639.67427 1.41497
639.59709 1.55968
639.51722 1.70466
639.50815 1.72266
639.44996 1.82676
639.37784 1.93805
639.34798 1.99392
639.31682 2.07080
639.29813 2.18010
639.27248 2.24310
639.31700 2.17025
639.40765 2.06055
639.44615 1.99392
639.48832 1.89641
639.52868 1.78322
639.55724 1.72266
639.62285 1.57975
639.68848 1.43577
639.69882 1.41497
639.63129 1.55968
639.56617 1.70466
639.55724 1.72266
639.63455 1.57975
639.71289 1.43577
639.72336 1.41497
639.64617 1.55968
639.56631 1.70466
639.55724 1.72266
639.51133 1.82676
639.47216 1.93805
639.44615 1.99392
639.50151 1.89641
639.57433 1.78322
639.60633 1.72266
639.67193 1.57975
639.73756 1.43577
639.74790 1.41497
639.68038 1.55968
639.61525 1.70466
639.60633 1.72266
639.68364 1.57975
639.76198 1.43577
639.77245 1.41497
639.69526 1.55968
639.61540 1.70466
639.60633 1.72266
639.54814 1.82676
639.47602 1.93805
639.44615 1.99392
639.40044 2.07080
639.30983 2.18010
639.27248 2.24310
639.23214 2.30477
639.17869 2.35292
639.10593 2.41028
639.06431 2.46413
639.05682 2.47806
639.04332 2.52760
639.05617 2.56258
639.13876 2.63176
639.15058 2.66685
639.14029 2.70382
639.17774 2.65678
639.24037 2.61822
639.36566 2.56258
639.41348 2.52760
639.44952 2.47806
639.46790 2.41930
639.45779 2.36631
639.44663 2.31423
639.46193 2.25771
639.46883 2.24310
639.49716 2.17025
639.51620 2.06055
639.54433 1.99392
639.58649 1.89641
639.62685 1.78322
639.65542 1.72266
639.72102 1.57975
639.78665 1.43577
639.79699 1.41497
639.72946 1.55968
639.66434 1.70466
639.65542 1.72266
639.73273 1.57975
639.81107 1.43577
639.82153 1.41497
639.74435 1.55968
639.66449 1.70466
639.65542 1.72266
639.60951 1.82676
639.57034 1.93805
639.54433 1.99392
639.59968 1.89641
639.67250 1.78322
639.70450 1.72266
639.77011 1.57975
639.83574 1.43577
639.84608 1.41497
639.77855 1.55968
639.71343 1.70466
639.70450 1.72266
639.78181 1.57975
639.86016 1.43577
639.87062 1.41497
639.79344 1.55968
639.71357 1.70466
639.70450 1.72266
639.64631 1.82676
639.57419 1.93805
639.54433 1.99392
639.51317 2.07080
639.49448 2.18010
639.46883 2.24310
639.51335 2.17025
639.60400 2.06055
639.64250 1.99392
639.68466 1.89641
639.72503 1.78322
639.75359 1.72266
639.81919 1.57975
639.88483 1.43577
639.89517 1.41497
639.82764 1.55968
639.76252 1.70466
639.75359 1.72266
639.83090 1.57975
639.90924 1.43577
639.91971 1.41497
639.84252 1.55968
639.76266 1.70466
639.75359 1.72266
639.70768 1.82676
639.66851 1.93805
639.64250 1.99392
639.69786 1.89641
639.77068 1.78322
639.80268 1.72266
639.86828 1.57975
639.93391 1.43577
639.94425 1.41497
639.87672 1.55968
639.81160 1.70466
639.80268 1.72266
639.87999 1.57975
639.95833 1.43577
639.96880 1.41497
639.89161 1.55968
639.81175 1.70466
639.80268 1.72266
639.74449 1.82676
639.67236 1.93805
639.64250 1.99392
639.59679 2.07080
639.50618 2.18010
639.46883 2.24310
639.44749 2.30477
639.45279 2.35292
639.46820 2.41028
639.45597 2.46413
639.44952 2.47806
639.48991 2.41930
639.55300 2.36631
639.61625 2.31423
639.65746 2.25771
639.66518 2.24310
639.69351 2.17025
639.71255 2.06055
639.74068 1.99392
639.78284 1.89641
639.82320 1.78322
639.85176 1.72266
639.91737 1.57975
639.98300 1.43577
639.99334 1.41497
639.92581 1.55968
639.86069 1.70466
639.85176 1.72266
639.92908 1.57975
640.00742 1.43577
640.01788 1.41497
639.94070 1.55968
639.86084 1.70466
639.85176 1.72266
639.80586 1.82676
639.76669 1.93805
639.74068 1.99392
639.79603 1.89641
639.86885 1.78322
639.90085 1.72266
639.96646 1.57975
640.03209 1.43577
640.04243 1.41497
639.97490 1.55968
639.90978 1.70466
639.90085 1.72266
639.97816 1.57975
640.05651 1.43577
640.06697 1.41497
639.98979 1.55968
639.90992 1.70466
639.90085 1.72266
639.84266 1.82676
639.77054 1.93805
639.74068 1.99392
639.70952 2.07080
639.69083 2.18010
639.66518 2.24310
639.70970 2.17025
639.80035 2.06055
639.83885 1.99392
639.88101 1.89641
639.92138 1.78322
639.94994 1.72266
640.01554 1.57975
640.08118 1.43577
640.09152 1.41497
640.02399 1.55968
639.95887 1.70466
639.94994 1.72266
640.02725 1.57975
640.10559 1.43577
640.11606 1.41497
640.03887 1.55968
639.95901 1.70466
639.94994 1.72266
639.90403 1.82676
639.86486 1.93805
639.83885 1.99392
639.89420 1.89641
639.96703 1.78322
639.99903 1.72266
640.06463 1.57975
640.13026 1.43577
640.14060 1.41497
640.07307 1.55968
640.00795 1.70466
639.99903 1.72266
640.07634 1.57975
640.15468 1.43577
640.16515 1.41497
640.08796 1.55968
640.00810 1.70466
639.99903 1.72266
639.94084 1.82676
639.86871 1.93805
639.83885 1.99392
639.79314 2.07080
639.70253 2.18010
639.66518 2.24310
639.62484 2.30477
639.57139 2.35292
639.49863 2.41028
639.45701 2.46413
639.44952 2.47806
639.41348 2.52760
639.36566 2.56258
639.21389 2.63176
639.16697 2.66685
639.14029 2.70382
639.13572 2.75221
639.17344 2.78721
639.27836 2.82333
639.38418 2.85622
639.42424 2.88854
639.42289 2.92402
639.47286 2.87911
639.57285 2.84418
639.78745 2.79431
639.86615 2.76207
639.91766 2.71739
639.92569 2.70382
639.93528 2.65678
639.91122 2.61822
639.84157 2.56258
639.82872 2.52760
639.84222 2.47806
639.86060 2.41930
639.85049 2.36631
639.83933 2.31423
639.85463 2.25771
639.86152 2.24310
639.88986 2.17025
639.90890 2.06055
639.93703 1.99392
639.97919 1.89641
640.01955 1.78322
640.04811 1.72266
640.11372 1.57975
640.17935 1.43577
640.18969 1.41497
640.12216 1.55968
640.05704 1.70466
640.04811 1.72266
640.12542 1.57975
640.20377 1.43577
640.21423 1.41497
640.13705 1.55968
640.05719 1.70466
640.04811 1.72266
640.00221 1.82676
639.96304 1.93805
639.93703 1.99392
639.99238 1.89641
640.06520 1.78322
640.09720 1.72266
640.16281 1.57975
640.22844 1.43577
640.23878 1.41497
640.17125 1.55968
640.10613 1.70466
640.09720 1.72266
640.17451 1.57975
640.25286 1.43577
640.26332 1.41497
640.18613 1.55968
640.10627 1.70466
640.09720 1.72266
640.03901 1.82676
639.96689 1.93805
639.93703 1.99392
639.90587 2.07080
639.88718 2.18010
639.86152 2.24310
639.90605 2.17025
639.99670 2.06055
640.03520 1.99392
640.07736 1.89641
640.11773 1.78322
640.14629 1.72266
640.21189 1.57975
640.27753 1.43577
640.28786 1.41497
640.22034 1.55968
640.15522 1.70466
640.14629 1.72266
640.22360 1.57975
640.30194 1.43577
640.31241 1.41497
640.23522 1.55968
640.15536 1.70466
640.14629 1.72266
640.10038 1.82676
640.06121 1.93805
640.03520 1.99392
640.09055 1.89641
640.16338 1.78322
640.19538 1.72266
640.26098 1.57975
640.32661 1.43577
640.33695 1.41497
640.26942 1.55968
640.20430 1.70466
640.19538 1.72266
640.27269 1.57975
640.35103 1.43577
640.36150 1.41497
640.28431 1.55968
640.20445 1.70466
640.19538 1.72266
640.13719 1.82676
640.06506 1.93805
640.03520 1.99392
639.98949 2.07080
639.89888 2.18010
639.86152 2.24310
639.84019 2.30477
639.84549 2.35292
639.86089 2.41028
639.84866 2.46413
639.84222 2.47806
639.88261 2.41930
639.94570 2.36631
640.00895 2.31423
640.05016 2.25771
640.05787 2.24310
640.08621 2.17025
640.10525 2.06055
640.13338 1.99392
640.17554 1.89641
640.21590 1.78322
640.24446 1.72266
640.31007 1.57975
640.37570 1.43577
640.38604 1.41497
640.31851 1.55968
640.25339 1.70466
640.24446 1.72266
640.32177 1.57975
640.40012 1.43577
640.41058 1.41497
640.33340 1.55968
640.25354 1.70466
640.24446 1.72266
640.19856 1.82676
640.15938 1.93805
640.13338 1.99392
640.18873 1.89641
640.26155 1.78322
640.29355 1.72266
640.35916 1.57975
640.42479 1.43577
640.43513 1.41497
640.36760 1.55968
640.30248 1.70466
640.29355 1.72266
640.37086 1.57975
640.44921 1.43577
640.45967 1.41497
640.38248 1.55968
640.30262 1.70466
640.29355 1.72266
640.23536 1.82676
640.16324 1.93805
640.13338 1.99392
640.10222 2.07080
640.08353 2.18010
640.05787 2.24310
640.10240 2.17025
640.19305 2.06055
640.23155 1.99392
640.27371 1.89641
640.31408 1.78322
640.34264 1.72266
640.40824 1.57975
640.47388 1.43577
640.48421 1.41497
640.41669 1.55968
640.35157 1.70466
640.34264 1.72266
640.41995 1.57975
640.49829 1.43577
640.50876 1.41497
640.43157 1.55968
640.35171 1.70466
640.34264 1.72266
640.29673 1.82676
640.25756 1.93805
640.23155 1.99392
640.28690 1.89641
640.35973 1.78322
640.39173 1.72266
640.45733 1.57975
640.52296 1.43577
640.53330 1.41497
640.46577 1.55968
640.40065 1.70466
640.39173 1.72266
640.46904 1.57975
640.54738 1.43577
640.55785 1.41497
640.48066 1.55968
640.40080 1.70466
640.39173 1.72266
640.33354 1.82676
640.26141 1.93805
640.23155 1.99392
640.18584 2.07080
640.09523 2.18010
640.05787 2.24310
640.01754 2.30477
639.96409 2.35292
639.89133 2.41028
639.84971 2.46413
639.84222 2.47806
639.82872 2.52760
639.84157 2.56258
639.92415 2.63176
639.93598 2.66685
639.92569 2.70382
639.96314 2.65678
640.02577 2.61822
640.15105 2.56258
640.19888 2.52760
640.23492 2.47806
640.25330 2.41930
640.24319 2.36631
640.23203 2.31423
640.24733 2.25771
640.25422 2.24310
640.28256 2.17025
640.30160 2.06055
640.32973 1.99392
640.37189 1.89641
640.41225 1.78322
640.44081 1.72266
640.50642 1.57975
640.57205 1.43577
640.58239 1.41497
640.51486 1.55968
640.44974 1.70466
640.44081 1.72266
640.51812 1.57975
640.59647 1.43577
640.60693 1.41497
640.52975 1.55968
640.44988 1.70466
640.44081 1.72266
640.39491 1.82676
640.35573 1.93805
640.32973 1.99392
640.38508 1.89641
640.45790 1.78322
640.48990 1.72266
640.55551 1.57975
640.62114 1.43577
640.63148 1.41497
640.56395 1.55968
640.49883 1.70466
640.48990 1.72266
640.56721 1.57975
640.64555 1.43577
640.65602 1.41497
640.57883 1.55968
640.49897 1.70466
640.48990 1.72266
640.43171 1.82676
640.35959 1.93805
640.32973 1.99392
640.29857 2.07080
640.27988 2.18010
640.25422 2.24310
640.29875 2.17025
640.38940 2.06055
640.42790 1.99392
640.47006 1.89641
640.51043 1.78322
640.53899 1.72266
640.60459 1.57975
640.67022 1.43577
640.68056 1.41497
640.61304 1.55968
640.54791 1.70466
640.53899 1.72266
640.61630 1.57975
640.69464 1.43577
640.70511 1.41497
640.62792 1.55968
640.54806 1.70466
640.53899 1.72266
640.49308 1.82676
640.45391 1.93805
640.42790 1.99392
640.48325 1.89641
640.55608 1.78322
640.58808 1.72266
640.65368 1.57975
640.71931 1.43577
640.72965 1.41497
640.66212 1.55968
640.59700 1.70466
640.58808 1.72266
640.66539 1.57975
640.74373 1.43577
640.75419 1.41497
640.67701 1.55968
640.59715 1.70466
640.58808 1.72266
640.52989 1.82676
640.45776 1.93805
640.42790 1.99392
640.38219 2.07080
640.29158 2.18010
640.25422 2.24310
640.23289 2.30477
640.23819 2.35292
640.25359 2.41028
640.24136 2.46413
640.23492 2.47806
640.27530 2.41930
640.33840 2.36631
640.40165 2.31423
640.44286 2.25771
640.45057 2.24310
640.47891 2.17025
640.49795 2.06055
640.52608 1.99392
640.56824 1.89641
640.60860 1.78322
640.63716 1.72266
640.70277 1.57975
640.76840 1.43577
640.77874 1.41497
640.71121 1.55968
640.64609 1.70466
640.63716 1.72266
640.71447 1.57975
640.79282 1.43577
640.80328 1.41497
640.72610 1.55968
640.64623 1.70466
640.63716 1.72266
640.59125 1.82676
640.55208 1.93805
640.52608 1.99392
640.58143 1.89641
640.65425 1.78322
640.68625 1.72266
640.75185 1.57975
640.81749 1.43577
640.82783 1.41497
640.76030 1.55968
640.69518 1.70466
640.68625 1.72266
640.76356 1.57975
640.84190 1.43577
640.85237 1.41497
640.77518 1.55968
640.69532 1.70466
640.68625 1.72266
640.62806 1.82676
640.55594 1.93805
640.52608 1.99392
640.49492 2.07080
640.47623 2.18010
640.45057 2.24310
640.49510 2.17025
640.58575 2.06055
640.62425 1.99392
640.66641 1.89641
640.70678 1.78322
640.73534 1.72266
640.80094 1.57975
640.86657 1.43577
640.87691 1.41497
640.80939 1.55968
640.74426 1.70466
640.73534 1.72266
640.81265 1.57975
640.89099 1.43577
640.90146 1.41497
640.82427 1.55968
640.74441 1.70466
640.73534 1.72266
640.68943 1.82676
640.65026 1.93805
640.62425 1.99392
640.67960 1.89641
640.75242 1.78322
640.78443 1.72266
640.85003 1.57975
640.91566 1.43577
640.92600 1.41497
640.85847 1.55968
640.79335 1.70466
640.78443 1.72266
640.86174 1.57975
640.94008 1.43577
640.95054 1.41497
640.87336 1.55968
640.79350 1.70466
640.78443 1.72266
640.72623 1.82676
640.65411 1.93805
640.62425 1.99392
640.57854 2.07080
640.48793 2.18010
640.45057 2.24310
640.41024 2.30477
640.35679 2.35292
640.28403 2.41028
640.24240 2.46413
640.23492 2.47806
640.19888 2.52760
640.15105 2.56258
639.99929 2.63176
639.95237 2.66685
639.92569 2.70382
639.88187 2.75221
639.80916 2.78721
639.66811 2.82333
639.52940 2.85622
639.45702 2.88854
639.42289 2.92402
639.32089 3.12803
642.45172 3.14159
640.89168 3.12803
640.99369 2.92402
640.98863 2.87911
640.92356 2.84418
640.75884 2.79431
640.71238 2.76207
640.70554 2.71739
640.71109 2.70382
640.72068 2.65678
640.69662 2.61822
640.62696 2.56258
640.61412 2.52760
640.62762 2.47806
640.64600 2.41930
640.63589 2.36631
640.62472 2.31423
640.64003 2.25771
640.64692 2.24310
640.67526 2.17025
640.69430 2.06055
640.72243 1.99392
640.76459 1.89641
640.80495 1.78322
640.83351 1.72266
640.89912 1.57975
640.96475 1.43577
640.97509 1.41497
640.90756 1.55968
640.84244 1.70466
640.83351 1.72266
640.91082 1.57975
640.98917 1.43577
640.99963 1.41497
640.92245 1.55968
640.84258 1.70466
640.83351 1.72266
640.78760 1.82676
640.74843 1.93805
640.72243 1.99392
640.77778 1.89641
640.85060 1.78322
640.88260 1.72266
640.94820 1.57975
641.01384 1.43577
641.02418 1.41497
640.95665 1.55968
640.89153 1.70466
640.88260 1.72266
640.95991 1.57975
641.03825 1.43577
641.04872 1.41497
640.97153 1.55968
640.89167 1.70466
640.88260 1.72266
640.82441 1.82676
640.75229 1.93805
640.72243 1.99392
640.69127 2.07080
640.67257 2.18010
640.64692 2.24310
640.69145 2.17025
640.78210 2.06055
640.82060 1.99392
640.86276 1.89641
640.90313 1.78322
640.93169 1.72266
640.99729 1.57975
641.06292 1.43577
641.07326 1.41497
641.00573 1.55968
640.94061 1.70466
640.93169 1.72266
641.00900 1.57975
641.08734 1.43577
641.09781 1.41497
641.02062 1.55968
640.94076 1.70466
640.93169 1.72266
640.88578 1.82676
640.84661 1.93805
640.82060 1.99392
640.87595 1.89641
640.94877 1.78322
640.98077 1.72266
641.04638 1.57975
641.11201 1.43577
641.12235 1.41497
641.05482 1.55968
640.98970 1.70466
640.98077 1.72266
641.05808 1.57975
641.13643 1.43577
641.14689 1.41497
641.06971 1.55968
640.98985 1.70466
640.98077 1.72266
640.92258 1.82676
640.85046 1.93805
640.82060 1.99392
640.77489 2.07080
640.68428 2.18010
640.64692 2.24310
640.62559 2.30477
640.63089 2.35292
640.64629 2.41028
640.63406 2.46413
640.62762 2.47806
640.66800 2.41930
640.73110 2.36631
640.79435 2.31423
640.83556 2.25771
640.84327 2.24310
640.87161 2.17025
640.89065 2.06055
640.91878 1.99392
640.96094 1.89641
641.00130 1.78322
641.02986 1.72266
641.09547 1.57975
641.16110 1.43577
641.17144 1.41497
641.10391 1.55968
641.03879 1.70466
641.02986 1.72266
641.10717 1.57975
641.18552 1.43577
641.19598 1.41497
641.11879 1.55968
641.03893 1.70466
641.02986 1.72266
640.98395 1.82676
640.94478 1.93805
640.91878 1.99392
640.97413 1.89641
641.04695 1.78322
641.07895 1.72266
641.14455 1.57975
641.21019 1.43577
641.22053 1.41497
641.15300 1.55968
641.08788 1.70466
641.07895 1.72266
641.15626 1.57975
641.23460 1.43577
641.24507 1.41497
641.16788 1.55968
641.08802 1.70466
641.07895 1.72266
641.02076 1.82676
640.94864 1.93805
640.91878 1.99392
640.88762 2.07080
640.86892 2.18010
640.84327 2.24310
640.88780 2.17025
640.97845 2.06055
641.01695 1.99392
641.05911 1.89641
641.09948 1.78322
641.12804 1.72266
641.19364 1.57975
641.25927 1.43577
641.26961 1.41497
641.20208 1.55968
641.13696 1.70466
641.12804 1.72266
641.20535 1.57975
641.28369 1.43577
641.29416 1.41497
641.21697 1.55968
641.13711 1.70466
641.12804 1.72266
641.08213 1.82676
641.04296 1.93805
641.01695 1.99392
641.07230 1.89641
641.14512 1.78322
641.17712 1.72266
641.24273 1.57975
641.30836 1.43577
641.31870 1.41497
641.25117 1.55968
641.18605 1.70466
641.17712 1.72266
641.25443 1.57975
641.33278 1.43577
641.34324 1.41497
641.26606 1.55968
641.18620 1.70466
641.17712 1.72266
641.11893 1.82676
641.04681 1.93805
641.01695 1.99392
640.97124 2.07080
640.88063 2.18010
640.84327 2.24310
640.80294 2.30477
640.74949 2.35292
640.67673 2.41028
640.63510 2.46413
640.62762 2.47806
640.61412 2.52760
640.62696 2.56258
640.70955 2.63176
640.72138 2.66685
640.71109 2.70382
640.74854 2.65678
640.81116 2.61822
640.93645 2.56258
640.98428 2.52760
641.02032 2.47806
641.03870 2.41930
641.02859 2.36631
641.01742 2.31423
641.03273 2.25771
641.03962 2.24310
641.06796 2.17025
641.08700 2.06055
641.11513 1.99392
641.15729 1.89641
641.19765 1.78322
641.22621 1.72266
641.29182 1.57975
641.35745 1.43577
641.36779 1.41497
641.30026 1.55968
641.23514 1.70466
641.22621 1.72266
641.30352 1.57975
641.38187 1.43577
641.39233 1.41497
641.31514 1.55968
641.23528 1.70466
641.22621 1.72266
641.18030 1.82676
641.14113 1.93805
641.11513 1.99392
641.17048 1.89641
641.24330 1.78322
641.27530 1.72266
641.34090 1.57975
641.40654 1.43577
641.41687 1.41497
641.34935 1.55968
641.28423 1.70466
641.27530 1.72266
641.35261 1.57975
641.43095 1.43577
641.44142 1.41497
641.36423 1.55968
641.28437 1.70466
641.27530 1.72266
641.21711 1.82676
641.14499 1.93805
641.11513 1.99392
641.08397 2.07080
641.06527 2.18010
641.03962 2.24310
641.08414 2.17025
641.17480 2.06055
641.21330 1.99392
641.25546 1.89641
641.29583 1.78322
641.32439 1.72266
641.38999 1.57975
641.45562 1.43577
641.46596 1.41497
641.39843 1.55968
641.33331 1.70466
641.32439 1.72266
641.40170 1.57975
641.48004 1.43577
641.49051 1.41497
641.41332 1.55968
641.33346 1.70466
641.32439 1.72266
641.27848 1.82676
641.23931 1.93805
641.21330 1.99392
641.26865 1.89641
641.34147 1.78322
641.37347 1.72266
641.43908 1.57975
641.50471 1.43577
641.51505 1.41497
641.44752 1.55968
641.38240 1.70466
641.37347 1.72266
641.45078 1.57975
641.52913 1.43577
641.53959 1.41497
641.46241 1.55968
641.38255 1.70466
641.37347 1.72266
641.31528 1.82676
641.24316 1.93805
641.21330 1.99392
641.16758 2.07080
641.07698 2.18010
641.03962 2.24310
641.01829 2.30477
641.02359 2.35292
641.03899 2.41028
641.02676 2.46413
641.02032 2.47806
641.06070 2.41930
641.12380 2.36631
641.18704 2.31423
641.22826 2.25771
641.23597 2.24310
641.26431 2.17025
641.28335 2.06055
641.31147 1.99392
641.35364 1.89641
641.39400 1.78322
641.42256 1.72266
641.48817 1.57975
641.55380 1.43577
641.56414 1.41497
641.49661 1.55968
641.43149 1.70466
641.42256 1.72266
641.49987 1.57975
641.57821 1.43577
641.58868 1.41497
641.51149 1.55968
641.43163 1.70466
641.42256 1.72266
641.37665 1.82676
641.33748 1.93805
641.31147 1.99392
641.36683 1.89641
641.43965 1.78322
641.47165 1.72266
641.53725 1.57975
641.60289 1.43577
641.61322 1.41497
641.54570 1.55968
641.48058 1.70466
641.47165 1.72266
641.54896 1.57975
641.62730 1.43577
641.63777 1.41497
641.56058 1.55968
641.48072 1.70466
641.47165 1.72266
641.41346 1.82676
641.34134 1.93805
641.31147 1.99392
641.28032 2.07080
641.26162 2.18010
641.23597 2.24310
641.28049 2.17025
641.37115 2.06055
641.40965 1.99392
641.45181 1.89641
641.49217 1.78322
641.52074 1.72266
641.58634 1.57975
641.65197 1.43577
641.66231 1.41497
641.59478 1.55968
641.52966 1.70466
641.52074 1.72266
641.59805 1.57975
641.67639 1.43577
641.68686 1.41497
641.60967 1.55968
641.52981 1.70466
641.52074 1.72266
641.47483 1.82676
641.43566 1.93805
641.40965 1.99392
641.46500 1.89641
641.53782 1.78322
641.56982 1.72266
641.63543 1.57975
641.70106 1.43577
641.71140 1.41497
641.64387 1.55968
641.57875 1.70466
641.56982 1.72266
641.64713 1.57975
641.72548 1.43577
641.73594 1.41497
641.65876 1.55968
641.57889 1.70466
641.56982 1.72266
641.51163 1.82676
641.43951 1.93805
641.40965 1.99392
641.36393 2.07080
641.27332 2.18010
641.23597 2.24310
641.19564 2.30477
641.14219 2.35292
641.06943 2.41028
641.02780 2.46413
641.02032 2.47806
640.98428 2.52760
640.93645 2.56258
640.78469 2.63176
640.73777 2.66685
640.71109 2.70382
640.70652 2.75221
640.74423 2.78721
640.84915 2.82333
640.95498 2.85622
640.99503 2.88854
640.99369 2.92402
641.04366 2.87911
641.14365 2.84418
641.35824 2.79431
641.43695 2.76207
641.48846 2.71739
641.49649 2.70382
641.50608 2.65678
641.48201 2.61822
641.41236 2.56258
641.39952 2.52760
641.41302 2.47806
641.43140 2.41930
641.42129 2.36631
641.41012 2.31423
641.42542 2.25771
641.43232 2.24310
641.46065 2.17025
641.47970 2.06055
641.50782 1.99392
641.54999 1.89641
641.59035 1.78322
641.61891 1.72266
641.68452 1.57975
641.75015 1.43577
641.76049 1.41497
641.69296 1.55968
641.62784 1.70466
641.61891 1.72266
641.69622 1.57975
641.77456 1.43577
641.78503 1.41497
641.70784 1.55968
641.62798 1.70466
641.61891 1.72266
641.57300 1.82676
641.53383 1.93805
641.50782 1.99392
641.56318 1.89641
641.63600 1.78322
641.66800 1.72266
641.73360 1.57975
641.79923 1.43577
641.80957 1.41497
641.74205 1.55968
641.67692 1.70466
641.66800 1.72266
641.74531 1.57975
641.82365 1.43577
641.83412 1.41497
641.75693 1.55968
641.67707 1.70466
641.66800 1.72266
641.60981 1.82676
641.53769 1.93805
641.50782 1.99392
641.47667 2.07080
641.45797 2.18010
641.43232 2.24310
641.47684 2.17025
641.56750 2.06055
641.60600 1.99392
641.64816 1.89641
641.68852 1.78322
641.71709 1.72266
641.78269 1.57975
641.84832 1.43577
641.85866 1.41497
641.79113 1.55968
641.72601 1.70466
641.71709 1.72266
641.79440 1.57975
641.87274 1.43577
641.88320 1.41497
641.80602 1.55968
641.72616 1.70466
641.71709 1.72266
641.67118 1.82676
641.63201 1.93805
641.60600 1.99392
641.66135 1.89641
641.73417 1.78322
641.76617 1.72266
641.83178 1.57975
641.89741 1.43577
641.90775 1.41497
641.84022 1.55968
641.77510 1.70466
641.76617 1.72266
641.84348 1.57975
641.92183 1.43577
641.93229 1.41497
641.85511 1.55968
641.77524 1.70466
641.76617 1.72266
641.70798 1.82676
641.63586 1.93805
641.60600 1.99392
641.56028 2.07080
641.46967 2.18010
641.43232 2.24310
641.41099 2.30477
641.41629 2.35292
641.43169 2.41028
641.41946 2.46413
641.41302 2.47806
641.45340 2.41930
641.51650 2.36631
641.57974 2.31423
641.62096 2.25771
641.62867 2.24310
641.65700 2.17025
641.67605 2.06055
641.70417 1.99392
641.74633 1.89641
641.78670 1.78322
641.81526 1.72266
641.88086 1.57975
641.94650 1.43577
641.95684 1.41497
641.88931 1.55968
641.82419 1.70466
641.81526 1.72266
641.89257 1.57975
641.97091 1.43577
641.98138 1.41497
641.90419 1.55968
641.82433 1.70466
641.81526 1.72266
641.76935 1.82676
641.73018 1.93805
641.70417 1.99392
641.75953 1.89641
641.83235 1.78322
641.86435 1.72266
641.92995 1.57975
641.99558 1.43577
642.00592 1.41497
641.93840 1.55968
641.87327 1.70466
641.86435 1.72266
641.94166 1.57975
642.02000 1.43577
642.03047 1.41497
641.95328 1.55968
641.87342 1.70466
641.86435 1.72266
641.80616 1.82676
641.73403 1.93805
641.70417 1.99392
641.67301 2.07080
641.65432 2.18010
641.62867 2.24310
641.67319 2.17025
641.76385 2.06055
641.80235 1.99392
641.84451 1.89641
641.88487 1.78322
641.91344 1.72266
641.97904 1.57975
642.04467 1.43577
642.05501 1.41497
641.98748 1.55968
641.92236 1.70466
641.91344 1.72266
641.99075 1.57975
642.06909 1.43577
642.07955 1.41497
642.00237 1.55968
641.92251 1.70466
641.91344 1.72266
641.86753 1.82676
641.82836 1.93805
641.80235 1.99392
641.85770 1.89641
641.93052 1.78322
641.96252 1.72266
642.02813 1.57975
642.09376 1.43577
642.10410 1.41497
642.03657 1.55968
641.97145 1.70466
641.96252 1.72266
642.03983 1.57975
642.11818 1.43577
642.12864 1.41497
642.05146 1.55968
641.97159 1.70466
641.96252 1.72266
641.90433 1.82676
641.83221 1.93805
641.80235 1.99392
641.75663 2.07080
641.66602 2.18010
641.62867 2.24310
641.58834 2.30477
641.53489 2.35292
641.46212 2.41028
641.42050 2.46413
641.41302 2.47806
641.39952 2.52760
641.41236 2.56258
641.49495 2.63176
641.50677 2.66685
641.49649 2.70382
641.53393 2.65678
641.59656 2.61822
641.72185 2.56258
641.76968 2.52760
641.80572 2.47806
641.82410 2.41930
641.81399 2.36631
641.80282 2.31423
641.81812 2.25771
641.82502 2.24310
641.85335 2.17025
641.87240 2.06055
641.90052 1.99392
641.94268 1.89641
641.98305 1.78322
642.01161 1.72266
642.07721 1.57975
642.14285 1.43577
642.15319 1.41497
642.08566 1.55968
642.02054 1.70466
642.01161 1.72266
642.08892 1.57975
642.16726 1.43577
642.17773 1.41497
642.10054 1.55968
642.02068 1.70466
642.01161 1.72266
641.96570 1.82676
641.92653 1.93805
641.90052 1.99392
641.95588 1.89641
642.02870 1.78322
642.06070 1.72266
642.12630 1.57975
642.19193 1.43577
642.20227 1.41497
642.13474 1.55968
642.06962 1.70466
642.06070 1.72266
642.13801 1.57975
642.21635 1.43577
642.22682 1.41497
642.14963 1.55968
642.06977 1.70466
642.06070 1.72266
642.00251 1.82676
641.93038 1.93805
641.90052 1.99392
641.86936 2.07080
641.85067 2.18010
641.82502 2.24310
641.86954 2.17025
641.96020 2.06055
641.99870 1.99392
642.04086 1.89641
642.08122 1.78322
642.10978 1.72266
642.17539 1.57975
642.24102 1.43577
642.25136 1.41497
642.18383 1.55968
642.11871 1.70466
642.10978 1.72266
642.18709 1.57975
642.26544 1.43577
642.27590 1.41497
642.19872 1.55968
642.11886 1.70466
642.10978 1.72266
642.06388 1.82676
642.02471 1.93805
641.99870 1.99392
642.05405 1.89641
642.12687 1.78322
642.15887 1.72266
642.22448 1.57975
642.29011 1.43577
642.30045 1.41497
642.23292 1.55968
642.16780 1.70466
642.15887 1.72266
642.23618 1.57975
642.31453 1.43577
642.32499 1.41497
642.24780 1.55968
642.16794 1.70466
642.15887 1.72266
642.10068 1.82676
642.02856 1.93805
641.99870 1.99392
641.95298 2.07080
641.86237 2.18010
641.82502 2.24310
641.80369 2.30477
641.80898 2.35292
641.82439 2.41028
641.81216 2.46413
641.80572 2.47806
641.84610 2.41930
641.90919 2.36631
641.97244 2.31423
642.01365 2.25771
642.02137 2.24310
642.04970 2.17025
642.06875 2.06055
642.09687 1.99392
642.13903 1.89641
642.17940 1.78322
642.20796 1.72266
642.27356 1.57975
642.33920 1.43577
642.34953 1.41497
642.28201 1.55968
642.21689 1.70466
642.20796 1.72266
642.28527 1.57975
642.36361 1.43577
642.37408 1.41497
642.29689 1.55968
642.21703 1.70466
642.20796 1.72266
642.16205 1.82676
642.12288 1.93805
642.09687 1.99392
642.15222 1.89641
642.22505 1.78322
642.25705 1.72266
642.32265 1.57975
642.38828 1.43577
642.39862 1.41497
642.33109 1.55968
642.26597 1.70466
642.25705 1.72266
642.33436 1.57975
642.41270 1.43577
642.42317 1.41497
642.34598 1.55968
642.26612 1.70466
642.25705 1.72266
642.19886 1.82676
642.12673 1.93805
642.09687 1.99392
642.06571 2.07080
642.04702 2.18010
642.02137 2.24310
642.06589 2.17025
642.15654 2.06055
642.19505 1.99392
642.23721 1.89641
642.27757 1.78322
642.30613 1.72266
642.37174 1.57975
642.43737 1.43577
642.44771 1.41497
642.38018 1.55968
642.31506 1.70466
642.30613 1.72266
642.38344 1.57975
642.46179 1.43577
642.47225 1.41497
642.39507 1.55968
642.31521 1.70466
642.30613 1.72266
642.26023 1.82676
642.22105 1.93805
642.19505 1.99392
642.25040 1.89641
642.32322 1.78322
642.35522 1.72266
642.42083 1.57975
642.48646 1.43577
642.49680 1.41497
642.42927 1.55968
642.36415 1.70466
642.35522 1.72266
642.43253 1.57975
642.51088 1.43577
642.52134 1.41497
642.44415 1.55968
642.36429 1.70466
642.35522 1.72266
642.29703 1.82676
642.22491 1.93805
642.19505 1.99392
642.14933 2.07080
642.05872 2.18010
642.02137 2.24310
641.98104 2.30477
641.92759 2.35292
641.85482 2.41028
641.81320 2.46413
641.80572 2.47806
641.76968 2.52760
641.72185 2.56258
641.57008 2.63176
641.52317 2.66685
641.49649 2.70382
641.45267 2.75221
641.37996 2.78721
641.23891 2.82333
641.10020 2.85622
641.02782 2.88854
640.99369 2.92402
640.89168 3.12803
642.35215 3.14159
642.50101 3.05097
642.56448 2.92402
642.55943 2.87911
642.49436 2.84418
642.32964 2.79431
642.28318 2.76207
642.27634 2.71739
642.28189 2.70382
642.29147 2.65678
642.26741 2.61822
642.19776 2.56258
642.18492 2.52760
642.19842 2.47806
642.21680 2.41930
642.20669 2.36631
642.19552 2.31423
642.21082 2.25771
642.21772 2.24310
642.24605 2.17025
642.26510 2.06055
642.29322 1.99392
642.33538 1.89641
642.37575 1.78322
642.40431 1.72266
642.46991 1.57975
642.53555 1.43577
642.54588 1.41497
642.47836 1.55968
642.41324 1.70466
642.40431 1.72266
642.48162 1.57975
642.55996 1.43577
642.57043 1.41497
642.49324 1.55968
642.41338 1.70466
642.40431 1.72266
642.35840 1.82676
642.31923 1.93805
642.29322 1.99392
642.34857 1.89641
642.42140 1.78322
642.45340 1.72266
642.51900 1.57975
642.58463 1.43577
642.59497 1.41497
642.52744 1.55968
642.46232 1.70466
642.45340 1.72266
642.53071 1.57975
642.60905 1.43577
642.61952 1.41497
642.54233 1.55968
642.46247 1.70466
642.45340 1.72266
642.39521 1.82676
642.32308 1.93805
642.29322 1.99392
642.26206 2.07080
642.24337 2.18010
642.21772 2.24310
642.26224 2.17025
642.35289 2.06055
642.39140 1.99392
642.43356 1.89641
642.47392 1.78322
642.50248 1.72266
642.56809 1.57975
642.63372 1.43577
642.64406 1.41497
642.57653 1.55968
642.51141 1.70466
642.50248 1.72266
642.57979 1.57975
642.65814 1.43577
642.66860 1.41497
642.59142 1.55968
642.51156 1.70466
642.50248 1.72266
642.45658 1.82676
642.41740 1.93805
642.39140 1.99392
642.44675 1.89641
642.51957 1.78322
642.55157 1.72266
642.61718 1.57975
642.68281 1.43577
642.69315 1.41497
642.62562 1.55968
642.56050 1.70466
642.55157 1.72266
642.62888 1.57975
642.70722 1.43577
642.71769 1.41497
642.64050 1.55968
642.56064 1.70466
642.55157 1.72266
642.49338 1.82676
642.42126 1.93805
642.39140 1.99392
642.34568 2.07080
642.25507 2.18010
642.21772 2.24310
642.19639 2.30477
642.20168 2.35292
642.21709 2.41028
642.20486 2.46413
642.19842 2.47806
642.23880 2.41930
642.30189 2.36631
642.36514 2.31423
642.40635 2.25771
642.41407 2.24310
642.44240 2.17025
642.46145 2.06055
642.48957 1.99392
642.53173 1.89641
642.57210 1.78322
642.60066 1.72266
642.66626 1.57975
642.73190 1.43577
642.74223 1.41497
642.67471 1.55968
642.60958 1.70466
642.60066 1.72266
642.67797 1.57975
642.75631 1.43577
642.76678 1.41497
642.68959 1.55968
642.60973 1.70466
642.60066 1.72266
642.55475 1.82676
642.51558 1.93805
642.48957 1.99392
642.54492 1.89641
642.61775 1.78322
642.64975 1.72266
642.71535 1.57975
642.78098 1.43577
642.79132 1.41497
642.72379 1.55968
642.65867 1.70466
642.64975 1.72266
642.72706 1.57975
642.80540 1.43577
642.81587 1.41497
642.73868 1.55968
642.65882 1.70466
642.64975 1.72266
642.59156 1.82676
642.51943 1.93805
642.48957 1.99392
642.45841 2.07080
642.43972 2.18010
642.41407 2.24310
642.45859 2.17025
642.54924 2.06055
642.58775 1.99392
642.62991 1.89641
642.67027 1.78322
642.69883 1.72266
642.76444 1.57975
642.83007 1.43577
642.84041 1.41497
642.77288 1.55968
642.70776 1.70466
642.69883 1.72266
642.77614 1.57975
642.85449 1.43577
642.86495 1.41497
642.78777 1.55968
642.70790 1.70466
642.69883 1.72266
642.65293 1.82676
642.61375 1.93805
642.58775 1.99392
642.64310 1.89641
642.71592 1.78322
642.74792 1.72266
642.81353 1.57975
642.87916 1.43577
642.88950 1.41497
642.82197 1.55968
642.75685 1.70466
642.74792 1.72266
642.82523 1.57975
642.90357 1.43577
642.91404 1.41497
642.83685 1.55968
642.75699 1.70466
642.74792 1.72266
642.68973 1.82676
642.61761 1.93805
642.58775 1.99392
642.54203 2.07080
642.45142 2.18010
642.41407 2.24310
642.37374 2.30477
642.32029 2.35292
642.24752 2.41028
642.20590 2.46413
642.19842 2.47806
642.18492 2.52760
642.19776 2.56258
642.28035 2.63176
642.29217 2.66685
642.28189 2.70382
642.31933 2.65678
642.38196 2.61822
642.50725 2.56258
642.55508 2.52760
642.59112 2.47806
642.60949 2.41930
642.59939 2.36631
642.58822 2.31423
642.60352 2.25771
642.61042 2.24310
642.63875 2.17025
642.65780 2.06055
642.68592 1.99392
642.72808 1.89641
642.76845 1.78322
642.79701 1.72266
642.86261 1.57975
642.92824 1.43577
642.93858 1.41497
642.87106 1.55968
642.80593 1.70466
642.79701 1.72266
642.87432 1.57975
642.95266 1.43577
642.96313 1.41497
642.88594 1.55968
642.80608 1.70466
642.79701 1.72266
642.75110 1.82676
642.71193 1.93805
642.68592 1.99392
642.74127 1.89641
642.81409 1.78322
642.84610 1.72266
642.91170 1.57975
642.97733 1.43577
642.98767 1.41497
642.92014 1.55968
642.85502 1.70466
642.84610 1.72266
642.92341 1.57975
643.00175 1.43577
643.01221 1.41497
642.93503 1.55968
642.85517 1.70466
642.84610 1.72266
642.78791 1.82676
642.71578 1.93805
642.68592 1.99392
642.65476 2.07080
642.63607 2.18010
642.61042 2.24310
642.65494 2.17025
642.74559 2.06055
642.78410 1.99392
642.82626 1.89641
642.86662 1.78322
642.89518 1.72266
642.96079 1.57975
643.02642 1.43577
643.03676 1.41497
642.96923 1.55968
642.90411 1.70466
642.89518 1.72266
642.97249 1.57975
643.05084 1.43577
643.06130 1.41497
642.98412 1.55968
642.90425 1.70466
642.89518 1.72266
642.84927 1.82676
642.81010 1.93805
642.78410 1.99392
642.83945 1.89641
642.91227 1.78322
642.94427 1.72266
643.00987 1.57975
643.07551 1.43577
643.08585 1.41497
643.01832 1.55968
642.95320 1.70466
642.94427 1.72266
643.02158 1.57975
643.09992 1.43577
643.11039 1.41497
643.03320 1.55968
642.95334 1.70466
642.94427 1.72266
642.88608 1.82676
642.81396 1.93805
642.78410 1.99392
642.73838 2.07080
642.64777 2.18010
642.61042 2.24310
642.58909 2.30477
642.59438 2.35292
642.60979 2.41028
642.59756 2.46413
642.59112 2.47806
642.63150 2.41930
642.69459 2.36631
642.75784 2.31423
642.79905 2.25771
642.80677 2.24310
642.83510 2.17025
642.85415 2.06055
642.88227 1.99392
642.92443 1.89641
642.96480 1.78322
642.99336 1.72266
643.05896 1.57975
643.12459 1.43577
643.13493 1.41497
643.06740 1.55968
643.00228 1.70466
642.99336 1.72266
643.07067 1.57975
643.14901 1.43577
643.15948 1.41497
643.08229 1.55968
643.00243 1.70466
642.99336 1.72266
642.94745 1.82676
642.90828 1.93805
642.88227 1.99392
642.93762 1.89641
643.01044 1.78322
643.04245 1.72266
643.10805 1.57975
643.17368 1.43577
643.18402 1.41497
643.11649 1.55968
643.05137 1.70466
643.04245 1.72266
643.11976 1.57975
643.19810 1.43577
643.20856 1.41497
643.13138 1.55968
643.05152 1.70466
643.04245 1.72266
642.98425 1.82676
642.91213 1.93805
642.88227 1.99392
642.85111 2.07080
642.83242 2.18010
642.80677 2.24310
642.85129 2.17025
642.94194 2.06055
642.98045 1.99392
643.02261 1.89641
643.06297 1.78322
643.09153 1.72266
643.15714 1.57975
643.22277 1.43577
643.23311 1.41497
643.16558 1.55968
643.10046 1.70466
643.09153 1.72266
643.16884 1.57975
643.24719 1.43577
643.25765 1.41497
643.18047 1.55968
643.10060 1.70466
643.09153 1.72266
643.04562 1.82676
643.00645 1.93805
642.98045 1.99392
643.03580 1.89641
643.10862 1.78322
643.14062 1.72266
643.20622 1.57975
643.27186 1.43577
643.28220 1.41497
643.21467 1.55968
643.14955 1.70466
643.14062 1.72266
643.21793 1.57975
643.29627 1.43577
643.30674 1.41497
643.22955 1.55968
643.14969 1.70466
643.14062 1.72266
643.08243 1.82676
643.01031 1.93805
642.98045 1.99392
642.93473 2.07080
642.84412 2.18010
642.80677 2.24310
642.76644 2.30477
642.71299 2.35292
642.64022 2.41028
642.59860 2.46413
642.59112 2.47806
642.55508 2.52760
642.50725 2.56258
642.35548 2.63176
642.30857 2.66685
642.28189 2.70382
642.27731 2.75221
642.31503 2.78721
642.41995 2.82333
642.52578 2.85622
642.56583 2.88854
642.56448 2.92402
642.61445 2.87911
642.71445 2.84418
642.92904 2.79431
643.00775 2.76207
643.05926 2.71739
643.06728 2.70382
643.07687 2.65678
643.05281 2.61822
642.98316 2.56258
642.97031 2.52760
642.98381 2.47806
643.00219 2.41930
642.99209 2.36631
642.98092 2.31423
642.99622 2.25771
643.00312 2.24310
643.03145 2.17025
643.05050 2.06055
643.07862 1.99392
643.12078 1.89641
643.16115 1.78322
643.18971 1.72266
643.25531 1.57975
643.32094 1.43577
643.33128 1.41497
643.26375 1.55968
643.19863 1.70466
643.18971 1.72266
643.26702 1.57975
643.34536 1.43577
643.35583 1.41497
643.27864 1.55968
643.19878 1.70466
643.18971 1.72266
643.14380 1.82676
643.10463 1.93805
643.07862 1.99392
643.13397 1.89641
643.20679 1.78322
643.23879 1.72266
643.30440 1.57975
643.37003 1.43577
643.38037 1.41497
643.31284 1.55968
643.24772 1.70466
643.23879 1.72266
643.31610 1.57975
643.39445 1.43577
643.40491 1.41497
643.32773 1.55968
643.24787 1.70466
643.23879 1.72266
643.18060 1.82676
643.10848 1.93805
643.07862 1.99392
643.04746 2.07080
643.02877 2.18010
643.00312 2.24310
643.04764 2.17025
643.13829 2.06055
643.17680 1.99392
643.21896 1.89641
643.25932 1.78322
643.28788 1.72266
643.35349 1.57975
643.41912 1.43577
643.42946 1.41497
643.36193 1.55968
643.29681 1.70466
643.28788 1.72266
643.36519 1.57975
643.44354 1.43577
643.45400 1.41497
643.37681 1.55968
643.29695 1.70466
643.28788 1.72266
643.24197 1.82676
643.20280 1.93805
643.17680 1.99392
643.23215 1.89641
643.30497 1.78322
643.33697 1.72266
643.40257 1.57975
643.46821 1.43577
643.47854 1.41497
643.41102 1.55968
643.34590 1.70466
643.33697 1.72266
643.41428 1.57975
643.49262 1.43577
643.50309 1.41497
643.42590 1.55968
643.34604 1.70466
643.33697 1.72266
643.27878 1.82676
643.20666 1.93805
643.17680 1.99392
643.13108 2.07080
643.04047 2.18010
643.00312 2.24310
642.98178 2.30477
642.98708 2.35292
643.00249 2.41028
642.99026 2.46413
642.98381 2.47806
643.02420 2.41930
643.08729 2.36631
643.15054 2.31423
643.19175 2.25771
643.19947 2.24310
643.22780 2.17025
643.24685 2.06055
643.27497 1.99392
643.31713 1.89641
643.35750 1.78322
643.38606 1.72266
643.45166 1.57975
643.51729 1.43577
643.52763 1.41497
643.46010 1.55968
643.39498 1.70466
643.38606 1.72266
643.46337 1.57975
643.54171 1.43577
643.55218 1.41497
643.47499 1.55968
643.39513 1.70466
643.38606 1.72266
643.34015 1.82676
643.30098 1.93805
643.27497 1.99392
643.33032 1.89641
643.40314 1.78322
643.43514 1.72266
643.50075 1.57975
643.56638 1.43577
643.57672 1.41497
643.50919 1.55968
643.44407 1.70466
643.43514 1.72266
643.51245 1.57975
643.59080 1.43577
643.60126 1.41497
643.52408 1.55968
643.44422 1.70466
643.43514 1.72266
643.37695 1.82676
643.30483 1.93805
643.27497 1.99392
643.24381 2.07080
643.22512 2.18010
643.19947 2.24310
643.24399 2.17025
643.33464 2.06055
643.37314 1.99392
643.41531 1.89641
643.45567 1.78322
643.48423 1.72266
643.54984 1.57975
643.61547 1.43577
643.62581 1.41497
643.55828 1.55968
643.49316 1.70466
643.48423 1.72266
643.56154 1.57975
643.63989 1.43577
643.65035 1.41497
643.57316 1.55968
643.49330 1.70466
643.48423 1.72266
643.43832 1.82676
643.39915 1.93805
643.37314 1.99392
643.42850 1.89641
643.50132 1.78322
643.53332 1.72266
643.59892 1.57975
643.66456 1.43577
643.67489 1.41497
643.60737 1.55968
643.54225 1.70466
643.53332 1.72266
643.61063 1.57975
643.68897 1.43577
643.69944 1.41497
643.62225 1.55968
643.54239 1.70466
643.53332 1.72266
643.47513 1.82676
643.40301 1.93805
643.37314 1.99392
643.32743 2.07080
643.23682 2.18010
643.19947 2.24310
643.15913 2.30477
643.10568 2.35292
643.03292 2.41028
642.99130 2.46413
642.98381 2.47806
642.97031 2.52760
642.98316 2.56258
643.06575 2.63176
643.07757 2.66685
643.06728 2.70382
643.10473 2.65678
643.16736 2.61822
643.29265 2.56258
643.34048 2.52760
643.37651 2.47806
643.39489 2.41930
643.38479 2.36631
643.37362 2.31423
643.38892 2.25771
643.39582 2.24310
643.42415 2.17025
643.44320 2.06055
643.47132 1.99392
643.51348 1.89641
643.55384 1.78322
643.58241 1.72266
643.64801 1.57975
643.71364 1.43577
643.72398 1.41497
643.65645 1.55968
643.59133 1.70466
643.58241 1.72266
643.65972 1.57975
643.73806 1.43577
643.74853 1.41497
643.67134 1.55968
643.59148 1.70466
643.58241 1.72266
643.53650 1.82676
643.49733 1.93805
643.47132 1.99392
643.52667 1.89641
643.59949 1.78322
643.63149 1.72266
643.69710 1.57975
643.76273 1.43577
643.77307 1.41497
643.70554 1.55968
643.64042 1.70466
643.63149 1.72266
643.70880 1.57975
643.78715 1.43577
643.79761 1.41497
643.72043 1.55968
643.64056 1.70466
643.63149 1.72266
643.57330 1.82676
643.50118 1.93805
643.47132 1.99392
643.44016 2.07080
643.42147 2.18010
643.39582 2.24310
643.44034 2.17025
643.53099 2.06055
643.56949 1.99392
643.61166 1.89641
643.65202 1.78322
643.68058 1.72266
643.74619 1.57975
643.81182 1.43577
643.82216 1.41497
643.75463 1.55968
643.68951 1.70466
643.68058 1.72266
643.75789 1.57975
643.83623 1.43577
643.84670 1.41497
643.76951 1.55968
643.68965 1.70466
643.68058 1.72266
643.63467 1.82676
643.59550 1.93805
643.56949 1.99392
643.62485 1.89641
643.69767 1.78322
643.72967 1.72266
643.79527 1.57975
643.86090 1.43577
643.87124 1.41497
643.80372 1.55968
643.73859 1.70466
643.72967 1.72266
643.80698 1.57975
643.88532 1.43577
643.89579 1.41497
643.81860 1.55968
643.73874 1.70466
643.72967 1.72266
643.67148 1.82676
643.59936 1.93805
643.56949 1.99392
643.52378 2.07080
643.43317 2.18010
643.39582 2.24310
643.37448 2.30477
643.37978 2.35292
643.39519 2.41028
643.38296 2.46413
643.37651 2.47806
643.41690 2.41930
643.47999 2.36631
643.54324 2.31423
643.58445 2.25771
643.59217 2.24310
643.62050 2.17025
643.63955 2.06055
643.66767 1.99392
643.70983 1.89641
643.75019 1.78322
643.77876 1.72266
643.84436 1.57975
643.90999 1.43577
643.92033 1.41497
643.85280 1.55968
643.78768 1.70466
643.77876 1.72266
643.85607 1.57975
643.93441 1.43577
643.94487 1.41497
643.86769 1.55968
643.78783 1.70466
643.77876 1.72266
643.73285 1.82676
643.69368 1.93805
643.66767 1.99392
643.72302 1.89641
643.79584 1.78322
643.82784 1.72266
643.89345 1.57975
643.95908 1.43577
643.96942 1.41497
643.90189 1.55968
643.83677 1.70466
643.82784 1.72266
643.90515 1.57975
643.98350 1.43577
643.99396 1.41497
643.91678 1.55968
643.83691 1.70466
643.82784 1.72266
643.76965 1.82676
643.69753 1.93805
643.66767 1.99392
643.63651 2.07080
643.61782 2.18010
643.59217 2.24310
643.63669 2.17025
643.72734 2.06055
643.76584 1.99392
643.80801 1.89641
643.84837 1.78322
643.87693 1.72266
643.94253 1.57975
644.00817 1.43577
644.01851 1.41497
643.95098 1.55968
643.88586 1.70466
643.87693 1.72266
643.95424 1.57975
644.03258 1.43577
644.04305 1.41497
643.96586 1.55968
643.88600 1.70466
643.87693 1.72266
643.83102 1.82676
643.79185 1.93805
643.76584 1.99392
643.82120 1.89641
643.89402 1.78322
643.92602 1.72266
643.99162 1.57975
644.05725 1.43577
644.06759 1.41497
644.00007 1.55968
643.93494 1.70466
643.92602 1.72266
644.00333 1.57975
644.08167 1.43577
644.09214 1.41497
644.01495 1.55968
643.93509 1.70466
643.92602 1.72266
643.86783 1.82676
643.79571 1.93805
643.76584 1.99392
643.72013 2.07080
643.62952 2.18010
643.59217 2.24310
643.55183 2.30477
643.49838 2.35292
643.42562 2.41028
643.38400 2.46413
643.37651 2.47806
643.34048 2.52760
643.29265 2.56258
643.14088 2.63176
643.09397 2.66685
643.06728 2.70382
643.02346 2.75221
642.95075 2.78721
642.80970 2.82333
642.67099 2.85622
642.59862 2.88854
642.56448 2.92402
642.46248 3.12803
642.34745 3.14159
644.03328 3.12803
644.13528 2.92402
644.13022 2.87911
644.06515 2.84418
643.90044 2.79431
643.85397 2.76207
643.84713 2.71739
643.85268 2.70382
643.86227 2.65678
643.83821 2.61822
643.76856 2.56258
643.75571 2.52760
643.76921 2.47806
643.78759 2.41930
643.77748 2.36631
643.76632 2.31423
643.78162 2.25771
643.78852 2.24310
643.81685 2.17025
643.83589 2.06055
643.86402 1.99392
643.90618 1.89641
643.94654 1.78322
643.97511 1.72266
644.04071 1.57975
644.10634 1.43577
644.11668 1.41497
644.04915 1.55968
643.98403 1.70466
643.97511 1.72266
644.05242 1.57975
644.13076 1.43577
644.14122 1.41497
644.06404 1.55968
643.98418 1.70466
643.97511 1.72266
643.92920 1.82676
643.89003 1.93805
643.86402 1.99392
643.91937 1.89641
643.99219 1.78322
644.02419 1.72266
644.08980 1.57975
644.15543 1.43577
644.16577 1.41497
644.09824 1.55968
644.03312 1.70466
644.02419 1.72266
644.10150 1.57975
644.17985 1.43577
644.19031 1.41497
644.11313 1.55968
644.03326 1.70466
644.02419 1.72266
643.96600 1.82676
643.89388 1.93805
643.86402 1.99392
643.83286 2.07080
643.81417 2.18010
643.78852 2.24310
643.83304 2.17025
643.92369 2.06055
643.96219 1.99392
644.00435 1.89641
644.04472 1.78322
644.07328 1.72266
644.13888 1.57975
644.20452 1.43577
644.21486 1.41497
644.14733 1.55968
644.08221 1.70466
644.07328 1.72266
644.15059 1.57975
644.22893 1.43577
644.23940 1.41497
644.16221 1.55968
644.08235 1.70466
644.07328 1.72266
644.02737 1.82676
643.98820 1.93805
643.96219 1.99392
644.01755 1.89641
644.09037 1.78322
644.12237 1.72266
644.18797 1.57975
644.25360 1.43577
644.26394 1.41497
644.19641 1.55968
644.13129 1.70466
644.12237 1.72266
644.19968 1.57975
644.27802 1.43577
644.28849 1.41497
644.21130 1.55968
644.13144 1.70466
644.12237 1.72266
644.06418 1.82676
643.99205 1.93805
643.96219 1.99392
643.91648 2.07080
643.82587 2.18010
643.78852 2.24310
643.76718 2.30477
643.77248 2.35292
643.78789 2.41028
643.77566 2.46413
643.76921 2.47806
643.80960 2.41930
643.87269 2.36631
643.93594 2.31423
643.97715 2.25771
643.98487 2.24310
644.01320 2.17025
644.03224 2.06055
644.06037 1.99392
644.10253 1.89641
644.14289 1.78322
644.17145 1.72266
644.23706 1.57975
644.30269 1.43577
644.31303 1.41497
644.24550 1.55968
644.18038 1.70466
644.17145 1.72266
644.24876 1.57975
644.32711 1.43577
644.33757 1.41497
644.26039 1.55968
644.18053 1.70466
644.17145 1.72266
644.12555 1.82676
644.08638 1.93805
644.06037 1.99392
644.11572 1.89641
644.18854 1.78322
644.22054 1.72266
644.28615 1.57975
644.35178 1.43577
644.36212 1.41497
644.29459 1.55968
644.22947 1.70466
644.22054 1.72266
644.29785 1.57975
644.37620 1.43577
644.38666 1.41497
644.30947 1.55968
644.22961 1.70466
644.22054 1.72266
644.16235 1.82676
644.09023 1.93805
644.06037 1.99392
644.02921 2.07080
644.01052 2.18010
643.98487 2.24310
644.02939 2.17025
644.12004 2.06055
644.15854 1.99392
644.20070 1.89641
644.24107 1.78322
644.26963 1.72266
644.33523 1.57975
644.40087 1.43577
644.41121 1.41497
644.34368 1.55968
644.27856 1.70466
644.26963 1.72266
644.34694 1.57975
644.42528 1.43577
644.43575 1.41497
644.35856 1.55968
644.27870 1.70466
644.26963 1.72266
644.22372 1.82676
644.18455 1.93805
644.15854 1.99392
644.21389 1.89641
644.28672 1.78322
644.31872 1.72266
644.38432 1.57975
644.44995 1.43577
644.46029 1.41497
644.39276 1.55968
644.32764 1.70466
644.31872 1.72266
644.39603 1.57975
644.47437 1.43577
644.48484 1.41497
644.40765 1.55968
644.32779 1.70466
644.31872 1.72266
644.26053 1.82676
644.18840 1.93805
644.15854 1.99392
644.11283 2.07080
644.02222 2.18010
643.98487 2.24310
643.94453 2.30477
643.89108 2.35292
643.81832 2.41028
643.77670 2.46413
643.76921 2.47806
643.75571 2.52760
643.76856 2.56258
643.85114 2.63176
643.86297 2.66685
643.85268 2.70382
643.89013 2.65678
643.95276 2.61822
644.07805 2.56258
644.12587 2.52760
644.16191 2.47806
644.18029 2.41930
644.17018 2.36631
644.15902 2.31423
644.17432 2.25771
644.18121 2.24310
644.20955 2.17025
644.22859 2.06055
644.25672 1.99392
644.29888 1.89641
644.33924 1.78322
644.36780 1.72266
644.43341 1.57975
644.49904 1.43577
644.50938 1.41497
644.44185 1.55968
644.37673 1.70466
644.36780 1.72266
644.44511 1.57975
644.52346 1.43577
644.53392 1.41497
644.45674 1.55968
644.37688 1.70466
644.36780 1.72266
644.32190 1.82676
644.28272 1.93805
644.25672 1.99392
644.31207 1.89641
644.38489 1.78322
644.41689 1.72266
644.48250 1.57975
644.54813 1.43577
644.55847 1.41497
644.49094 1.55968
644.42582 1.70466
644.41689 1.72266
644.49420 1.57975
644.57255 1.43577
644.58301 1.41497
644.50582 1.55968
644.42596 1.70466
644.41689 1.72266
644.35870 1.82676
644.28658 1.93805
644.25672 1.99392
644.22556 2.07080
644.20687 2.18010
644.18121 2.24310
644.22574 2.17025
644.31639 2.06055
644.35489 1.99392
644.39705 1.89641
644.43742 1.78322
644.46598 1.72266
644.53158 1.57975
644.59722 1.43577
644.60755 1.41497
644.54003 1.55968
644.47491 1.70466
644.46598 1.72266
644.54329 1.57975
644.62163 1.43577
644.63210 1.41497
644.55491 1.55968
644.47505 1.70466
644.46598 1.72266
644.42007 1.82676
644.38090 1.93805
644.35489 1.99392
644.41024 1.89641
644.48307 1.78322
644.51507 1.72266
644.58067 1.57975
644.64630 1.43577
644.65664 1.41497
644.58911 1.55968
644.52399 1.70466
644.51507 1.72266
644.59238 1.57975
644.67072 1.43577
644.68119 1.41497
644.60400 1.55968
644.52414 1.70466
644.51507 1.72266
644.45688 1.82676
644.38475 1.93805
644.35489 1.99392
644.30918 2.07080
644.21857 2.18010
644.18121 2.24310
644.15988 2.30477
644.16518 2.35292
644.18058 2.41028
644.16835 2.46413
644.16191 2.47806
644.20230 2.41930
644.26539 2.36631
644.32864 2.31423
644.36985 2.25771
644.37756 2.24310
644.40590 2.17025
644.42494 2.06055
644.45307 1.99392
644.49523 1.89641
644.53559 1.78322
644.56415 1.72266
644.62976 1.57975
644.69539 1.43577
644.70573 1.41497
644.63820 1.55968
644.57308 1.70466
644.56415 1.72266
644.64146 1.57975
644.71981 1.43577
644.73027 1.41497
644.65309 1.55968
644.57323 1.70466
644.56415 1.72266
644.51825 1.82676
644.47907 1.93805
644.45307 1.99392
644.50842 1.89641
644.58124 1.78322
644.61324 1.72266
644.67885 1.57975
644.74448 1.43577
644.75482 1.41497
644.68729 1.55968
644.62217 1.70466
644.61324 1.72266
644.69055 1.57975
644.76890 1.43577
644.77936 1.41497
644.70217 1.55968
644.62231 1.70466
644.61324 1.72266
644.55505 1.82676
644.48293 1.93805
644.45307 1.99392
644.42191 2.07080
644.40322 2.18010
644.37756 2.24310
644.42209 2.17025
644.51274 2.06055
644.55124 1.99392
644.59340 1.89641
644.63377 1.78322
644.66233 1.72266
644.72793 1.57975
644.79357 1.43577
644.80390 1.41497
644.73638 1.55968
644.67126 1.70466
644.66233 1.72266
644.73964 1.57975
644.81798 1.43577
644.82845 1.41497
644.75126 1.55968
644.67140 1.70466
644.66233 1.72266
644.61642 1.82676
644.57725 1.93805
644.55124 1.99392
644.60659 1.89641
644.67942 1.78322
644.71142 1.72266
644.77702 1.57975
644.84265 1.43577
644.85299 1.41497
644.78546 1.55968
644.72034 1.70466
644.71142 1.72266
644.78873 1.57975
644.86707 1.43577
644.87754 1.41497
644.80035 1.55968
644.72049 1.70466
644.71142 1.72266
644.65323 1.82676
644.58110 1.93805
644.55124 1.99392
644.50553 2.07080
644.41492 2.18010
644.37756 2.24310
644.33723 2.30477
644.28378 2.35292
644.21102 2.41028
644.16940 2.46413
644.16191 2.47806
644.12587 2.52760
644.07805 2.56258
643.92628 2.63176
643.87936 2.66685
643.85268 2.70382
643.84811 2.75221
643.88582 2.78721
643.99075 2.82333
644.09657 2.85622
644.13663 2.88854
644.13528 2.92402
644.18525 2.87911
644.28524 2.84418
644.49984 2.79431
644.57854 2.76207
644.63005 2.71739
644.63808 2.70382
644.64767 2.65678
644.62361 2.61822
644.55395 2.56258
644.54111 2.52760
644.55461 2.47806
644.57299 2.41930
644.56288 2.36631
644.55172 2.31423
644.56702 2.25771
644.57391 2.24310
644.60225 2.17025
644.62129 2.06055
644.64942 1.99392
644.69158 1.89641
644.73194 1.78322
644.76050 1.72266
644.82611 1.57975
644.89174 1.43577
644.90208 1.41497
644.83455 1.55968
644.76943 1.70466
644.76050 1.72266
644.83781 1.57975
644.91616 1.43577
644.92662 1.41497
644.84944 1.55968
644.76957 1.70466
644.76050 1.72266
644.71460 1.82676
644.67542 1.93805
644.64942 1.99392
644.70477 1.89641
644.77759 1.78322
644.80959 1.72266
644.87520 1.57975
644.94083 1.43577
644.95117 1.41497
644.88364 1.55968
644.81852 1.70466
644.80959 1.72266
644.88690 1.57975
644.96524 1.43577
644.97571 1.41497
644.89852 1.55968
644.81866 1.70466
644.80959 1.72266
644.75140 1.82676
644.67928 1.93805
644.64942 1.99392
644.61826 2.07080
644.59957 2.18010
644.57391 2.24310
644.61844 2.17025
644.70909 2.06055
644.74759 1.99392
644.78975 1.89641
644.83012 1.78322
644.85868 1.72266
644.92428 1.57975
644.98991 1.43577
645.00025 1.41497
644.93273 1.55968
644.86760 1.70466
644.85868 1.72266
644.93599 1.57975
645.01433 1.43577
645.02480 1.41497
644.94761 1.55968
644.86775 1.70466
644.85868 1.72266
644.81277 1.82676
644.77360 1.93805
644.74759 1.99392
644.80294 1.89641
644.87576 1.78322
644.90777 1.72266
644.97337 1.57975
645.03900 1.43577
645.04934 1.41497
644.98181 1.55968
644.91669 1.70466
644.90777 1.72266
644.98508 1.57975
645.06342 1.43577
645.07388 1.41497
644.99670 1.55968
644.91684 1.70466
644.90777 1.72266
644.84958 1.82676
644.77745 1.93805
644.74759 1.99392
644.70188 2.07080
644.61127 2.18010
644.57391 2.24310
644.55258 2.30477
644.55788 2.35292
644.57328 2.41028
644.56105 2.46413
644.55461 2.47806
644.59499 2.41930
644.65809 2.36631
644.72134 2.31423
644.76255 2.25771
644.77026 2.24310
644.79860 2.17025
644.81764 2.06055
644.84577 1.99392
644.88793 1.89641
644.92829 1.78322
644.95685 1.72266
645.02246 1.57975
645.08809 1.43577
645.09843 1.41497
645.03090 1.55968
644.96578 1.70466
644.95685 1.72266
645.03416 1.57975
645.11251 1.43577
645.12297 1.41497
645.04579 1.55968
644.96592 1.70466
644.95685 1.72266
644.91094 1.82676
644.87177 1.93805
644.84577 1.99392
644.90112 1.89641
644.97394 1.78322
645.00594 1.72266
645.07154 1.57975
645.13718 1.43577
645.14752 1.41497
645.07999 1.55968
645.01487 1.70466
645.00594 1.72266
645.08325 1.57975
645.16159 1.43577
645.17206 1.41497
645.09487 1.55968
645.01501 1.70466
645.00594 1.72266
644.94775 1.82676
644.87563 1.93805
644.84577 1.99392
644.81461 2.07080
644.79592 2.18010
644.77026 2.24310
644.81479 2.17025
644.90544 2.06055
644.94394 1.99392
644.98610 1.89641
645.02647 1.78322
645.05503 1.72266
645.12063 1.57975
645.18626 1.43577
645.19660 1.41497
645.12908 1.55968
645.06395 1.70466
645.05503 1.72266
645.13234 1.57975
645.21068 1.43577
645.22115 1.41497
645.14396 1.55968
645.06410 1.70466
645.05503 1.72266
645.00912 1.82676
644.96995 1.93805
644.94394 1.99392
644.99929 1.89641
645.07211 1.78322
645.10412 1.72266
645.16972 1.57975
645.23535 1.43577
645.24569 1.41497
645.17816 1.55968
645.11304 1.70466
645.10412 1.72266
645.18143 1.57975
645.25977 1.43577
645.27023 1.41497
645.19305 1.55968
645.11319 1.70466
645.10412 1.72266
645.04592 1.82676
644.97380 1.93805
644.94394 1.99392
644.89823 2.07080
644.80762 2.18010
644.77026 2.24310
644.72993 2.30477
644.67648 2.35292
644.60372 2.41028
644.56209 2.46413
644.55461 2.47806
644.54111 2.52760
644.55395 2.56258
644.63654 2.63176
644.64837 2.66685
644.63808 2.70382
644.67553 2.65678
644.73816 2.61822
644.86344 2.56258
644.91127 2.52760
644.94731 2.47806
644.96569 2.41930
644.95558 2.36631
644.94441 2.31423
644.95972 2.25771
644.96661 2.24310
644.99495 2.17025
645.01399 2.06055
645.04212 1.99392
645.08428 1.89641
645.12464 1.78322
645.15320 1.72266
645.21881 1.57975
645.28444 1.43577
645.29478 1.41497
645.22725 1.55968
645.16213 1.70466
645.15320 1.72266
645.23051 1.57975
645.30886 1.43577
645.31932 1.41497
645.24214 1.55968
645.16227 1.70466
645.15320 1.72266
645.10729 1.82676
645.06812 1.93805
645.04212 1.99392
645.09747 1.89641
645.17029 1.78322
645.20229 1.72266
645.26789 1.57975
645.33353 1.43577
645.34387 1.41497
645.27634 1.55968
645.21122 1.70466
645.20229 1.72266
645.27960 1.57975
645.35794 1.43577
645.36841 1.41497
645.29122 1.55968
645.21136 1.70466
645.20229 1.72266
645.14410 1.82676
645.07198 1.93805
645.04212 1.99392
645.01096 2.07080
644.99226 2.18010
644.96661 2.24310
645.01114 2.17025
645.10179 2.06055
645.14029 1.99392
645.18245 1.89641
645.22282 1.78322
645.25138 1.72266
645.31698 1.57975
645.38261 1.43577
645.39295 1.41497
645.32542 1.55968
645.26030 1.70466
645.25138 1.72266
645.32869 1.57975
645.40703 1.43577
645.41750 1.41497
645.34031 1.55968
645.26045 1.70466
645.25138 1.72266
645.20547 1.82676
645.16630 1.93805
645.14029 1.99392
645.19564 1.89641
645.26846 1.78322
645.30046 1.72266
645.36607 1.57975
645.43170 1.43577
645.44204 1.41497
645.37451 1.55968
645.30939 1.70466
645.30046 1.72266
645.37777 1.57975
645.45612 1.43577
645.46658 1.41497
645.38940 1.55968
645.30954 1.70466
645.30046 1.72266
645.24227 1.82676
645.17015 1.93805
645.14029 1.99392
645.09458 2.07080
645.00397 2.18010
644.96661 2.24310
644.94528 2.30477
644.95058 2.35292
644.96598 2.41028
644.95375 2.46413
644.94731 2.47806
644.98769 2.41930
645.05079 2.36631
645.11403 2.31423
645.15525 2.25771
645.16296 2.24310
645.19130 2.17025
645.21034 2.06055
645.23847 1.99392
645.28063 1.89641
645.32099 1.78322
645.34955 1.72266
645.41516 1.57975
645.48079 1.43577
645.49113 1.41497
645.42360 1.55968
645.35848 1.70466
645.34955 1.72266
645.42686 1.57975
645.50521 1.43577
645.51567 1.41497
645.43848 1.55968
645.35862 1.70466
645.34955 1.72266
645.30364 1.82676
645.26447 1.93805
645.23847 1.99392
645.29382 1.89641
645.36664 1.78322
645.39864 1.72266
645.46424 1.57975
645.52988 1.43577
645.54021 1.41497
645.47269 1.55968
645.40757 1.70466
645.39864 1.72266
645.47595 1.57975
645.55429 1.43577
645.56476 1.41497
645.48757 1.55968
645.40771 1.70466
645.39864 1.72266
645.34045 1.82676
645.26833 1.93805
645.23847 1.99392
645.20731 2.07080
645.18861 2.18010
645.16296 2.24310
645.20749 2.17025
645.29814 2.06055
645.33664 1.99392
645.37880 1.89641
645.41917 1.78322
645.44773 1.72266
645.51333 1.57975
645.57896 1.43577
645.58930 1.41497
645.52177 1.55968
645.45665 1.70466
645.44773 1.72266
645.52504 1.57975
645.60338 1.43577
645.61385 1.41497
645.53666 1.55968
645.45680 1.70466
645.44773 1.72266
645.40182 1.82676
645.36265 1.93805
645.33664 1.99392
645.39199 1.89641
645.46481 1.78322
645.49681 1.72266
645.56242 1.57975
645.62805 1.43577
645.63839 1.41497
645.57086 1.55968
645.50574 1.70466
645.49681 1.72266
645.57412 1.57975
645.65247 1.43577
645.66293 1.41497
645.58575 1.55968
645.50589 1.70466
645.49681 1.72266
645.43862 1.82676
645.36650 1.93805
645.33664 1.99392
645.29093 2.07080
645.20032 2.18010
645.16296 2.24310
645.12263 2.30477
645.06918 2.35292
644.99642 2.41028
644.95479 2.46413
644.94731 2.47806
644.91127 2.52760
644.86344 2.56258
644.71168 2.63176
644.66476 2.66685
644.63808 2.70382
644.59426 2.75221
644.52155 2.78721
644.38050 2.82333
644.24179 2.85622
644.16941 2.88854
644.13528 2.92402
644.03328 3.12803
642.40748 3.14159
642.40748 3.14159
642.40748 3.14159