# sss file
-1.57080 3.14159
-1.57080 3.14159
630.61896 0.63512
630.59109 0.85374
630.60516 1.00204
630.64809 1.10489
630.71430 1.17111
630.80026 1.20439
630.90321 1.20613
631.02092 1.17640
631.15192 1.11396
631.29613 1.01548
631.45633 0.87297
631.64269 0.66465
631.66616 0.63512
631.55531 0.76806
631.47959 0.97813
631.44645 1.10946
631.41882 1.33655
631.41503 1.49304
631.43428 1.62447
631.47621 1.73338
631.53151 1.81070
631.60391 1.87094
631.69252 1.91349
631.76481 1.93266
631.77260 1.99087
631.78714 1.99947
631.81085 1.98672
631.82755 1.96129
631.82738 1.94113
631.84949 1.92080
631.85967 1.89414
631.85089 1.87965
631.83200 1.88520
631.77610 1.92721
631.76481 1.93266
631.76300 1.93232
631.77125 1.99403
631.78598 2.00319
631.81032 1.99103
631.82857 1.96535
631.82966 1.94188
631.82932 1.94129
631.85222 1.92043
631.86340 1.89288
631.85575 1.87656
631.83418 1.88201
631.77267 1.92791
631.76300 1.93232
631.76108 1.93194
631.76981 1.99738
631.78491 2.00709
631.80989 1.99540
631.82964 1.96932
631.83268 1.94414
631.83137 1.94145
631.85498 1.92020
631.86727 1.89174
631.86078 1.87346
631.83926 1.87690
631.83649 1.87863
631.77133 1.92728
631.76108 1.93194
631.75905 1.93153
631.76830 2.00093
631.78360 2.01122
631.80935 2.00005
631.83052 1.97387
631.83568 1.94689
631.83356 1.94161
631.85786 1.92000
631.87130 1.89048
631.86605 1.87040
631.84510 1.87146
631.83894 1.87504
631.76991 1.92662
631.75905 1.93153
631.75690 1.93110
631.76353 1.97263
631.76669 2.00468
631.78232 2.01555
631.80878 2.00490
631.83128 1.97876
631.83864 1.95031
631.83587 1.94178
631.86098 1.91966
631.87547 1.88936
631.87154 1.86735
631.85121 1.86600
631.84153 1.87123
631.76654 1.92695
631.75690 1.93110
631.75463 1.93063
631.76159 1.97471
631.76500 2.00865
631.78081 2.02012
631.80779 2.01026
631.83184 1.98415
631.84148 1.95417
631.83834 1.94195
631.86428 1.91928
631.87985 1.88798
631.87712 1.86418
631.85742 1.86057
631.84428 1.86719
631.76484 1.92626
631.75463 1.93063
631.75223 1.93012
631.75924 1.96964
631.76320 2.01286
631.77936 2.02493
631.80704 2.01565
631.83250 1.98954
631.84423 1.95823
631.84095 1.94212
631.86773 1.91891
631.88442 1.88663
631.88297 1.86103
631.86406 1.85504
631.84719 1.86290
631.76152 1.92632
631.75223 1.93012
631.74970 1.92957
631.75704 1.97153
631.76131 2.01731
631.77776 2.03000
631.80631 2.02126
631.83309 1.99526
631.84690 1.96281
631.84373 1.94229
631.87131 1.91860
631.88914 1.88542
631.88912 1.85800
631.87129 1.84941
631.85027 1.85833
631.77165 1.91843
631.74970 1.92957
631.74702 1.92897
631.75471 1.97353
631.75930 2.02202
631.77609 2.03534
631.80531 2.02728
631.83346 2.00150
631.84941 1.96827
631.84668 1.94245
631.87509 1.91825
631.89407 1.88415
631.89548 1.85493
631.87861 1.84377
631.85355 1.85349
631.77027 1.91722
631.74702 1.92897
631.74418 1.92832
631.75194 1.96895
631.75719 2.02701
631.77446 2.04098
631.80431 2.03356
631.83394 2.00785
631.85188 1.97380
631.85119 1.94499
631.84982 1.94261
631.87923 1.91769
631.89924 1.88274
631.90202 1.85165
631.88632 1.83807
631.85822 1.84753
631.85701 1.84835
631.76561 1.91796
631.74418 1.92832
631.74119 1.92762
631.74930 1.97079
631.75495 2.03229
631.77255 2.04690
631.80301 2.04028
631.83396 2.01502
631.85412 1.98029
631.85615 1.94903
631.85315 1.94277
631.88338 1.91735
631.90456 1.88155
631.90891 1.84869
631.89449 1.83234
631.86679 1.83902
631.86069 1.84288
631.76389 1.91670
631.74119 1.92762
631.73804 1.92687
631.74619 1.96681
631.75259 2.03788
631.77069 2.05317
631.80202 2.04712
631.83414 2.02229
631.85630 1.98708
631.86094 1.95346
631.85670 1.94292
631.88769 1.91706
631.91003 1.88052
631.91603 1.84571
631.90321 1.82666
631.87604 1.83030
631.86458 1.83707
631.75927 1.91706
631.73804 1.92687
631.73470 1.92604
631.74321 1.96849
631.75010 2.04379
631.76851 2.05973
631.80039 2.05459
631.83402 2.03018
631.85826 1.99462
631.86570 1.95897
631.86046 1.94306
631.89251 1.91643
631.91589 1.87911
631.92341 1.84268
631.91205 1.82088
631.88546 1.82163
631.86871 1.83090
631.75718 1.91573
631.73470 1.92604
631.73119 1.92515
631.73974 1.96494
631.74746 2.05004
631.76639 2.06668
631.79911 2.06221
631.83413 2.03815
631.86040 2.00206
631.87032 1.96449
631.86447 1.94318
631.89752 1.91584
631.92208 1.87748
631.93106 1.83929
631.92109 1.81497
631.89524 1.81287
631.87308 1.82434
631.76553 1.90769
631.73119 1.92515
631.72748 1.92418
631.73607 1.96189
631.74469 2.05665
631.76392 2.07394
631.79746 2.07035
631.83362 2.04707
631.86194 2.01100
631.87482 1.97180
631.86872 1.94329
631.90284 1.91516
631.92860 1.87572
631.93903 1.83574
631.93047 1.80890
631.90570 1.80389
631.87772 1.81737
631.76026 1.90810
631.72748 1.92418
631.72356 1.92312
631.73250 1.96324
631.74176 2.06365
631.76151 2.08164
631.79588 2.07882
631.83340 2.05607
631.86375 2.01978
631.87927 1.97900
631.87519 1.94638
631.87325 1.94337
631.90838 1.91452
631.93535 1.87407
631.94730 1.83269
631.94054 1.80307
631.91676 1.79476
631.88263 1.80995
631.75827 1.90621
631.72356 1.92312
631.71944 1.92197
631.72840 1.96037
631.73621 2.06287
631.73866 2.07105
631.75895 2.08975
631.79414 2.08774
631.83300 2.06562
631.86539 2.02926
631.88353 1.98745
631.88254 1.95165
631.87807 1.94343
631.91420 1.91385
631.94239 1.87242
631.95591 1.82935
631.95088 1.79709
631.92847 1.78550
631.89423 1.79776
631.88784 1.80206
631.76650 1.89739
631.71944 1.92197
631.71509 1.92071
631.72408 1.95779
631.73292 2.07091
631.73540 2.07888
631.75628 2.09830
631.79195 2.09721
631.83220 2.07590
631.86673 2.03961
631.88768 1.99654
631.88980 1.95779
631.88319 1.94346
631.92002 1.91348
631.94956 1.87109
631.96483 1.82625
631.96171 1.79122
631.94087 1.77615
631.90716 1.78494
631.89337 1.79367
631.76068 1.89768
631.71509 1.92071
631.71051 1.91935
631.72044 1.96771
631.72943 2.07935
631.73197 2.08715
631.75340 2.10728
631.79028 2.10696
631.83184 2.08628
631.86829 2.05011
631.89184 2.00604
631.89697 1.96467
631.88864 1.94345
631.92682 1.91235
631.95744 1.86896
631.97418 1.82254
631.97282 1.78503
631.95358 1.76667
631.92065 1.77198
631.89923 1.78475
631.76854 1.88850
631.71965 1.91658
631.71051 1.91935
631.70569 1.91785
631.71500 1.95627
631.72560 2.08766
631.72835 2.09590
631.75069 2.11685
631.78849 2.11722
631.83179 2.09692
631.87006 2.06088
631.89607 2.01596
631.90411 1.97227
631.89443 1.94340
631.93359 1.91157
631.96542 1.86729
631.98392 1.81880
631.98429 1.77848
631.96638 1.75690
631.93391 1.75914
631.90544 1.77525
631.76710 1.88541
631.71535 1.91498
631.70569 1.91785
631.70062 1.91622
631.71089 1.96661
631.71935 2.08736
631.72454 2.10515
631.74748 2.12681
631.78606 2.12813
631.83066 2.10882
631.87093 2.07331
631.89955 2.02832
631.91122 1.98229
631.90298 1.94654
631.90060 1.94329
631.94071 1.91074
631.97372 1.86561
631.99394 1.81556
631.99642 1.77259
631.98062 1.74735
631.94963 1.74539
631.91203 1.76513
631.76076 1.88542
631.71014 1.91350
631.70062 1.91622
631.69529 1.91444
631.70558 1.96404
631.71515 2.09741
631.72053 2.11493
631.74407 2.13728
631.78342 2.13959
631.82929 2.12136
631.87154 2.08654
631.90296 2.04125
631.91813 1.99323
631.91362 1.95356
631.90717 1.94312
631.94865 1.90939
631.98303 1.86278
632.00460 1.81126
632.00886 1.76597
631.99473 1.73729
631.96470 1.73180
631.92416 1.75065
631.91901 1.75436
631.76892 1.87519
631.71553 1.90744
631.69529 1.91444
631.68968 1.91249
631.69998 1.96156
631.71072 2.10794
631.71631 2.12526
631.74052 2.14830
631.78127 2.15150
631.82846 2.13410
631.87309 2.09936
631.90691 2.05374
631.92510 2.00405
631.92375 1.96067
631.91416 1.94288
631.95661 1.90836
631.99220 1.86086
632.01546 1.80782
632.02183 1.75950
632.00980 1.72736
631.98152 1.71774
631.94164 1.73253
631.92643 1.74288
631.77718 1.86437
631.70973 1.90581
631.68968 1.91249
631.68379 1.91035
631.69407 1.95914
631.70373 2.10850
631.71187 2.13618
631.73715 2.16006
631.77881 2.16404
631.82785 2.14732
631.87427 2.11322
631.91055 2.06758
631.93194 2.01651
631.93422 1.96994
631.92160 1.94255
631.96543 1.90679
632.00241 1.85780
632.02722 1.80276
632.03528 1.75228
632.02502 1.71674
631.99801 1.70346
631.95843 1.71494
631.93429 1.73065
631.77054 1.86396
631.70372 1.90398
631.68379 1.91035
631.67761 1.90801
631.68785 1.95672
631.69865 2.12022
631.70720 2.14772
631.73310 2.17221
631.77605 2.17723
631.82690 2.16135
631.87562 2.12764
631.91461 2.08157
631.93908 2.02885
631.94454 1.97917
631.93007 1.94275
631.92952 1.94213
631.97415 1.90572
632.01221 1.85610
632.03899 1.79912
632.04928 1.74576
632.04126 1.70644
632.01609 1.68887
631.97738 1.69619
631.94264 1.71761
631.77886 1.85243
631.70913 1.89660
631.67761 1.90801
631.67113 1.90545
631.68110 1.95145
631.69142 2.12329
631.70231 2.15991
631.72937 2.18523
631.77326 2.19105
631.82537 2.17631
631.87595 2.14368
631.91756 2.09808
631.94554 2.04450
631.95511 1.99205
631.94465 1.95044
631.93796 1.94159
631.98395 1.90389
632.02341 1.85278
632.05155 1.79449
632.06385 1.73832
632.05785 1.69543
632.03438 1.67385
631.99658 1.67726
631.95151 1.70370
631.78112 1.84493
631.71280 1.88932
631.67113 1.90545
631.66434 1.90263
631.67422 1.94906
631.68561 2.13613
631.69717 2.17278
631.72548 2.19892
631.77101 2.20551
631.82514 2.19137
631.87807 2.15898
631.92229 2.11301
631.95288 2.05877
631.96569 2.00360
631.95833 1.95788
631.94694 1.94092
631.99431 1.90190
632.03516 1.84927
632.06492 1.78898
632.07908 1.73007
632.07501 1.68375
632.05324 1.65828
632.01700 1.65765
631.97011 1.68195
631.96092 1.68886
631.78939 1.83256
631.70610 1.88705
631.66434 1.90263
631.65723 1.89954
631.66700 1.94655
631.67726 2.13812
631.69178 2.18638
631.72086 2.21309
631.76792 2.22074
631.82411 2.20752
631.87880 2.17624
631.92548 2.13099
631.95936 2.07644
631.97621 2.01923
631.97327 1.96939
631.95651 1.94009
632.00461 1.90038
632.04648 1.84715
632.07794 1.78570
632.09458 1.72446
632.09347 1.67380
632.07444 1.64312
632.04020 1.63711
631.99396 1.65655
631.97092 1.67301
631.78288 1.83086
631.69916 1.88449
631.65723 1.89954
631.64979 1.89614
631.66000 1.95337
631.66897 2.14289
631.68614 2.20074
631.71660 2.22824
631.76467 2.23671
631.82213 2.22480
631.87941 2.19440
631.92913 2.14937
631.96606 2.09476
631.98673 2.03595
631.98798 1.98193
631.96958 1.94207
631.96671 1.93909
632.01613 1.89802
632.05937 1.84329
632.09245 1.77987
632.11104 1.71592
632.11209 1.66169
632.09515 1.62682
632.06254 1.61642
632.01761 1.63143
631.98154 1.65608
631.79979 1.81109
631.71490 1.86934
631.65847 1.89450
631.64979 1.89614
631.64203 1.89240
631.65202 1.95075
631.65982 2.14524
631.68024 2.21591
631.71211 2.24414
631.76192 2.25343
631.82151 2.24235
631.88126 2.21259
631.93309 2.16847
631.97286 2.11413
631.99746 2.05338
632.00275 1.99570
631.98820 1.95055
631.97757 1.93789
632.02822 1.89550
632.07277 1.83937
632.10749 1.77408
632.12813 1.70746
632.13155 1.64959
632.11703 1.61029
632.08599 1.59502
632.04150 1.60598
631.99284 1.63797
631.79358 1.80847
631.70769 1.86633
631.65080 1.89086
631.64203 1.89240
631.63392 1.88829
631.64353 1.94535
631.65065 2.15121
631.67009 2.22461
631.67407 2.23192
631.70752 2.26090
631.75929 2.27098
631.82122 2.26065
631.88360 2.23145
631.93825 2.18749
631.98106 2.13257
632.00875 2.07093
632.01774 2.00997
632.00673 1.96007
631.98914 1.93646
632.04108 1.89264
632.08696 1.83499
632.12332 1.76773
632.14599 1.69837
632.15177 1.63683
632.13967 1.59308
632.11079 1.57292
632.06770 1.57907
632.01474 1.61069
632.00485 1.61860
631.81053 1.78753
631.71044 1.85717
631.65196 1.88444
631.63392 1.88829
631.62549 1.88376
631.63466 1.93997
631.64096 2.15786
631.65966 2.23361
631.66764 2.24881
631.70271 2.27849
631.75646 2.28939
631.82072 2.27993
631.88577 2.25149
631.94331 2.20791
631.98930 2.15271
632.02048 2.08966
632.03319 2.02576
632.02562 1.97076
632.00147 1.93477
632.05458 1.88956
632.10173 1.83050
632.13972 1.76138
632.16450 1.68935
632.17281 1.62411
632.16320 1.57521
632.13670 1.55007
632.09541 1.55113
632.04308 1.57825
632.01764 1.59786
631.81252 1.77767
631.71298 1.84757
631.65315 1.87708
631.62549 1.88376
631.61671 1.87877
631.62550 1.93667
631.63020 2.16116
631.64850 2.24221
631.66093 2.26664
631.69776 2.29698
631.75361 2.30868
631.82034 2.30011
631.88817 2.27247
631.94868 2.22940
631.99792 2.17406
632.03228 2.11077
632.04898 2.04502
632.04578 1.98537
632.02341 1.94121
632.01460 1.93278
632.06885 1.88616
632.11723 1.82568
632.15684 1.75472
632.18375 1.68004
632.19467 1.61108
632.18796 1.55737
632.16385 1.52647
632.12471 1.52213
632.07269 1.54477
632.03127 1.57563
631.82199 1.76137
631.71912 1.83519
631.64478 1.87243
631.61671 1.87877
631.60760 1.87327
631.61586 1.93087
631.61929 2.16897
631.63711 2.25193
631.65397 2.28546
631.69276 2.31645
631.75098 2.32891
631.82046 2.32115
631.89127 2.29422
631.95489 2.25157
632.00666 2.19708
632.04475 2.13278
632.06539 2.06456
632.06618 2.00078
632.04721 1.95045
632.02859 1.93044
632.08402 1.88230
632.13438 1.81918
632.17541 1.74620
632.20420 1.66882
632.21745 1.59627
632.21339 1.53802
632.19196 1.50188
632.15445 1.49216
632.10363 1.51004
632.04579 1.55179
631.83932 1.73799
631.73568 1.81538
631.65715 1.85924
631.60760 1.87327
631.59816 1.86720
631.60606 1.93682
631.60768 2.17743
631.62889 2.27226
631.64674 2.30531
631.68759 2.33688
631.74823 2.35010
631.82049 2.34323
631.89436 2.31719
631.96117 2.27520
632.01709 2.21987
632.05853 2.15477
632.08272 2.08452
632.08722 2.01717
632.07194 1.96173
632.04350 1.92771
632.10090 1.87712
632.15230 1.81234
632.19471 1.73747
632.22541 1.65750
632.24125 1.58030
632.23970 1.51685
632.22085 1.47582
632.18572 1.46080
632.13658 1.47355
632.07732 1.51257
632.06129 1.52618
631.84183 1.72607
631.73817 1.80387
631.65855 1.84938
631.60643 1.86644
631.59816 1.86720
631.58840 1.86050
631.59556 1.93041
631.59405 2.17263
631.61253 2.27329
631.63926 2.32625
631.68235 2.35834
631.74560 2.37228
631.82083 2.36630
631.89791 2.34116
631.96804 2.29992
632.02654 2.24592
632.07137 2.18150
632.09981 2.11052
632.10928 2.03940
632.09860 1.97748
632.06934 1.93260
632.05938 1.92454
632.11779 1.87241
632.17033 1.80617
632.21492 1.72816
632.24795 1.64429
632.26610 1.56355
632.26736 1.49551
632.25115 1.44854
632.21808 1.42785
632.17000 1.43582
632.11041 1.47153
632.07784 1.49863
631.85964 1.70075
631.74067 1.79174
631.65994 1.83878
631.60552 1.85844
631.58840 1.86050
631.57833 1.85311
631.58468 1.92153
631.58131 2.18740
631.59976 2.28691
631.63156 2.34833
631.67708 2.38088
631.74316 2.39550
631.82158 2.39038
631.90207 2.36617
631.97565 2.32572
632.03766 2.27216
632.08616 2.20745
632.11851 2.13502
632.13206 2.06087
632.12555 1.99421
632.09988 1.94236
632.07630 1.92087
632.13565 1.86718
632.19015 1.79816
632.23609 1.71821
632.27108 1.63168
632.29183 1.54723
632.29621 1.47324
632.28292 1.41995
632.25283 1.39331
632.20724 1.39528
632.14904 1.42563
632.09554 1.46896
631.86943 1.68135
631.75246 1.77258
631.65888 1.82860
631.59482 1.85152
631.57833 1.85311
631.56797 1.84494
631.57341 1.91436
631.56628 2.18365
631.58220 2.28823
631.61247 2.35716
631.62365 2.37162
631.67176 2.40452
631.74078 2.41978
631.82248 2.41557
631.90648 2.39240
631.98363 2.35295
632.04927 2.30010
632.10161 2.23543
632.13802 2.16193
632.15587 2.08516
632.15359 2.01309
632.13167 1.95452
632.09431 1.91662
632.15553 1.86027
632.21086 1.78966
632.25807 1.70792
632.29502 1.61887
632.31874 1.52941
632.32630 1.45055
632.31668 1.39117
632.28980 1.35728
632.24656 1.35262
632.18936 1.37769
632.12233 1.42972
632.11451 1.43695
631.87310 1.66649
631.75512 1.75892
631.66006 1.81658
631.59351 1.84199
631.56797 1.84494
631.55735 1.83591
631.56148 1.91673
631.55088 2.18586
631.56777 2.30392
631.59826 2.37410
631.61557 2.39617
631.66662 2.42938
631.73901 2.44519
631.82443 2.44175
631.91229 2.41948
631.99323 2.38090
632.06259 2.32868
632.11873 2.26407
632.15908 2.18965
632.18101 2.11055
632.18296 2.03442
632.16491 1.96918
632.12941 1.92287
632.11350 1.91173
632.17552 1.85373
632.23282 1.78014
632.28207 1.69491
632.32127 1.60163
632.34721 1.50857
632.35770 1.42378
632.35096 1.35807
632.32661 1.31799
632.28596 1.30780
632.23062 1.32776
632.16301 1.37669
632.13485 1.40234
631.89825 1.63208
631.78126 1.72761
631.68408 1.79144
631.61204 1.82531
631.55735 1.83591
631.54650 1.82593
631.54936 1.90853
631.53490 2.19709
631.55162 2.31802
631.58288 2.39142
631.60738 2.42205
631.66158 2.45543
631.73753 2.47173
631.82885 2.46881
631.92068 2.44713
632.00532 2.40927
632.07820 2.35768
632.13793 2.29329
632.18199 2.21826
632.20780 2.13729
632.21374 2.05646
632.19930 1.98513
632.16632 1.93112
632.13393 1.90610
632.19776 1.84521
632.25577 1.76998
632.30623 1.68292
632.34740 1.58707
632.37651 1.48865
632.39043 1.39869
632.38759 1.32537
632.36743 1.27791
632.33003 1.25987
632.27674 1.27327
632.21065 1.31660
632.15673 1.36484
631.90312 1.61458
631.78456 1.71187
631.68581 1.77725
631.60087 1.81676
631.54650 1.82593
631.53546 1.81488
631.47339 1.72810
631.43320 1.62017
631.41489 1.49047
631.41882 1.33655
631.45464 1.06930
631.49725 0.92428
631.55531 0.76806
631.38278 0.94261
631.27940 1.02839
631.15017 1.37541
631.07325 1.63157
631.03097 1.83305
631.01481 1.99799
631.02092 2.14197
631.04720 2.25835
631.09899 2.36701
631.16708 2.45068
631.26658 2.52963
631.45591 2.63209
631.56023 2.67842
631.69382 2.71532
631.85663 2.74044
632.04270 2.75166
632.23988 2.74785
632.43386 2.72941
632.61364 2.69807
632.77415 2.65614
632.94756 2.59224
633.09512 2.51877
633.22263 2.43810
633.29170 2.38688
633.38301 2.36677
633.41033 2.34949
633.41884 2.32570
633.40279 2.31189
633.37703 2.31572
633.37625 2.29381
633.35373 2.28698
633.32426 2.29994
633.30903 2.31954
633.29170 2.38688
633.28903 2.38896
633.38599 2.36760
633.41433 2.34985
633.42401 2.32532
633.40910 2.30994
633.37949 2.31354
633.37910 2.29087
633.35686 2.28288
633.32646 2.29473
633.30758 2.31755
633.28903 2.38896
633.28619 2.39117
633.38915 2.36846
633.41841 2.35038
633.42941 2.32509
633.41566 2.30802
633.38544 2.30990
633.38208 2.31122
633.38202 2.28765
633.35976 2.27863
633.32836 2.28970
633.30661 2.31409
633.30607 2.31544
633.29185 2.38063
633.28619 2.39117
633.28317 2.39351
633.39251 2.36936
633.42269 2.35096
633.43505 2.32494
633.42273 2.30624
633.39282 2.30590
633.38483 2.30877
633.38518 2.28439
633.36329 2.27417
633.33121 2.28397
633.30682 2.30816
633.30448 2.31320
633.28920 2.38234
633.28317 2.39351
633.27996 2.39598
633.39610 2.37030
633.42730 2.35146
633.44093 2.32462
633.42982 2.30438
633.40014 2.30207
633.38774 2.30616
633.38847 2.28089
633.36678 2.26952
633.33398 2.27823
633.30713 2.30244
633.30281 2.31081
633.28561 2.38603
633.27996 2.39598
633.27654 2.39860
633.39991 2.37129
633.43219 2.35196
633.44708 2.32427
633.43718 2.30251
633.40783 2.29823
633.39081 2.30339
633.39192 2.27718
633.37043 2.26466
633.33697 2.27225
633.30789 2.29620
633.30107 2.30828
633.28256 2.38805
633.27654 2.39860
633.27291 2.40136
633.35684 2.38258
633.40398 2.37231
633.43733 2.35251
633.45349 2.32420
633.44508 2.30081
633.41635 2.29434
633.39406 2.30045
633.39556 2.27329
633.37435 2.25957
633.34035 2.26594
633.30915 2.28943
633.29924 2.30557
633.27864 2.39174
633.27291 2.40136
633.26905 2.40429
633.33841 2.38779
633.40831 2.37338
633.44270 2.35314
633.46020 2.32408
633.45330 2.29916
633.42544 2.29047
633.39749 2.29732
633.39942 2.26925
633.37842 2.25424
633.34405 2.25935
633.31093 2.28217
633.29733 2.30270
633.27514 2.39410
633.26905 2.40429
633.26493 2.40739
633.33867 2.38993
633.41292 2.37450
633.44838 2.35378
633.46723 2.32395
633.46184 2.29752
633.43465 2.28663
633.40112 2.29401
633.40349 2.26498
633.38290 2.24869
633.34826 2.25238
633.31309 2.27456
633.29534 2.29964
633.27143 2.39659
633.26493 2.40739
633.26056 2.41066
633.32895 2.39393
633.41784 2.37565
633.45432 2.35452
633.47454 2.32400
633.47073 2.29591
633.44467 2.28282
633.40648 2.28982
633.40495 2.29049
633.40771 2.26034
633.38754 2.24286
633.35250 2.24520
633.31579 2.26646
633.29326 2.29638
633.26681 2.40062
633.26056 2.41066
633.25589 2.41413
633.32863 2.39644
633.42309 2.37685
633.46087 2.35502
633.48228 2.32376
633.47996 2.29427
633.45482 2.27899
633.41615 2.28385
633.40900 2.28675
633.41223 2.25563
633.39240 2.23674
633.35729 2.23763
633.31888 2.25799
633.29254 2.28967
633.29110 2.29291
633.26256 2.40349
633.25589 2.41413
633.25093 2.41779
633.31933 2.40068
633.42868 2.37809
633.46746 2.35584
633.49026 2.32397
633.48980 2.29304
633.46604 2.27529
633.42769 2.27742
633.41327 2.28277
633.41694 2.25051
633.39766 2.23038
633.36240 2.22974
633.32281 2.24880
633.29316 2.28061
633.28884 2.28922
633.25741 2.40776
633.25093 2.41779
633.24563 2.42166
633.31842 2.40360
633.43465 2.37937
633.47474 2.35641
633.49885 2.32357
633.49971 2.29114
633.47713 2.27146
633.43877 2.27129
633.41779 2.27855
633.42196 2.24532
633.40316 2.22370
633.36778 2.22150
633.32684 2.23945
633.29419 2.27131
633.28650 2.28528
633.25256 2.41104
633.24563 2.42166
633.23999 2.42575
633.30927 2.40817
633.44102 2.38069
633.48238 2.35705
633.50770 2.32362
633.51024 2.28965
633.48904 2.26772
633.45103 2.26498
633.42255 2.27407
633.42719 2.23966
633.40884 2.21664
633.37346 2.21290
633.33140 2.22960
633.29596 2.26123
633.28407 2.28108
633.24678 2.41561
633.23999 2.42575
633.23398 2.43007
633.32048 2.40927
633.44781 2.38204
633.49015 2.35796
633.51700 2.32363
633.52129 2.28837
633.50165 2.26408
633.46422 2.25860
633.42758 2.26931
633.43269 2.23365
633.41479 2.20920
633.37942 2.20391
633.33633 2.21933
633.29829 2.25061
633.28155 2.27661
633.24622 2.40903
633.23398 2.43007
633.22756 2.43463
633.29848 2.41649
633.44054 2.38806
633.45507 2.38342
633.49865 2.35865
633.52684 2.32346
633.53272 2.28676
633.51455 2.26033
633.47786 2.25223
633.43289 2.26425
633.43851 2.22739
633.42118 2.20145
633.38605 2.19446
633.34219 2.20831
633.30139 2.23921
633.27894 2.27184
633.24065 2.41235
633.22756 2.43463
633.22071 2.43945
633.31007 2.41787
633.44869 2.38945
633.46282 2.38484
633.50763 2.35936
633.53717 2.32332
633.54468 2.28520
633.52810 2.25661
633.49237 2.24581
633.44610 2.25552
633.43850 2.25887
633.44463 2.22079
633.42795 2.19335
633.39318 2.18457
633.34875 2.19671
633.30570 2.22663
633.27677 2.26561
633.27625 2.26676
633.23382 2.41790
633.22071 2.43945
633.21339 2.44454
633.30070 2.42322
633.45726 2.39090
633.47109 2.38627
633.51718 2.36004
633.54807 2.32308
633.55718 2.28352
633.54190 2.25259
633.50703 2.23932
633.46047 2.24651
633.44441 2.25315
633.45106 2.21379
633.43502 2.18481
633.40065 2.17424
633.35575 2.18463
633.31067 2.21347
633.27782 2.25277
633.27347 2.26133
633.22658 2.42356
633.21339 2.44454
633.20557 2.44991
633.29142 2.42877
633.45071 2.39697
633.47994 2.38772
633.52721 2.36077
633.55945 2.32300
633.57026 2.28206
633.55680 2.24894
633.52290 2.23278
633.47598 2.23724
633.45065 2.24707
633.45780 2.20611
633.44208 2.17549
633.40803 2.16339
633.36283 2.17217
633.31569 2.20020
633.27921 2.24001
633.27062 2.25554
633.21890 2.42935
633.20557 2.44991
633.19722 2.45558
633.28878 2.43336
633.45838 2.39917
633.48939 2.38918
633.53781 2.36151
633.57137 2.32293
633.58392 2.28065
633.57238 2.24537
633.54006 2.22631
633.49369 2.22750
633.45722 2.24060
633.46494 2.19839
633.45006 2.16616
633.41634 2.15204
633.37062 2.15905
633.32203 2.18570
633.28191 2.22568
633.26769 2.24937
633.21151 2.43382
633.19722 2.45558
633.18828 2.46155
633.27887 2.43949
633.45086 2.40571
633.49949 2.39063
633.54952 2.36183
633.58417 2.32240
633.59822 2.27885
633.58822 2.24125
633.55688 2.21952
633.51053 2.21804
633.46416 2.23372
633.47245 2.19026
633.45823 2.15614
633.42522 2.14015
633.37964 2.14508
633.32936 2.17030
633.28577 2.21015
633.26469 2.24277
633.22709 2.36984
633.20279 2.44013
633.18828 2.46155
633.17871 2.46785
633.26882 2.44590
633.46218 2.40746
633.51030 2.39207
633.56141 2.36251
633.59762 2.32184
633.61322 2.27657
633.60482 2.23709
633.57462 2.21260
633.52904 2.20824
633.47552 2.22444
633.47147 2.22641
633.48033 2.18124
633.46685 2.14561
633.43424 2.12762
633.38838 2.13072
633.33718 2.15432
633.29046 2.19387
633.26164 2.23573
633.22290 2.36195
633.19350 2.44667
633.17871 2.46785
633.16846 2.47449
633.25851 2.45261
633.45501 2.41434
633.52185 2.39348
633.57405 2.36311
633.61153 2.32161
633.62886 2.27504
633.62249 2.23345
633.59423 2.20602
633.54939 2.19820
633.49505 2.21134
633.47917 2.21863
633.48863 2.17213
633.47587 2.13447
633.44367 2.11443
633.39810 2.11555
633.34559 2.13764
633.29595 2.17677
633.26074 2.22383
633.25854 2.22820
633.22261 2.33833
633.18990 2.44130
633.16846 2.47449
633.15748 2.48148
633.24786 2.45965
633.44750 2.42144
633.53421 2.39485
633.58795 2.36325
633.62640 2.32095
633.64524 2.27320
633.64066 2.22925
633.61384 2.19896
633.56972 2.18805
633.51490 2.19833
633.48729 2.21035
633.49735 2.16208
633.48546 2.12286
633.45433 2.10076
633.40894 2.09954
633.35604 2.11940
633.30420 2.15698
633.26415 2.20453
633.25539 2.22016
633.21811 2.33016
633.17954 2.44847
633.15748 2.48148
633.14569 2.48884
633.25822 2.46323
633.46082 2.42365
633.54742 2.39615
633.60199 2.36383
633.64195 2.32035
633.66244 2.27096
633.65957 2.22477
633.63427 2.19170
633.59110 2.17767
633.53683 2.18468
633.49584 2.20153
633.50652 2.15153
633.49539 2.11039
633.46491 2.08621
633.41975 2.08288
633.36616 2.10093
633.31214 2.13748
633.26770 2.18590
633.25222 2.21156
633.21344 2.32177
633.17465 2.44301
633.14569 2.48884
633.13303 2.49658
633.24082 2.47201
633.45956 2.42983
633.56157 2.39736
633.61759 2.36374
633.65881 2.31889
633.68062 2.26779
633.67911 2.21943
633.65502 2.18378
633.61264 2.16692
633.55830 2.17117
633.50484 2.19215
633.51618 2.14030
633.50578 2.09714
633.47596 2.07084
633.43105 2.06539
633.37685 2.08162
633.32088 2.11708
633.27272 2.16564
633.24904 2.20237
633.20580 2.32252
633.16195 2.45316
633.13303 2.49658
633.11942 2.50471
633.22906 2.48011
633.45312 2.43760
633.56299 2.40418
633.57670 2.39847
633.63413 2.36349
633.67614 2.31790
633.69941 2.26572
633.70001 2.21550
633.67797 2.17665
633.63711 2.15615
633.58333 2.15672
633.52177 2.17830
633.51433 2.18216
633.52633 2.12841
633.51674 2.08318
633.48768 2.05466
633.44317 2.04697
633.38859 2.06120
633.33092 2.09532
633.27875 2.14436
633.24586 2.19253
633.20061 2.31388
633.14956 2.46108
633.11942 2.50471
633.10477 2.51326
633.21664 2.48863
633.44640 2.44576
633.56367 2.41135
633.59288 2.39942
633.65094 2.36365
633.69436 2.31676
633.71923 2.26288
633.72155 2.21038
633.70118 2.16868
633.66164 2.14492
633.60846 2.14215
633.54700 2.16030
633.52431 2.17152
633.53698 2.11649
633.52853 2.06896
633.50056 2.03790
633.45678 2.02756
633.40213 2.03933
633.34304 2.07163
633.28757 2.12003
633.24630 2.17541
633.24272 2.18201
633.19529 2.30482
633.14271 2.45637
633.10477 2.51326
633.08900 2.52222
633.21966 2.49490
633.44735 2.45246
633.58192 2.41216
633.61020 2.40020
633.66950 2.36301
633.71404 2.31471
633.74018 2.25912
633.74396 2.20443
633.72508 2.16003
633.68683 2.13319
633.63437 2.12719
633.57256 2.14229
633.53482 2.16018
633.54820 2.10321
633.54069 2.05348
633.51371 2.02001
633.47067 2.00716
633.41609 2.01656
633.35590 2.04700
633.29758 2.09456
633.25104 2.15135
633.23962 2.17074
633.19171 2.28980
633.13376 2.45440
633.09794 2.51288
633.08900 2.52222
633.07197 2.53162
633.20625 2.50429
633.44092 2.46131
633.58373 2.41959
633.62872 2.40076
633.68911 2.36218
633.73466 2.31253
633.76209 2.25531
633.76744 2.19847
633.75029 2.15132
633.71366 2.12122
633.66160 2.11170
633.59904 2.12384
633.54588 2.14810
633.56003 2.08848
633.55333 2.03670
633.52688 2.00064
633.48452 1.98561
633.43015 1.99285
633.36919 2.02149
633.30856 2.06805
633.25721 2.12593
633.23660 2.15867
633.18623 2.27986
633.11920 2.46303
633.08134 2.52215
633.07197 2.53162
633.05359 2.54146
633.18648 2.51502
633.42005 2.47383
633.56958 2.43290
633.64852 2.40105
633.70998 2.36096
633.75650 2.30987
633.78513 2.25091
633.79196 2.19187
633.77644 2.14198
633.74137 2.10869
633.69048 2.09565
633.62824 2.10429
633.56023 2.13367
633.55752 2.13522
633.57244 2.07353
633.56681 2.01943
633.54158 1.98075
633.50028 1.96296
633.44644 1.96747
633.38499 1.99376
633.32145 2.03953
633.26607 2.09741
633.23369 2.14575
633.18250 2.26442
633.10866 2.46152
633.07195 2.52212
633.05359 2.54146
633.03370 2.55175
633.18799 2.52283
633.42302 2.48142
633.57400 2.44000
633.66969 2.40102
633.73201 2.35946
633.77938 2.30700
633.80920 2.24640
633.81761 2.18521
633.80360 2.13194
633.76960 2.09520
633.71993 2.07895
633.65828 2.08423
633.58872 2.11101
633.56977 2.12149
633.58547 2.05779
633.58105 2.00135
633.55726 1.95995
633.51669 1.93905
633.46363 1.94078
633.40119 1.96500
633.33603 2.00917
633.27641 2.06746
633.23144 2.13097
633.23093 2.13190
633.17294 2.26384
633.09067 2.47370
633.05251 2.53278
633.03370 2.55175
633.01214 2.56249
633.17231 2.53371
633.41629 2.49165
633.57517 2.44865
633.67899 2.40736
633.69231 2.40061
633.75534 2.35754
633.80346 2.30371
633.83442 2.24147
633.84439 2.17814
633.83229 2.12205
633.80028 2.08188
633.75164 2.06165
633.69101 2.06314
633.62131 2.08627
633.58266 2.10684
633.59917 2.04109
633.59582 1.98154
633.57334 1.93758
633.53412 1.91383
633.48126 1.91276
633.41891 1.93450
633.35252 1.97677
633.28897 2.03513
633.23772 2.10133
633.22834 2.11704
633.16711 2.25234
633.07994 2.46943
633.03210 2.54318
633.01214 2.56249
632.98875 2.57368
633.17304 2.54267
633.39558 2.50538
633.56016 2.46298
633.68903 2.41368
633.71645 2.39976
633.78112 2.35419
633.82958 2.29878
633.86124 2.23479
633.87234 2.16844
633.86145 2.10989
633.83029 2.06638
633.78280 2.04320
633.72204 2.04174
633.65219 2.06214
633.59622 2.09120
633.61368 2.02232
633.61136 1.96037
633.58977 1.91324
633.55170 1.88690
633.49973 1.88317
633.43761 1.90242
633.36928 1.94346
633.30307 2.00108
633.24643 2.06890
633.22598 2.10111
633.16323 2.23533
633.06672 2.46844
633.01887 2.54407
632.98875 2.57368
632.96332 2.58531
633.14957 2.55551
633.37471 2.51951
633.54473 2.47768
633.68379 2.42734
633.74222 2.39837
633.80731 2.35118
633.85765 2.29231
633.88996 2.22562
633.90161 2.15735
633.89149 2.09574
633.86150 2.04973
633.81451 2.02346
633.75464 2.01916
633.68505 2.03668
633.61048 2.07451
633.62882 2.00345
633.62777 1.93810
633.60772 1.88817
633.57067 1.85847
633.51998 1.85176
633.45853 1.86809
633.38970 1.90663
633.32031 1.96363
633.25851 2.03250
633.22390 2.08401
633.15944 2.21774
633.05257 2.46756
633.00411 2.54500
632.96332 2.58531
632.93561 2.59736
633.35345 2.53412
633.52896 2.49282
633.67722 2.44159
633.76968 2.39636
633.83500 2.34754
633.88576 2.28718
633.91899 2.21883
633.93215 2.14839
633.92404 2.08389
633.89580 2.03374
633.85090 2.00361
633.79188 1.99515
633.72214 2.00905
633.64602 2.04417
633.62548 2.05669
633.64473 1.98343
633.64520 1.91538
633.62668 1.86166
633.59146 1.82867
633.54163 1.81849
633.48017 1.83205
633.41119 1.86812
633.33902 1.92437
633.27258 1.99408
633.22214 2.06565
633.15579 2.19941
633.03746 2.46675
632.97843 2.55748
632.93561 2.59736
632.90537 2.60982
633.31992 2.55138
633.49776 2.51256
633.65404 2.46258
633.77320 2.40853
633.79891 2.39364
633.86534 2.34211
633.91603 2.28018
633.95014 2.20898
633.96414 2.13546
633.95688 2.06772
633.92994 2.01499
633.88582 1.98153
633.82809 1.97002
633.75921 1.98070
633.68182 2.01340
633.64127 2.03764
633.66163 1.96098
633.66341 1.89035
633.64668 1.83358
633.61285 1.79678
633.56474 1.78323
633.50454 1.79339
633.43478 1.82705
633.36131 1.88126
633.29051 1.95128
633.23241 2.02723
633.22077 2.04593
633.14715 2.19151
633.01909 2.47021
632.95940 2.56032
632.90537 2.60982
632.87230 2.62264
633.29749 2.56700
633.48140 2.52861
633.64570 2.47794
633.77529 2.42149
633.83000 2.39010
633.89616 2.33694
633.94770 2.27243
633.98223 2.19964
633.99749 2.12294
633.99180 2.05265
633.96642 1.99604
633.92366 1.95865
633.86687 1.94342
633.79822 1.95078
633.72122 1.98016
633.65789 2.01727
633.67941 1.93715
633.68252 1.86290
633.66716 1.80247
633.63454 1.76220
633.58726 1.74563
633.52728 1.75338
633.45792 1.78478
633.38253 1.83817
633.30815 1.90870
633.24392 1.98783
633.21986 2.02473
633.14370 2.17152
633.00185 2.46956
632.93983 2.56196
632.88480 2.61402
632.87230 2.62264
632.83605 2.63578
633.26313 2.58500
633.45016 2.54881
633.62114 2.49953
633.76162 2.44245
633.86300 2.38560
633.92990 2.32955
633.98185 2.26213
634.01674 2.18634
634.03240 2.10765
634.02761 2.03393
634.00316 1.97387
633.96195 1.93363
633.90583 1.91506
633.83728 1.91953
633.75948 1.94669
633.67537 1.99548
633.69795 1.91291
633.70277 1.83454
633.68948 1.77076
633.65926 1.72664
633.61354 1.70576
633.55539 1.70961
633.48592 1.73799
633.41014 1.78868
633.33344 1.85759
633.26349 1.93793
633.21949 2.00192
633.13500 2.16183
632.98929 2.45881
632.91714 2.56538
632.84906 2.62740
632.83605 2.63578
632.79624 2.64916
633.23823 2.60193
633.43270 2.56615
633.61198 2.51620
633.76162 2.45701
633.87359 2.39641
633.89799 2.38003
633.96414 2.32232
634.01587 2.25350
634.05181 2.17472
634.06869 2.09268
634.06530 2.01526
634.04231 1.95130
634.00246 1.90720
633.94743 1.88492
633.88058 1.88582
633.80260 1.90987
633.71834 1.95555
633.69378 1.97216
633.71768 1.88581
633.72415 1.80456
633.71282 1.73639
633.68447 1.68793
633.64110 1.66324
633.58406 1.66334
633.51592 1.68823
633.43907 1.73686
633.35957 1.80517
633.28484 1.88650
633.22250 1.97290
633.21972 1.97738
633.13198 2.13969
632.97891 2.44281
632.90463 2.55465
632.83644 2.62237
632.79624 2.64916
632.75244 2.66269
633.20128 2.62099
633.40048 2.58732
633.58675 2.53874
633.74575 2.47935
633.86983 2.41622
633.93500 2.37321
634.00145 2.31244
634.05330 2.24057
634.08947 2.15856
634.10680 2.07312
634.10409 1.99217
634.08239 1.92565
634.04358 1.87798
633.99034 1.85260
633.92403 1.85027
633.84714 1.87116
633.76161 1.91473
633.71317 1.94718
633.73853 1.85670
633.74668 1.77106
633.73716 1.69841
633.71051 1.64566
633.66849 1.61721
633.61222 1.61426
633.54403 1.63705
633.46598 1.68472
633.38393 1.75336
633.30511 1.83630
633.23709 1.92555
633.22067 1.95094
633.13137 2.11243
632.96513 2.43153
632.88905 2.54545
632.82088 2.61658
632.75244 2.66269
632.70418 2.67622
633.13338 2.64383
633.33844 2.61447
633.53490 2.56936
633.70723 2.51129
633.84708 2.44644
633.95115 2.38220
633.97407 2.36500
634.04052 2.30113
634.09231 2.22624
634.12866 2.14100
634.14650 2.05212
634.14483 1.96883
634.12448 1.89844
634.08704 1.84690
634.03500 1.81787
633.96949 1.81224
633.89272 1.83037
633.80630 1.87193
633.73360 1.92039
633.76019 1.82728
633.77054 1.73685
633.76340 1.65912
633.73964 1.60206
633.69992 1.56848
633.64536 1.56103
633.57794 1.58029
633.50077 1.62473
633.41669 1.69222
633.33394 1.77566
633.25875 1.86866
633.22243 1.92245
633.12315 2.09924
632.95076 2.41994
632.86149 2.54914
632.79034 2.62094
632.71973 2.66837
632.70418 2.67622
632.65092 2.68961
633.08243 2.66443
633.29055 2.63853
633.49279 2.59671
633.67345 2.54083
633.82398 2.47612
633.94143 2.40922
634.01522 2.35520
634.08143 2.28815
634.13304 2.21012
634.16951 2.12153
634.18788 2.02909
634.18710 1.94209
634.16792 1.86792
634.13173 1.81266
634.08082 1.78018
634.01610 1.77145
633.93953 1.78705
633.85389 1.82597
633.76138 1.88691
633.75514 1.89165
633.78338 1.79412
633.79581 1.69875
633.79102 1.61580
633.76958 1.55367
633.73195 1.51535
633.67998 1.50381
633.61473 1.51910
633.53747 1.56094
633.45321 1.62603
633.36555 1.71126
633.28494 1.80631
633.22512 1.89169
633.11713 2.08095
632.94151 2.39876
632.85152 2.52943
632.76874 2.61572
632.68307 2.67413
632.65092 2.68961
632.59213 2.70262
633.03687 2.68461
633.25327 2.66102
633.46494 2.62063
633.62973 2.57367
633.79429 2.50877
633.92629 2.43899
634.03730 2.36158
634.05846 2.34364
634.12422 2.27329
634.17550 2.19204
634.21205 2.09997
634.23097 2.00380
634.23118 1.91292
634.21328 1.83476
634.17851 1.77558
634.12890 1.73944
634.06517 1.72743
633.98903 1.74034
633.90297 1.77733
633.80885 1.83726
633.77787 1.86077
633.80791 1.75853
633.82254 1.65949
633.82083 1.57194
633.80262 1.50344
633.76799 1.45893
633.71842 1.44195
633.65468 1.45289
633.57771 1.49175
633.49223 1.55549
633.40305 1.63942
633.31593 1.73796
633.24004 1.84121
633.22886 1.85847
633.11797 2.04939
632.93614 2.37057
632.83244 2.51924
632.74692 2.60850
632.65939 2.67066
632.59213 2.70262
632.52728 2.71498
632.34648 2.73956
632.15649 2.75129
631.96900 2.74909
631.79674 2.73316
631.64877 2.70493
631.52851 2.66643
631.45591 2.63209
631.26658 2.52963
631.16708 2.45068
631.09899 2.36701
631.04720 2.25835
631.02092 2.14197
631.01481 1.99799
631.03097 1.83305
631.07325 1.63157
631.15017 1.37541
631.27940 1.02839
631.13672 1.12259
631.00717 1.18128
630.89101 1.20748
630.78982 1.20226
630.70591 1.16542
630.64209 1.09537
630.61246 1.02839
630.39466 1.37541
630.21543 1.63157
630.05623 1.83305
629.90985 1.99454
629.87187 2.03257
629.83057 2.04389
629.80485 2.04802
629.78002 2.06431
629.76635 2.08972
629.77331 2.10696
629.79364 2.10592
629.78908 2.12929
629.80514 2.13870
629.83059 2.12763
629.84765 2.10498
629.86538 2.04516
629.87187 2.03257
629.87417 2.03032
629.83839 2.04120
629.80323 2.04665
629.77751 2.06322
629.76259 2.08944
629.76820 2.10825
629.79073 2.10827
629.79124 2.10806
629.78624 2.13230
629.80204 2.14282
629.82831 2.13279
629.84784 2.10889
629.84861 2.10705
629.86835 2.04117
629.87417 2.03032
629.87660 2.02792
629.83872 2.03948
629.80152 2.04520
629.77503 2.06191
629.75876 2.08877
629.76283 2.10937
629.78492 2.11170
629.78869 2.11033
629.78320 2.13534
629.79862 2.14709
629.82549 2.13839
629.84718 2.11458
629.84964 2.10923
629.87044 2.03944
629.87660 2.02792
629.87918 2.02538
629.83907 2.03765
629.79972 2.04365
629.77230 2.06063
629.75473 2.08828
629.75730 2.11038
629.77862 2.11508
629.78598 2.11273
629.78001 2.13865
629.79511 2.15153
629.82268 2.14404
629.84623 2.12060
629.85074 2.11154
629.87266 2.03759
629.87918 2.02538
629.88191 2.02268
629.84622 2.03460
629.79782 2.04200
629.76951 2.05920
629.75059 2.08753
629.75157 2.11125
629.77203 2.11833
629.78311 2.11527
629.77663 2.14207
629.79144 2.15616
629.81959 2.14994
629.84500 2.12690
629.85192 2.11398
629.87592 2.03358
629.88191 2.02268
629.88479 2.01981
629.84702 2.03248
629.79582 2.04023
629.76658 2.05767
629.74629 2.08670
629.74565 2.11199
629.76495 2.12147
629.78006 2.11796
629.77306 2.14568
629.78758 2.16098
629.81607 2.15616
629.84334 2.13372
629.85318 2.11655
629.87846 2.03137
629.88479 2.01981
629.88785 2.01677
629.85351 2.02915
629.79372 2.03835
629.76355 2.05599
629.74186 2.08569
629.73949 2.11252
629.75758 2.12444
629.77682 2.12080
629.76928 2.14944
629.78344 2.16600
629.81239 2.16256
629.84139 2.14084
629.85454 2.11927
629.88193 2.02734
629.88785 2.01677
629.89108 2.01353
629.85473 2.02670
629.79150 2.03635
629.76046 2.05413
629.73724 2.08460
629.73312 2.11286
629.74978 2.12723
629.77338 2.12381
629.76526 2.15333
629.77894 2.17117
629.80816 2.16931
629.83862 2.14883
629.85600 2.12215
629.88482 2.02475
629.89108 2.01353
629.89451 2.01010
629.85604 2.02410
629.78918 2.03421
629.75722 2.05213
629.73255 2.08316
629.72655 2.11307
629.74167 2.12983
629.76973 2.12699
629.76102 2.15742
629.77421 2.17657
629.80367 2.17629
629.83589 2.15673
629.85719 2.12618
629.85757 2.12518
629.88788 2.02200
629.89451 2.01010
629.89813 2.00644
629.86255 2.02022
629.78673 2.03192
629.75368 2.05013
629.72767 2.08164
629.71975 2.11310
629.73316 2.13221
629.76257 2.13155
629.76585 2.13035
629.75654 2.16187
629.76927 2.18221
629.79914 2.18345
629.83272 2.16506
629.85669 2.13447
629.85926 2.12838
629.88624 2.03060
629.89813 2.00644
629.90196 2.00257
629.86431 2.01723
629.78417 2.02948
629.75022 2.04777
629.72260 2.07998
629.71273 2.11275
629.72417 2.13427
629.75281 2.13675
629.76172 2.13391
629.75178 2.16632
629.76389 2.18799
629.79376 2.19102
629.82869 2.17415
629.85545 2.14382
629.86109 2.13175
629.88939 2.02819
629.90196 2.00257
629.90602 1.99845
629.87070 2.01294
629.78147 2.02686
629.74643 2.04539
629.71727 2.07826
629.70548 2.11244
629.71515 2.13627
629.74314 2.14160
629.75734 2.13767
629.74674 2.17118
629.75846 2.19418
629.78834 2.19878
629.82470 2.18323
629.85410 2.15308
629.86305 2.13531
629.89391 2.02256
629.90602 1.99845
629.91031 1.99407
629.87295 2.00950
629.77865 2.02407
629.74275 2.04261
629.71192 2.07608
629.69801 2.11170
629.70565 2.13795
629.73241 2.14634
629.75268 2.14164
629.74140 2.17603
629.75254 2.20052
629.78262 2.20683
629.82038 2.19265
629.85216 2.16310
629.86517 2.13907
629.89751 2.01966
629.91031 1.99407
629.91485 1.98941
629.87940 2.00475
629.77568 2.02108
629.73871 2.03979
629.70630 2.07381
629.69031 2.11075
629.69578 2.13932
629.72126 2.15081
629.74772 2.14584
629.73574 2.18132
629.74616 2.20704
629.77623 2.21521
629.81489 2.20291
629.84936 2.17415
629.86746 2.14302
629.90243 2.01379
629.91485 1.98941
629.91965 1.98446
629.87249 2.00331
629.77258 2.01789
629.73448 2.03677
629.70045 2.07136
629.68228 2.10994
629.68573 2.14068
629.70963 2.15504
629.74246 2.15027
629.72973 2.18690
629.73963 2.21402
629.76948 2.22389
629.80933 2.21330
629.84603 2.18568
629.86930 2.14893
629.86993 2.14719
629.90220 2.02165
629.91965 1.98446
629.92472 1.97920
629.88881 1.99551
629.76934 2.01447
629.73017 2.03345
629.69455 2.06847
629.67413 2.10825
629.67492 2.14100
629.69671 2.15880
629.73294 2.15631
629.73685 2.15495
629.72336 2.19268
629.73261 2.22121
629.76237 2.23288
629.80326 2.22410
629.84231 2.19759
629.86888 2.16084
629.87260 2.15157
629.90628 2.01867
629.92472 1.97920
629.93010 1.97360
629.89541 1.98995
629.81193 2.00490
629.76595 2.01080
629.72535 2.03011
629.68823 2.06560
629.66568 2.10651
629.66410 2.14162
629.68399 2.16238
629.71975 2.16328
629.73089 2.15990
629.71660 2.19871
629.72513 2.22866
629.75468 2.24221
629.79649 2.23539
629.83784 2.21022
629.86786 2.17344
629.87549 2.15618
629.91192 2.01183
629.93010 1.97360
629.93578 1.96765
629.88901 1.98813
629.76241 2.00687
629.72070 2.02625
629.68195 2.06212
629.65694 2.10453
629.65283 2.14170
629.67051 2.16552
629.70543 2.17005
629.72455 2.16512
629.70939 2.20544
629.71742 2.23671
629.74696 2.25194
629.78974 2.24690
629.83328 2.22300
629.86653 2.18633
629.87863 2.16104
629.91267 2.01948
629.93578 1.96765
629.94178 1.96131
629.89608 1.98208
629.80207 1.99726
629.75872 2.00266
629.71600 2.02202
629.67532 2.05851
629.64807 2.10189
629.64117 2.14101
629.65614 2.16799
629.68959 2.17652
629.71780 2.17063
629.70176 2.21204
629.70893 2.24474
629.73804 2.26195
629.78148 2.25915
629.82715 2.23708
629.86389 2.20105
629.88203 2.16614
629.91876 2.01214
629.94178 1.96131
629.94813 1.95457
629.89982 1.97673
629.81401 1.99150
629.75488 1.99815
629.71117 2.01743
629.66893 2.05405
629.63903 2.09872
629.62923 2.14010
629.64142 2.17004
629.67306 2.18248
629.71061 2.17644
629.69367 2.21892
629.69990 2.25304
629.72843 2.27227
629.77236 2.27185
629.82003 2.25187
629.85987 2.21729
629.88481 2.17425
629.88572 2.17150
629.92381 2.00853
629.94813 1.95457
629.95485 1.94740
629.90739 1.96992
629.82235 1.98576
629.75088 1.99330
629.70575 2.01276
629.66162 2.05002
629.62935 2.09599
629.61696 2.13902
629.62658 2.17199
629.65634 2.18799
629.69977 2.18362
629.70295 2.18257
629.68501 2.22654
629.69067 2.26229
629.71896 2.28317
629.76346 2.28478
629.81296 2.26672
629.85630 2.23281
629.88502 2.18980
629.88973 2.17712
629.92549 2.01610
629.94815 1.95898
629.95485 1.94740
629.96194 1.93976
629.91513 1.96271
629.83069 1.97967
629.74673 1.98810
629.70017 2.00770
629.65414 2.04554
629.61970 2.09223
629.60435 2.13732
629.61089 2.17301
629.63858 2.19298
629.68135 2.19283
629.69479 2.18903
629.67587 2.23404
629.68043 2.27120
629.70786 2.29416
629.75311 2.29831
629.80492 2.28229
629.85136 2.24979
629.88402 2.20729
629.89409 2.18302
629.93246 2.00780
629.95526 1.95130
629.96194 1.93976
629.96945 1.93162
629.92307 1.95507
629.83908 1.97319
629.74242 1.98251
629.69491 2.00193
629.64732 2.03972
629.61009 2.08753
629.59147 2.13471
629.59479 2.17351
629.61972 2.19727
629.66131 2.20161
629.68610 2.19584
629.66604 2.24243
629.66976 2.28089
629.69703 2.30592
629.74272 2.31221
629.79625 2.29837
629.84572 2.26744
629.88247 2.22523
629.89884 2.18920
629.93497 2.01499
629.96277 1.94318
629.96945 1.93162
629.97738 1.92295
629.93128 1.94695
629.84756 1.96629
629.73796 1.97650
629.68906 1.99596
629.63958 2.03417
629.59981 2.08306
629.57805 2.13268
629.57835 2.17377
629.60080 2.20123
629.64147 2.20970
629.67683 2.20302
629.65559 2.25114
629.65851 2.29126
629.68519 2.31802
629.73102 2.32665
629.78602 2.31533
629.83847 2.28644
629.87945 2.24509
629.90369 2.19681
629.90402 2.19567
629.94253 2.00617
629.97067 1.93457
629.97738 1.92295
629.98576 1.91372
629.93979 1.93833
629.85619 1.95892
629.73336 1.97004
629.68317 1.98943
629.63186 2.02791
629.58953 2.07766
629.56451 2.12906
629.56130 2.17291
629.58022 2.20397
629.61842 2.21722
629.66694 2.21057
629.64446 2.26016
629.64643 2.30194
629.67275 2.33071
629.71929 2.34158
629.77636 2.33237
629.83206 2.30494
629.87708 2.26395
629.90561 2.21512
629.90967 2.20244
629.94586 2.01307
629.97261 1.93819
629.98576 1.91372
629.99462 1.90388
629.95099 1.92821
629.87153 1.95001
629.72862 1.96309
629.67708 1.98240
629.62389 2.02115
629.57850 2.07244
629.55043 2.12557
629.54391 2.17202
629.55981 2.20661
629.59620 2.22411
629.64629 2.22132
629.65638 2.21853
629.63258 2.26967
629.63339 2.31265
629.65854 2.34335
629.70466 2.35697
629.76365 2.35069
629.82219 2.32589
629.87153 2.28656
629.90520 2.23833
629.91584 2.20951
629.95127 2.01405
629.97601 1.94038
629.99462 1.90388
630.00398 1.89338
629.96013 1.91847
629.88034 1.94157
629.72374 1.95561
629.67088 1.97478
629.61584 2.01370
629.56780 2.06579
629.53606 2.12126
629.52602 2.17023
629.53851 2.20838
629.57254 2.23029
629.62228 2.23215
629.64511 2.22689
629.62007 2.27892
629.61945 2.32371
629.64376 2.35667
629.69022 2.37291
629.75032 2.36943
629.81231 2.34690
629.86558 2.30936
629.90424 2.26155
629.92259 2.21689
629.95571 2.02047
629.98511 1.93036
630.00398 1.89338
630.01387 1.88219
629.96971 1.90809
629.88944 1.93257
629.75881 1.94430
629.71874 1.94755
629.66460 1.96650
629.60773 2.00550
629.55704 2.05826
629.52180 2.11528
629.50770 2.16743
629.51639 2.20913
629.54689 2.23533
629.59543 2.24247
629.63306 2.23568
629.60654 2.28923
629.60472 2.33571
629.62786 2.37038
629.67367 2.38921
629.73546 2.38881
629.80002 2.36927
629.85811 2.33347
629.90184 2.28660
629.92801 2.23232
629.92998 2.22457
629.96069 2.02698
629.98888 1.93374
630.01387 1.88219
630.02432 1.87024
629.96960 1.90152
629.89073 1.92457
629.76296 1.93565
629.71363 1.93886
629.65826 1.95752
629.59961 1.99649
629.54628 2.04979
629.50749 2.10820
629.48914 2.16277
629.49331 2.20811
629.51997 2.23910
629.56571 2.25180
629.62018 2.24492
629.59187 2.30071
629.58908 2.34878
629.61176 2.38536
629.65812 2.40645
629.72092 2.40857
629.78883 2.39135
629.85058 2.35768
629.89898 2.31200
629.93078 2.25725
629.93809 2.23256
629.96773 2.02661
629.99429 1.93457
630.02432 1.87024
630.03537 1.85749
629.97999 1.88998
629.90025 1.91448
629.78114 1.92622
629.70842 1.92949
629.65198 1.94773
629.59170 1.98645
629.53516 2.04079
629.49251 2.10120
629.47005 2.15866
629.47016 2.20709
629.49307 2.24229
629.53641 2.26007
629.59344 2.25772
629.60641 2.25461
629.57642 2.31185
629.57210 2.36155
629.59366 2.40025
629.63991 2.42403
629.70425 2.42911
629.77547 2.41463
629.84181 2.38299
629.89549 2.33822
629.93235 2.28439
629.94698 2.24086
629.97384 2.03284
630.00467 1.92310
630.03537 1.85749
630.04704 1.84387
629.99306 1.87668
629.91549 1.90252
629.80942 1.91594
629.70314 1.91938
629.64560 1.93715
629.58368 1.97560
629.52456 2.03020
629.47774 2.09257
629.45075 2.15297
629.44637 2.20451
629.46492 2.24401
629.50512 2.26712
629.56132 2.27050
629.59166 2.26478
629.55985 2.32352
629.55391 2.37490
629.57428 2.41574
629.62041 2.44222
629.68635 2.45029
629.76101 2.43863
629.83109 2.40972
629.88972 2.36698
629.93247 2.31382
629.95582 2.25436
629.95675 2.24945
629.98197 2.03181
630.01125 1.92288
630.04049 1.85547
630.04704 1.84387
630.05938 1.82932
630.00647 1.86258
629.93066 1.88975
629.82539 1.90529
629.69780 1.90845
629.63934 1.92563
629.57510 1.96422
629.51285 2.01978
629.46274 2.08311
629.43117 2.14628
629.42221 2.20145
629.43633 2.24485
629.47291 2.27302
629.52750 2.28213
629.57585 2.27544
629.54181 2.33644
629.53454 2.39010
629.55425 2.43270
629.59967 2.46114
629.66710 2.47217
629.74517 2.46345
629.81999 2.43693
629.88417 2.39569
629.93226 2.34362
629.96176 2.28352
629.96750 2.25833
629.98782 2.04622
630.01373 1.93702
630.04660 1.85307
630.05938 1.82932
630.07242 1.81376
630.01851 1.84850
629.94141 1.87734
629.83383 1.89435
629.69244 1.89665
629.63226 1.91351
629.56661 1.95174
629.50205 2.00730
629.44785 2.07227
629.41150 2.13812
629.39764 2.19601
629.40649 2.24339
629.43833 2.27692
629.49007 2.29236
629.55440 2.28762
629.55891 2.28659
629.52278 2.34897
629.51345 2.40424
629.53139 2.44898
629.57598 2.48023
629.64313 2.49461
629.72443 2.48971
629.80444 2.46646
629.87504 2.42750
629.92928 2.37725
629.96586 2.31719
629.97933 2.26748
629.99597 2.05230
630.02071 1.93995
630.05306 1.85144
630.07242 1.81376
630.08621 1.79712
630.03299 1.83253
629.95717 1.86280
629.86338 1.88089
629.68709 1.88389
629.62606 1.89998
629.55807 1.93821
629.49031 1.99462
629.43211 2.06138
629.39115 2.12992
629.37263 2.19122
629.37710 2.24279
629.40492 2.28070
629.45400 2.30145
629.51802 2.30236
629.54072 2.29825
629.50190 2.36304
629.49085 2.42075
629.50842 2.46800
629.55348 2.50130
629.62263 2.51811
629.70627 2.51597
629.79148 2.49522
629.86691 2.45881
629.92761 2.40949
629.96972 2.35085
629.99116 2.28635
629.99238 2.27688
630.00382 2.06619
630.02962 1.93829
630.06082 1.84842
630.08621 1.79712
630.10078 1.77930
630.04804 1.81551
629.97319 1.84726
629.87996 1.86743
629.74684 1.87096
629.68177 1.87009
629.61915 1.88564
629.54994 1.92323
629.48007 1.97930
629.41768 2.04743
629.37161 2.11842
629.34735 2.18414
629.34648 2.23910
629.36889 2.28174
629.41368 2.30850
629.47588 2.31616
629.52119 2.31042
629.47989 2.37653
629.46629 2.43581
629.48096 2.48442
629.52403 2.52086
629.59322 2.54163
629.67980 2.54379
629.77065 2.52701
629.85327 2.49372
629.92080 2.44723
629.97053 2.39002
630.00011 2.32482
630.00677 2.28649
630.01287 2.07961
630.03513 1.95199
630.06943 1.84483
630.10078 1.77930
630.11619 1.76022
630.06373 1.79735
629.98960 1.83065
629.89675 1.85293
629.78392 1.85896
629.67655 1.85514
629.61339 1.86964
629.54210 1.90684
629.46924 1.96331
629.40281 2.03279
629.35178 2.10613
629.32200 2.17514
629.31565 2.23521
629.33342 2.28271
629.37409 2.31458
629.43405 2.32823
629.50018 2.32311
629.45569 2.39155
629.43972 2.45326
629.45329 2.50444
629.49606 2.54304
629.56663 2.56658
629.65689 2.57183
629.75347 2.55802
629.84289 2.52715
629.91743 2.48224
629.97401 2.42550
630.00977 2.36031
630.02266 2.29629
630.02447 2.07720
630.04560 1.94934
630.07887 1.84064
630.11619 1.76022
630.13250 1.73977
630.08153 1.77712
630.00995 1.81160
629.91968 1.83631
629.80748 1.84543
629.67147 1.83894
629.60688 1.85264
629.53464 1.88891
629.45884 1.94562
629.38838 2.01628
629.33232 2.09182
629.29677 2.16400
629.28431 2.22823
629.29582 2.28002
629.33064 2.31760
629.38653 2.33817
629.45716 2.33937
629.47756 2.33631
629.42953 2.40710
629.41087 2.47022
629.42239 2.52423
629.46394 2.56523
629.53515 2.59198
629.62886 2.60090
629.73163 2.59069
629.82881 2.56284
629.91008 2.52102
629.97409 2.46649
630.01762 2.40202
630.03857 2.33139
630.04022 2.30621
630.03521 2.09644
630.05451 1.95645
630.08479 1.84802
630.11951 1.76436
630.13250 1.73977
630.14975 1.71783
630.09866 1.75639
630.02724 1.79257
629.93694 1.81945
629.82346 1.83075
629.66658 1.82137
629.60184 1.83372
629.52788 1.86915
629.45054 1.92478
629.37607 1.99608
629.31471 2.07339
629.27225 2.14976
629.25303 2.21801
629.25780 2.27486
629.28668 2.31857
629.33748 2.34573
629.40716 2.35440
629.45318 2.35002
629.40127 2.42306
629.37940 2.48855
629.38831 2.54425
629.42907 2.58845
629.50077 2.61824
629.59792 2.63081
629.70720 2.62433
629.81275 2.59975
629.90267 2.56041
629.97402 2.50846
630.02522 2.44539
630.05399 2.37426
630.05963 2.31621
630.04792 2.10867
630.06341 1.96873
630.09605 1.84260
630.13025 1.75606
630.14975 1.71783
630.16802 1.69428
630.10688 1.74040
630.02343 1.78089
629.92152 1.80775
629.81205 1.81486
629.66196 1.80231
629.59603 1.81355
629.52146 1.84771
629.44147 1.90317
629.36312 1.97527
629.29576 2.05572
629.24746 2.13498
629.22181 2.20702
629.22000 2.26860
629.24212 2.31723
629.28811 2.35122
629.35445 2.36712
629.42688 2.36422
629.37055 2.43961
629.34479 2.50881
629.35186 2.56714
629.39175 2.61336
629.46451 2.64589
629.56585 2.66177
629.68255 2.65868
629.79737 2.63709
629.89660 2.60003
629.97659 2.54953
630.03470 2.48802
630.07041 2.41702
630.08181 2.34034
630.08112 2.32620
630.06210 2.12608
630.07220 1.98991
630.09982 1.86392
630.13644 1.75974
630.16802 1.69428
630.18737 1.66896
630.12573 1.71690
630.04198 1.75968
629.95229 1.78660
629.84000 1.79834
629.65769 1.78160
629.59079 1.79153
629.51469 1.82484
629.43227 1.88009
629.35033 1.95284
629.27810 2.03489
629.22303 2.11817
629.19048 2.19510
629.18217 2.26100
629.19802 2.31489
629.23778 2.35447
629.29952 2.37734
629.37715 2.38109
629.39846 2.37888
629.33642 2.45781
629.30676 2.52945
629.31074 2.58926
629.34813 2.63770
629.42033 2.67343
629.52221 2.69311
629.64636 2.69480
629.76943 2.67815
629.87870 2.64579
629.96951 2.59930
630.03828 2.54065
630.08433 2.47073
630.10565 2.39261
630.10490 2.33609
630.07801 2.13756
630.08407 2.00147
630.10867 1.87350
630.14337 1.76503
630.18063 1.68157
630.18737 1.66896
630.20788 1.64171
630.14692 1.69079
630.06458 1.73553
629.96338 1.76794
629.85217 1.78046
629.71711 1.76794
629.65384 1.75909
629.58721 1.76721
629.50973 1.79920
629.42494 1.85388
629.33940 1.92700
629.26221 2.01048
629.20081 2.09628
629.16085 2.17680
629.14440 2.24868
629.15254 2.30814
629.18543 2.35441
629.24104 2.38437
629.31722 2.39635
629.36771 2.39398
629.29997 2.47524
629.26508 2.54943
629.26504 2.61206
629.30055 2.66375
629.37252 2.70238
629.47803 2.72571
629.60775 2.73154
629.74296 2.71898
629.86532 2.68993
629.96643 2.64698
630.04508 2.59113
630.09965 2.52417
630.12992 2.44704
630.13407 2.36485
630.13121 2.34577
630.09723 2.16714
630.09547 2.03635
630.11291 1.91002
630.14715 1.78342
630.18802 1.68103
630.20788 1.64171
630.22964 1.61234
630.16908 1.66279
630.08777 1.70963
629.98762 1.74503
629.87636 1.76099
629.75708 1.75327
629.65054 1.73460
629.58328 1.74101
629.50459 1.77175
629.41916 1.82476
629.33032 1.89781
629.24709 1.98379
629.17863 2.07336
629.13106 2.15865
629.10717 2.23465
629.10753 2.29921
629.13209 2.35071
629.18133 2.38824
629.25248 2.40837
629.33440 2.40945
629.25924 2.49430
629.21826 2.57234
629.21444 2.63753
629.24717 2.69103
629.31844 2.73238
629.42748 2.75930
629.56661 2.76921
629.71581 2.76052
629.85315 2.73463
629.96771 2.69404
630.05589 2.64104
630.11903 2.57612
630.15718 2.49958
630.16862 2.41446
630.16033 2.35510
630.11801 2.18178
630.11084 2.05438
630.12617 1.91366
630.15791 1.78606
630.19696 1.68028
630.22964 1.61234
630.25276 1.58066
630.19346 1.63190
630.11443 1.68047
630.01690 1.71898
629.90716 1.73930
629.79663 1.73684
629.64788 1.70791
629.58018 1.71239
629.50047 1.74165
629.41320 1.79382
629.32132 1.86686
629.23360 1.95379
629.15795 2.04703
629.10248 2.13704
629.07049 2.21856
629.06313 2.28930
629.08044 2.34632
629.12208 2.38962
629.18708 2.41716
629.27019 2.42632
629.29828 2.42524
629.21454 2.51366
629.16603 2.59564
629.15733 2.66489
629.18822 2.72123
629.25972 2.76480
629.37380 2.79477
629.52482 2.80820
629.69118 2.80277
629.84234 2.78031
629.96978 2.74309
630.06900 2.69317
630.14163 2.63064
630.18808 2.55528
630.20689 2.46940
630.19730 2.38009
630.19252 2.36391
630.14189 2.19909
630.12857 2.07774
630.13686 1.94178
630.16238 1.81549
630.20227 1.69207
630.24600 1.59358
630.25276 1.58066
630.27734 1.54640
630.21788 1.59953
630.13916 1.65055
630.04202 1.69216
629.94400 1.71456
629.84096 1.71815
629.71785 1.69657
629.64601 1.67880
629.57806 1.68111
629.49902 1.70796
629.41025 1.75867
629.31558 1.83114
629.22202 1.92018
629.13915 2.01697
629.07554 2.11163
629.03495 2.19867
629.01912 2.27410
629.02824 2.33813
629.06229 2.38796
629.12156 2.42308
629.20241 2.44032
629.25905 2.44124
629.16400 2.53479
629.10677 2.62075
629.09185 2.69261
629.11905 2.75197
629.18920 2.79787
629.30365 2.83042
629.46228 2.84806
629.64481 2.84772
629.82032 2.82945
629.96601 2.79644
630.08067 2.75021
630.16599 2.69066
630.22279 2.61709
630.25007 2.53117
630.24745 2.43786
630.22808 2.37201
630.16781 2.21176
630.14879 2.09332
630.15151 1.95916
630.17639 1.81653
630.21441 1.69035
630.25706 1.58704
630.27734 1.54640
630.30352 1.50931
630.23412 1.57214
630.15571 1.62352
630.05981 1.66606
629.95133 1.69158
629.83987 1.69380
629.72106 1.66927
629.64507 1.64700
629.57723 1.64683
629.49779 1.67163
629.40783 1.72086
629.31079 1.79262
629.21332 1.88194
629.12479 1.98009
629.05258 2.07907
629.00245 2.17151
628.97674 2.25321
628.97578 2.32288
628.99973 2.37962
629.04846 2.42226
629.12090 2.44902
629.21144 2.45743
629.21641 2.45734
629.10662 2.55752
629.03899 2.64735
629.01611 2.72328
629.03888 2.78545
629.10743 2.83328
629.22677 2.86869
629.39579 2.88954
629.59898 2.89332
629.79992 2.87923
629.96808 2.85006
630.10059 2.80736
630.19947 2.75085
630.26527 2.68117
630.30077 2.59607
630.30425 2.49821
630.27654 2.39894
630.26728 2.37917
630.19751 2.22641
630.17217 2.11326
630.16797 1.98372
630.18603 1.84357
630.22370 1.70063
630.27006 1.57903
630.30352 1.50931
630.33147 1.46903
630.26133 1.53479
630.18265 1.58912
630.08655 1.63509
629.98935 1.66228
629.88582 1.67072
629.77632 1.65539
629.64526 1.61222
629.57765 1.60928
629.49795 1.63182
629.40691 1.67946
629.30765 1.75049
629.20650 1.84006
629.11101 1.94140
629.03053 2.04481
628.97023 2.14462
628.93543 2.23235
628.92556 2.30867
628.94080 2.37113
628.98142 2.42060
629.04785 2.45526
629.13618 2.47208
629.17003 2.47339
629.04249 2.58034
628.95910 2.67762
628.92623 2.75951
628.94501 2.82431
629.01408 2.87355
629.13794 2.91007
629.32288 2.93334
629.55649 2.94027
629.79296 2.92915
629.98933 2.90263
630.14118 2.86245
630.25233 2.80832
630.32657 2.73895
630.36589 2.65324
630.37044 2.55168
630.34152 2.44570
630.31040 2.38513
630.23405 2.24801
630.20034 2.13972
630.18761 2.01380
630.19793 1.87491
630.22936 1.72971
630.27181 1.60203
630.31736 1.49708
630.33147 1.46903
630.36135 1.42519
630.29228 1.49255
630.20405 1.55618
630.10990 1.60341
630.00303 1.63502
629.90195 1.64394
629.79435 1.62917
629.64675 1.57409
629.57978 1.56803
629.50024 1.58792
629.40858 1.63354
629.30759 1.70338
629.20326 1.79275
629.10105 1.89690
629.01082 2.00651
628.94126 2.11162
628.89592 2.20735
628.87650 2.29023
628.88281 2.35975
628.91461 2.41555
628.97154 2.45688
629.05240 2.48224
629.11956 2.48918
628.96893 2.60433
628.86366 2.71088
628.81626 2.79879
628.82740 2.86617
628.89820 2.91826
629.03625 2.95651
629.25081 2.98097
629.52493 2.98924
629.80596 2.98014
630.04150 2.95506
630.21442 2.91641
630.33476 2.86408
630.41289 2.79474
630.45152 2.70494
630.45035 2.59686
630.41224 2.48077
630.35769 2.38956
630.27233 2.26135
630.22855 2.14759
630.21040 2.02687
630.21481 1.89252
630.24031 1.74990
630.28354 1.60569
630.33342 1.48269
630.36135 1.42519
630.39340 1.37731
630.61246 1.02839
630.80909 0.63512
630.80909 0.63512