# sss file
-1.57080 3.14159
0.10539 2.92922
0.11140 2.92619
0.10009 2.95323
0.08106 2.99448
0.07953 2.99793
0.06687 3.02726
0.06039 3.04342
0.04725 3.08951
3.10623 3.11814
3.17833 3.04515
3.19878 3.01044
3.22365 2.96490
3.23656 2.94069
3.27241 2.87178
3.30914 2.79992
3.32857 2.76185
3.34512 2.72915
3.36813 2.68375
3.39548 2.62943
3.42180 2.57719
3.43999 2.54102
3.45998 2.50125
3.48568 2.45024
3.50863 2.40453
3.52716 2.36749
3.55790 2.30621
3.58286 2.25649
3.60282 2.21677
3.62579 2.17081
3.65038 2.12183
3.67047 2.08166
3.68752 2.04757
3.70344 2.01592
3.71750 1.98780
3.74052 1.94175
3.75876 1.90528
3.74515 1.91029
3.72912 1.94175
3.70560 1.98780
3.69147 2.01566
3.67524 2.04732
3.65767 2.08166
3.63708 2.12183
3.61212 2.17057
3.58832 2.21677
3.56776 2.25649
3.54211 2.30597
3.51017 2.36726
3.49075 2.40430
3.46658 2.45024
3.43959 2.50102
3.41819 2.54102
3.39872 2.57697
3.37009 2.62921
3.33974 2.68353
3.31373 2.72893
3.29459 2.76142
3.27135 2.79970
3.22463 2.87134
3.17247 2.94026
3.15097 2.96425
3.10090 3.00979
3.04597 3.04407
2.61607 3.11426
0.28951 3.08757
0.19152 3.04256
0.17970 3.02640
0.16946 2.99728
0.16898 2.99383
0.16891 2.95258
0.17202 2.93095
0.17341 2.92598
0.23353 2.92294
0.23346 2.92987
0.23716 2.95128
0.25565 2.99210
0.25833 2.99534
0.28998 3.02424
0.31851 3.03997
0.50538 3.08283
2.30527 3.10587
2.91956 3.04148
3.00597 3.00785
3.07983 2.96274
3.10962 2.93896
3.17746 2.87047
3.23399 2.79883
3.26092 2.76076
3.28266 2.72827
3.31177 2.68286
3.34492 2.62877
3.37584 2.57652
3.39671 2.54057
3.41942 2.50057
3.44781 2.44978
3.47306 2.40407
3.49329 2.36702
3.52643 2.30574
3.55299 2.25601
3.57416 2.21628
3.59844 2.17033
3.62401 2.12158
3.64522 2.08116
3.66297 2.04706
3.67950 2.01541
3.69393 1.98755
3.71785 1.94149
3.72446 1.92869
3.72040 1.93340
3.69637 1.96046
3.68238 1.98703
3.66765 2.01490
3.65082 2.04656
3.63267 2.08066
3.61105 2.12109
3.58478 2.16984
3.55990 2.21580
3.53813 2.25553
3.51078 2.30503
3.47654 2.36633
3.45541 2.40338
3.42915 2.44910
3.39926 2.49989
3.37526 2.53967
3.35308 2.57585
3.31996 2.62788
3.28381 2.68198
3.25181 2.72717
3.22737 2.75966
3.19683 2.79773
3.13093 2.86873
3.04790 2.93680
3.01012 2.96036
2.91479 3.00462
2.80181 3.03717
2.12544 3.09532
0.68513 3.07594
0.43897 3.03566
0.39621 3.02058
0.34533 2.99254
0.34096 2.98908
0.30505 2.94891
0.29484 2.92792
0.29212 2.91796
0.34789 2.91082
0.35504 2.92533
0.37126 2.94588
0.42280 2.98520
0.42878 2.98844
0.49579 3.01562
0.54936 3.03028
0.82823 3.06733
2.01754 3.08391
2.69571 3.03157
2.82935 3.00030
2.94334 2.95712
2.98822 2.93377
3.08542 2.86656
3.16041 2.79599
3.19444 2.75813
3.22148 2.72563
3.25637 2.68065
3.29522 2.62676
3.33054 2.57473
3.35402 2.53877
3.37931 2.49898
3.41061 2.44818
3.43807 2.40246
3.45990 2.36540
3.49534 2.30433
3.52349 2.25482
3.54576 2.21508
3.57135 2.16911
3.59822 2.12035
3.62022 2.08016
3.63880 2.04580
3.66006 2.00649
3.61377 2.06866
3.60792 2.07916
3.58552 2.11936
3.55803 2.16814
3.53184 2.21412
3.50909 2.25363
3.48003 2.30315
3.44337 2.36447
3.42085 2.40130
3.39228 2.44704
3.35959 2.49762
3.33309 2.53742
3.30842 2.57316
3.27080 2.62520
3.22926 2.67888
3.19146 2.72387
3.16223 2.75594
3.12471 2.79358
3.04103 2.86374
2.93086 2.93009
2.87959 2.95301
2.75014 2.99491
2.60176 3.02489
1.94827 3.07185
0.94158 3.05764
0.64930 3.02359
0.58780 3.00979
0.50806 2.98369
0.50068 2.98045
0.40861 2.91558
0.58505 2.97851
0.67205 3.00289
0.73868 3.01583
1.03205 3.04730
1.90151 3.05958
2.51974 3.01713
2.67757 2.98865
2.81938 2.94804
2.87602 2.92576
2.99786 2.86048
3.08972 2.79096
3.13034 2.75352
3.16207 2.72145
3.20245 2.67689
3.24690 2.62320
3.28640 2.57159
3.31249 2.53561
3.34018 2.49603
3.37418 2.44544
3.40374 2.39992
3.42716 2.36307
3.46482 2.30197
3.49468 2.25244
3.51804 2.21292
3.54494 2.16692
3.55407 2.15105
3.48042 2.25315
3.47326 2.26267
3.44982 2.30055
3.41108 2.36144
3.38695 2.39830
3.35628 2.44383
3.32089 2.49422
3.29199 2.53381
3.26483 2.56935
3.22311 2.62097
3.17617 2.67446
3.13309 2.71881
3.09926 2.75067
3.05556 2.78768
2.95622 2.85656
2.82391 2.92078
2.76279 2.94242
2.61163 2.98174
2.44865 3.00850
1.86866 3.04708
1.36836 3.04708
2.38537 2.99966
2.55231 2.97397
2.70993 2.93615
2.77483 2.91493
2.91600 2.85200
3.02221 2.78418
3.06881 2.74738
3.10484 2.71573
3.15041 2.67159
3.19984 2.61852
3.24345 2.56710
3.27182 2.53155
3.30191 2.49217
3.35083 2.42433
3.26275 2.53291
3.19029 2.61362
3.13183 2.67734
3.11093 2.67535
3.03306 2.66627
2.91696 2.64188
2.82143 2.60693
2.73471 2.55318
2.67676 2.48808
2.63773 2.38674
2.63179 2.31562
2.64693 2.18974
2.68192 2.06616
2.72681 1.94878
2.76468 1.86324
2.80396 1.77988
2.87373 1.64275
2.95290 1.49560
3.00878 1.39505
3.07326 1.28087
3.11103 1.21494
3.05722 1.24736
3.09698 1.23923
3.12030 1.21041
3.13437 1.20586
3.07326 1.28087
3.00330 1.29200
2.96137 1.33187
3.05066 1.32068
3.14641 1.20358
3.15709 1.20282
3.02920 1.35881
2.92498 1.36905
2.89253 1.40374
3.00878 1.39505
3.16632 1.20396
3.17458 1.20624
2.98937 1.42987
2.86246 1.43707
2.83449 1.46883
2.97072 1.46336
3.18206 1.20927
3.18860 1.21381
2.95290 1.49560
2.80810 1.49940
2.78308 1.52885
2.93571 1.52698
3.19465 1.21870
3.19995 1.22471
2.91928 1.55725
2.75922 1.55755
2.73638 1.58524
2.90358 1.58645
3.20487 1.23106
3.20924 1.23812
2.88833 1.61494
2.71452 1.61196
2.69338 1.63804
2.87373 1.64275
3.21316 1.24589
3.21681 1.25398
2.85969 1.66963
2.67294 1.66352
2.65319 1.68842
2.84605 1.69589
3.22010 1.26239
3.22306 1.27148
2.83315 1.72129
2.63402 1.71276
2.61546 1.73628
2.82049 1.74641
3.22584 1.28051
3.22830 1.29021
2.80844 1.77072
2.59741 1.75958
2.57972 1.78237
2.79671 1.79479
3.23022 1.30055
3.23229 1.31083
2.78556 1.81808
2.56256 1.80468
2.54584 1.82652
2.77475 1.84089
3.23401 1.32138
3.23559 1.33222
2.76438 1.86324
2.52954 1.84791
2.51353 1.86913
2.75430 1.88541
3.23704 1.34332
3.23897 1.35366
2.74477 1.90686
2.49807 1.88966
2.48265 1.91029
2.73565 1.92790
3.23951 1.36598
3.24117 1.37686
2.72681 1.94878
2.46777 1.93026
2.45306 1.95008
2.71837 1.96926
3.24136 1.38968
3.24223 1.40174
2.71033 1.98934
2.43874 1.96952
2.42469 1.98883
2.70268 2.00904
3.24288 1.41404
3.24341 1.42658
2.69542 2.02836
2.41092 2.00776
2.39731 2.02659
2.68854 2.04732
3.24398 1.43904
3.24444 1.45172
2.68192 2.06616
2.38408 2.04505
2.37100 2.06340
2.67577 2.08465
3.24478 1.46465
3.24516 1.47747
2.67000 2.10279
2.35830 2.08141
2.34564 2.09932
2.66458 2.12084
3.24528 1.49085
3.24559 1.50381
2.65964 2.13831
2.33345 2.11690
2.32111 2.13438
2.65505 2.15570
3.24564 1.51731
3.24584 1.53071
2.65082 2.17276
2.30941 2.15179
2.29719 2.16862
2.64693 2.18974
3.24583 1.54433
3.24582 1.55816
2.64361 2.20617
2.28649 2.18563
2.27532 2.20255
2.64063 2.22253
3.24585 1.57190
3.24588 1.58584
2.63811 2.23859
2.26432 2.21917
2.25228 2.23524
2.63581 2.25458
3.24580 1.59999
3.24578 1.61404
2.63406 2.27028
2.24322 2.25196
2.23293 2.26814
2.63298 2.28544
3.24575 1.62830
3.24577 1.64246
2.63210 2.30079
2.22622 2.28497
2.22631 2.30338
2.63179 2.31562
3.24555 1.65711
3.24547 1.67166
2.63190 2.33040
2.22656 2.32149
2.22717 2.33905
2.63267 2.34466
3.24554 1.68612
3.24537 1.70105
2.63386 2.35888
2.22772 2.35655
2.22864 2.37353
2.63547 2.37306
3.24535 1.71589
3.24524 1.73092
2.63773 2.38674
2.22960 2.39021
2.23068 2.40684
2.64041 2.40038
3.24513 1.74613
3.24517 1.76125
2.64384 2.41352
2.23212 2.42295
2.23370 2.43879
2.64768 2.42663
3.24522 1.77655
3.24528 1.79203
2.65226 2.43948
2.23531 2.45459
2.23726 2.46988
2.65736 2.45207
3.24525 1.80769
3.24524 1.82353
2.66331 2.46418
2.23934 2.48513
2.24154 2.50011
2.66967 2.47626
3.24547 1.83927
3.24547 1.85545
2.67676 2.48808
2.24408 2.51484
2.24675 2.52930
2.68457 2.49966
3.24563 1.87154
3.24590 1.88780
2.69311 2.51099
2.24975 2.54350
2.25286 2.55767
2.70238 2.52185
3.24606 1.90449
3.24636 1.92108
2.71236 2.53268
2.25620 2.57159
2.25977 2.58526
2.72317 2.54305
3.24665 1.93810
3.24696 1.95528
2.73471 2.55318
2.26336 2.59867
2.26708 2.61184
2.74708 2.56284
3.24739 1.97262
3.24784 1.99011
2.76026 2.57249
2.27081 2.62498
2.27476 2.63788
2.77428 2.58145
3.24829 2.00802
3.24886 2.02608
2.78910 2.59040
2.27862 2.65076
2.28270 2.66339
2.80475 2.59889
3.24956 2.04429
3.25070 2.06240
2.82143 2.60693
2.28691 2.67579
2.29122 2.68817
2.83883 2.61474
3.25102 2.08216
3.25182 2.10155
2.85706 2.62209
2.29565 2.70030
2.30030 2.71221
2.87621 2.62899
3.25261 2.12158
3.25360 2.14199
2.89617 2.63566
2.30505 2.72409
2.31003 2.73574
2.91696 2.64188
3.25449 2.16302
3.25569 2.18441
2.93867 2.64765
2.31481 2.74738
2.31950 2.75901
2.96111 2.65298
3.25675 2.20689
3.25792 2.22997
2.98437 2.65785
2.32430 2.77040
2.32912 2.78156
3.00836 2.66229
3.25915 2.25410
3.26034 2.27952
3.03306 2.66627
2.33395 2.79271
2.33868 2.80385
3.05839 2.66982
3.26148 2.30644
3.26256 2.33508
3.08445 2.67269
2.34342 2.81476
2.34777 2.82566
3.11093 2.67535
3.26342 2.36656
3.26370 2.40199
3.13803 2.67734
2.38129 2.83502
2.43152 2.84156
3.11166 2.70008
3.08911 2.72057
2.49043 2.84634
2.55810 2.84961
3.06529 2.74102
3.03017 2.76886
2.67756 2.84808
2.85587 2.83045
2.99149 2.79642
3.18724 2.62231
3.26055 2.44910
3.25628 2.50623
3.21987 2.58727
3.18606 2.62008
3.16646 2.64188
3.13264 2.67513
3.09223 2.71375
2.99204 2.79293
2.89063 2.85374
2.74854 2.91731
2.52037 2.97505
2.35113 3.00074
2.12312 3.02575
1.70669 3.04342
1.60450 3.04579
1.48057 3.01885
1.39294 2.98131
1.33390 2.91580
1.32241 2.86178
1.32665 2.80690
1.34034 2.75111
1.36023 2.69435
1.38440 2.63699
1.41193 2.57854
1.44992 2.50397
1.48253 2.44315
1.51691 2.38118
1.55303 2.31773
1.59076 2.25267
1.63007 2.18587
1.67093 2.11714
1.71335 2.04631
1.75733 1.97313
1.79163 1.91635
1.83904 1.83792
1.88863 1.75594
1.94069 1.66963
1.98160 1.60179
2.03893 1.50633
2.10023 1.40374
2.18362 1.26276
2.25782 1.13615
2.34071 0.99278
2.43787 0.82185
2.53036 0.65548
2.53723 0.64334
2.52805 0.63650
2.52574 0.66412
2.53893 0.64673
2.54199 0.65882
2.49452 0.72057
2.49962 0.64876
2.47100 0.67460
2.46526 0.77307
2.54273 0.67395
2.54196 0.69067
2.43787 0.82185
2.44261 0.70577
2.41507 0.73866
2.41178 0.86804
2.54006 0.70888
2.53717 0.72846
2.38713 0.91154
2.38815 0.77250
2.36198 0.80663
2.36340 0.95320
2.53383 0.74814
2.53014 0.76792
2.34071 0.99278
2.33681 0.83998
2.31223 0.87314
2.31903 1.03054
2.52593 0.78834
2.52131 0.80937
2.29787 1.06707
2.28847 0.90566
2.26530 0.93760
2.27755 1.10210
2.51675 0.82989
2.51170 0.85099
2.25782 1.13615
2.24279 0.96903
2.22093 0.99954
2.23844 1.16932
2.50679 0.87161
2.50151 0.89278
2.21975 1.20130
2.19947 1.02966
2.17860 1.05900
2.20143 1.23255
2.49625 0.91350
2.49097 0.93426
2.18362 1.26276
2.15829 1.08762
2.13820 1.11599
2.16622 1.29235
2.48580 0.95460
2.48036 0.97547
2.14928 1.32103
2.11864 1.14373
2.09956 1.17088
2.13261 1.34919
2.47525 0.99549
2.46978 1.01603
2.11617 1.37686
2.08076 1.19749
2.06231 1.22358
2.10023 1.40374
2.46440 1.03620
2.45961 1.05559
2.08440 1.43020
2.04411 1.24957
2.02633 1.27474
2.06903 1.45593
2.45394 1.07592
2.44864 1.09591
2.05395 1.48131
2.00886 1.29948
1.99151 1.32418
2.03893 1.50633
2.44341 1.11558
2.43832 1.13495
2.02434 1.53071
1.97452 1.34815
1.95782 1.37177
2.00980 1.55479
2.43309 1.15442
2.42800 1.17360
1.99561 1.57858
1.94121 1.39538
1.92493 1.41834
1.98160 1.60179
2.42304 1.19251
2.41803 1.21154
1.96783 1.62474
1.90890 1.44099
1.89302 1.46336
1.95408 1.64745
2.41296 1.23068
2.40820 1.24920
1.94069 1.66963
1.87728 1.48545
1.86176 1.50727
1.92751 1.69158
2.40327 1.26785
2.39857 1.28627
1.91433 1.71333
1.84638 1.52885
1.83121 1.55019
1.90136 1.73487
2.39369 1.30481
2.38903 1.32313
1.88863 1.75594
1.81605 1.57129
1.80126 1.59188
1.87599 1.77683
2.38438 1.34124
2.37965 1.35949
1.86343 1.79754
1.78652 1.61255
1.77193 1.63273
1.85120 1.81781
2.37513 1.37754
2.37061 1.39538
1.83904 1.83792
1.75754 1.65272
1.74314 1.67253
1.82696 1.85787
2.36611 1.41338
2.36177 1.43085
1.81496 1.87768
1.72892 1.69216
1.71479 1.71162
1.80326 1.89708
2.35746 1.44848
2.35307 1.46625
1.79163 1.91635
1.70074 1.73092
1.68677 1.75006
1.78006 1.93549
2.34893 1.48354
2.34471 1.50097
1.76855 1.95450
1.67297 1.76905
1.65929 1.78762
1.75733 1.97313
2.34042 1.51856
2.33646 1.53568
1.74617 1.99165
1.64554 1.80632
1.63209 1.82462
1.73507 2.01006
2.33242 1.55295
2.32846 1.57007
1.72412 2.02836
1.61861 1.84278
1.60519 1.86083
1.71335 2.04631
2.32457 1.58705
2.32076 1.60389
1.70250 2.06441
1.59193 1.87875
1.57862 1.89655
1.69182 2.08216
2.31696 1.62089
2.31323 1.63775
1.68129 2.09982
1.56538 1.91424
1.55232 1.93157
1.67093 2.11714
2.30956 1.65448
2.30592 1.67137
1.66049 2.13463
1.53918 1.94904
1.52622 1.96616
1.65031 2.15179
2.30233 1.68813
2.29881 1.70477
1.64017 2.16887
1.51318 1.98343
1.50032 2.00036
1.63007 2.18587
2.29545 1.72129
2.29201 1.73798
1.62010 2.20280
1.48751 2.01719
1.47463 2.03393
1.61030 2.21941
2.28887 1.75426
2.28554 1.77072
1.60040 2.23620
1.46191 2.05059
1.44912 2.06716
1.59076 2.25267
2.28233 1.78734
2.27931 1.80358
1.58126 2.26909
1.43637 2.08365
1.42367 2.10007
1.57168 2.28544
2.27621 1.81999
2.27325 1.83629
1.56245 2.30150
1.41090 2.11640
1.39817 2.13266
1.55303 2.31773
2.27032 1.85276
2.26757 1.86887
1.54396 2.33367
1.38570 2.14861
1.37312 2.16497
1.53482 2.34956
2.26473 1.88514
2.26214 1.90132
1.52590 2.36540
1.36031 2.18077
1.34774 2.19652
1.51691 2.38118
2.25947 1.91766
2.25697 1.93366
1.50826 2.39668
1.33508 2.21244
1.32257 2.22805
1.49952 2.41237
2.25449 1.94982
2.25212 1.96616
1.49101 2.42778
1.30998 2.24385
1.29743 2.25934
1.48253 2.44315
2.24983 1.98215
2.24764 1.99831
1.47417 2.45847
1.28491 2.27478
1.27220 2.29041
1.46592 2.47375
2.24550 2.01439
2.24348 2.03064
1.45780 2.48899
1.25963 2.30574
1.24697 2.32125
1.44992 2.50397
2.24149 2.04681
2.23965 2.06290
1.44193 2.51913
1.23436 2.33648
1.22165 2.35189
1.43428 2.53404
2.23804 2.07891
2.23635 2.09510
1.42675 2.54890
1.20909 2.36702
1.19623 2.38234
1.41923 2.56374
2.23479 2.11121
2.23347 2.12725
1.41193 2.57854
1.18350 2.39761
1.17068 2.41283
1.40475 2.59331
2.23207 2.14346
2.23090 2.15960
1.39779 2.60782
1.15790 2.42801
1.14503 2.44315
1.39104 2.62231
2.22974 2.17592
2.22882 2.19216
1.38440 2.63699
1.13218 2.45824
1.11925 2.47330
1.37799 2.65142
2.22803 2.20834
2.22735 2.22469
1.37188 2.66583
1.10624 2.48831
1.09324 2.50352
1.36589 2.68021
2.22681 2.24098
2.22650 2.25720
1.36023 2.69435
1.08006 2.51868
1.06689 2.53381
1.35476 2.70868
2.22620 2.27360
2.22611 2.29017
1.34971 2.72277
1.05375 2.54890
1.04041 2.56419
1.34477 2.73706
2.22616 2.30668
2.22642 2.32336
1.34034 2.75111
1.02708 2.57943
1.01368 2.59465
1.33623 2.76514
2.22691 2.33999
2.22751 2.35679
1.33252 2.77915
1.00017 2.61005
0.98659 2.62543
1.32934 2.79293
2.22834 2.37353
2.22948 2.39044
1.32665 2.80690
0.97290 2.64099
0.95924 2.65652
1.32458 2.82065
2.23073 2.40753
2.23232 2.42456
1.32311 2.83437
0.94548 2.67225
0.93163 2.68794
1.32236 2.84808
2.23400 2.44200
2.23611 2.45938
1.32241 2.86178
0.91778 2.70383
0.90394 2.71991
1.32348 2.87525
2.23843 2.47694
2.24116 2.49467
1.32554 2.88892
0.88990 2.73640
0.87607 2.75287
1.32902 2.90237
2.24421 2.51257
2.24746 2.53088
1.33390 2.91580
0.86224 2.76952
0.84851 2.78659
1.34060 2.92901
2.25122 2.54935
2.25540 2.56800
1.34940 2.94220
0.83507 2.80407
0.82203 2.82174
1.36060 2.95539
2.26008 2.58705
2.26526 2.60649
1.37492 2.96836
0.80938 2.84025
0.79771 2.85917
1.39294 2.98131
2.27094 2.62632
2.27722 2.64676
1.41568 2.99405
0.78754 2.87872
0.77963 2.89933
1.44432 3.00656
2.28419 2.66782
2.29195 2.68949
1.48057 3.01885
0.77549 2.92143
0.77868 2.94523
1.52654 3.03092
2.30060 2.71221
2.31032 2.73596
1.58573 3.04234
0.79719 2.97181
0.80450 2.97699
0.85821 3.00419
0.88753 3.00915
1.61589 3.04902
2.32098 2.76164
2.33298 2.78943
1.92966 3.03588
2.08144 3.02812
2.34636 2.82108
2.36109 2.85983
2.21258 3.01864
2.31066 2.98628
2.35662 2.95236
2.37188 2.92165
2.36109 2.85983
2.35031 2.83437
2.39924 2.89413
2.42028 2.91883
2.41635 2.94610
2.37460 2.98239
2.25823 3.01734
1.63040 3.04859
1.41346 3.04428
0.76267 3.00807
0.54045 2.96231
0.43242 2.92316
0.40511 2.91038
0.36002 2.90995
0.34732 2.90995
0.28080 2.91840
0.22123 2.92294
0.16462 2.92576
0.10385 2.92511
0.09991 2.93139
0.08849 2.95323
0.06616 2.99448
0.06433 2.99793
0.04767 3.02726
0.03809 3.04342
0.00535 3.08951
-3.08377 3.11814
-3.08217 3.04515
-3.06772 3.01044
-3.04715 2.96490
-3.03574 2.94069
-3.00269 2.87178
-2.96756 2.79992
-2.94883 2.76185
-2.93278 2.72915
-2.91027 2.68375
-2.88342 2.62943
-2.85750 2.57719
-2.83951 2.54102
-2.81972 2.50125
-2.79432 2.45024
-2.77157 2.40453
-2.75314 2.36749
-2.72260 2.30621
-2.69774 2.25649
-2.67798 2.21677
-2.65501 2.17081
-2.63062 2.12183
-2.61053 2.08166
-2.59358 2.04757
-2.57776 2.01592
-2.56370 1.98780
-2.54068 1.94175
-2.52254 1.90528
-2.51484 1.91108
-2.52988 1.94175
-2.55250 1.98780
-2.56613 2.01566
-2.58166 2.04732
-2.59843 2.08166
-2.61812 2.12183
-2.64178 2.17057
-2.66428 2.21677
-2.68354 2.25649
-2.70739 2.30597
-2.73683 2.36726
-2.75457 2.40453
-2.77632 2.45024
-2.80021 2.50102
-2.81881 2.54102
-2.83538 2.57697
-2.85922 2.62943
-2.88326 2.68353
-2.90277 2.72893
-2.91642 2.76164
-2.93155 2.79970
-2.95718 2.87156
-2.97463 2.94026
-2.97773 2.96447
-2.97440 3.00979
-2.95574 3.04428
-2.61145 3.11469
-0.22299 3.08779
-0.08538 3.04256
-0.05851 3.02661
-0.02034 2.99728
-0.01642 2.99383
0.02391 2.95258
0.04202 2.93095
0.04652 2.92576
-0.00388 2.92316
-0.01113 2.92965
-0.03555 2.95150
-0.09196 2.99232
-0.09759 2.99577
-0.15474 3.02467
-0.19640 3.04041
-0.41376 3.08391
-2.31239 3.10759
-2.84076 3.04213
-2.88844 3.00829
-2.91319 2.96317
-2.91779 2.93917
-2.91454 2.87069
-2.89772 2.79904
-2.88589 2.76098
-2.87475 2.72849
-2.85794 2.68308
-2.83649 2.62899
-2.81477 2.57675
-2.79929 2.54057
-2.78190 2.50080
-2.75919 2.44978
-2.73854 2.40407
-2.72161 2.36702
-2.69317 2.30574
-2.66991 2.25601
-2.65136 2.21653
-2.62946 2.17033
-2.60629 2.12158
-2.58710 2.08141
-2.57053 2.04706
-2.55530 2.01541
-2.54187 1.98755
-2.51357 1.92895
-2.51710 1.95839
-2.53072 1.98703
-2.54408 2.01515
-2.55901 2.04681
-2.57506 2.08091
-2.59385 2.12109
-2.61642 2.16984
-2.63772 2.21604
-2.65577 2.25553
-2.67823 2.30527
-2.70558 2.36656
-2.72180 2.40361
-2.74146 2.44933
-2.76266 2.50011
-2.77885 2.53990
-2.79314 2.57607
-2.81265 2.62810
-2.83130 2.68220
-2.84531 2.72761
-2.85394 2.75988
-2.86238 2.79795
-2.87009 2.86939
-2.85872 2.93744
-2.84650 2.96101
-2.80064 3.00548
-2.72663 3.03847
-2.11776 3.09812
-0.58074 3.07788
-0.30548 3.03696
-0.25063 3.02165
-0.17590 2.99340
-0.16857 2.98995
-0.09638 2.94955
-0.06586 2.92792
-0.05691 2.92143
-0.10594 2.91168
-0.12755 2.92489
-0.16486 2.94653
-0.25333 2.98606
-0.26245 2.98930
-0.35415 3.01670
-0.42077 3.03114
-0.73333 3.06905
-1.97702 3.08585
-2.60412 3.03265
-2.70308 3.00117
-2.77078 2.95777
-2.79111 2.93442
-2.81860 2.86700
-2.82130 2.79620
-2.81687 2.75835
-2.81104 2.72607
-2.80034 2.68087
-2.78479 2.62699
-2.76778 2.57495
-2.75498 2.53877
-2.74030 2.49921
-2.72061 2.44841
-2.70214 2.40269
-2.68681 2.36563
-2.66088 2.30456
-2.63931 2.25482
-2.62174 2.21508
-2.60125 2.16911
-2.57928 2.12035
-2.56098 2.08016
-2.54533 2.04606
-2.52704 2.00649
-2.54303 2.06866
-2.54781 2.07941
-2.56571 2.11961
-2.58709 2.16838
-2.60698 2.21436
-2.62383 2.25387
-2.64449 2.30338
-2.66935 2.36470
-2.68377 2.40153
-2.70103 2.44727
-2.71922 2.49785
-2.73272 2.53764
-2.74409 2.57338
-2.75891 2.62543
-2.77145 2.67911
-2.77915 2.72409
-2.78249 2.75637
-2.78331 2.79402
-2.77129 2.86439
-2.72988 2.93095
-2.70264 2.95388
-2.61769 2.99599
-2.50169 3.02618
-1.89070 3.07401
-0.84168 3.05936
-0.51594 3.02467
-0.44174 3.01087
-0.33768 2.98455
-0.32736 2.98131
-0.22572 2.94264
-0.17557 2.91753
-0.41806 2.98131
-0.52139 3.00397
-0.60046 3.01713
-0.92611 3.04902
-1.82796 3.06152
-2.40911 3.01842
-2.53697 2.98973
-2.63615 2.94891
-2.66971 2.92662
-2.72426 2.86113
-2.74510 2.79140
-2.74788 2.75396
-2.74705 2.72189
-2.74236 2.67712
-2.73272 2.62365
-2.72021 2.57181
-2.71023 2.53606
-2.69803 2.49626
-2.68123 2.44567
-2.66507 2.40015
-2.65145 2.36330
-2.62790 2.30220
-2.60804 2.25267
-2.59188 2.21316
-2.56636 2.15252
-2.59716 2.26291
-2.61160 2.30079
-2.63394 2.36167
-2.64677 2.39853
-2.66183 2.44406
-2.67724 2.49467
-2.68802 2.53404
-2.69680 2.56980
-2.70711 2.62142
-2.71405 2.67490
-2.71583 2.71925
-2.71416 2.75111
-2.70817 2.78834
-2.67901 2.85722
-2.61282 2.92165
-2.57425 2.94350
-2.46401 2.98282
-2.32881 3.01023
-1.78132 3.04924
-1.12156 3.04471
-2.35338 2.98477
-2.51461 2.93723
-2.55761 2.91602
-2.63423 2.85287
-2.67132 2.78484
-2.68052 2.74804
-2.68449 2.71639
-2.68541 2.67203
-2.68129 2.61897
-2.67318 2.56755
-2.66580 2.53201
-2.65621 2.49263
-2.63916 2.43191
-2.65808 2.53336
-2.66683 2.61407
-2.67107 2.67734
-2.64356 2.67513
-2.55663 2.66605
-2.41633 2.64166
-2.28585 2.60671
-2.14546 2.55273
-2.02263 2.48786
-1.88224 2.38628
-1.80527 2.31515
-1.69453 2.18926
-1.60603 2.06566
-1.53353 1.94826
-1.48585 1.86270
-1.44176 1.77932
-1.37438 1.64216
-1.30664 1.49529
-1.26179 1.39438
-1.21208 1.28015
-1.18379 1.21418
-1.16241 1.24663
-1.19415 1.23849
-1.18862 1.20965
-1.19805 1.20510
-1.21208 1.28015
-1.15314 1.29128
-1.15109 1.33117
-1.22929 1.31998
-1.20781 1.20282
-1.21792 1.20244
-1.24586 1.35812
-1.15198 1.36837
-1.15414 1.40307
-1.26179 1.39438
-1.22810 1.20320
-1.23864 1.20548
-1.27711 1.42921
-1.15741 1.43642
-1.16119 1.46818
-1.29196 1.46271
-1.24945 1.20889
-1.26023 1.21305
-1.30664 1.49529
-1.16548 1.49876
-1.16991 1.52823
-1.32068 1.52636
-1.27128 1.21795
-1.28248 1.22396
-1.33452 1.55663
-1.17467 1.55694
-1.17952 1.58463
-1.34792 1.58584
-1.29376 1.23031
-1.30529 1.23738
-1.36127 1.61434
-1.18438 1.61136
-1.18943 1.63745
-1.37438 1.64216
-1.31697 1.24515
-1.32862 1.25325
-1.38722 1.66905
-1.19447 1.66294
-1.19962 1.68784
-1.39996 1.69532
-1.34033 1.26166
-1.35238 1.27076
-1.41250 1.72101
-1.20480 1.71219
-1.20976 1.73572
-1.42483 1.74585
-1.36438 1.28015
-1.37652 1.28985
-1.43708 1.77016
-1.21501 1.75902
-1.22011 1.78182
-1.44942 1.79424
-1.38862 1.29984
-1.40096 1.31012
-1.46157 1.81753
-1.22527 1.80413
-1.23039 1.82598
-1.47358 1.84035
-1.41324 1.32068
-1.42566 1.33152
-1.48555 1.86270
-1.23549 1.84737
-1.24070 1.86860
-1.49764 1.88487
-1.43821 1.34263
-1.45066 1.35332
-1.50957 1.90634
-1.24576 1.88913
-1.25098 1.90977
-1.52162 1.92764
-1.46352 1.36564
-1.47606 1.37652
-1.53353 1.94826
-1.25607 1.92973
-1.26118 1.94956
-1.54557 1.96874
-1.48907 1.38934
-1.50200 1.40140
-1.55751 1.98883
-1.26630 1.96900
-1.27156 1.98832
-1.56956 2.00853
-1.51495 1.41371
-1.52786 1.42592
-1.58163 2.02785
-1.27673 2.00725
-1.28194 2.02608
-1.59393 2.04706
-1.54105 1.43871
-1.55410 1.45140
-1.60603 2.06566
-1.28717 2.04454
-1.29245 2.06290
-1.61838 2.08415
-1.56720 1.46400
-1.58058 1.47716
-1.63075 2.10230
-1.29766 2.08091
-1.30301 2.09883
-1.64328 2.12035
-1.59391 1.49021
-1.60735 1.50350
-1.65591 2.13782
-1.30830 2.11640
-1.31345 2.13389
-1.66860 2.15521
-1.62100 1.51700
-1.63450 1.53040
-1.68144 2.17227
-1.31913 2.15105
-1.32387 2.16814
-1.69453 2.18926
-1.64821 1.54403
-1.66188 1.55755
-1.70777 2.20593
-1.33017 2.18514
-1.33584 2.20207
-1.72103 2.22205
-1.67580 1.57160
-1.68967 1.58554
-1.73467 2.23835
-1.34154 2.21869
-1.34548 2.23476
-1.74825 2.25410
-1.70360 1.59939
-1.71777 1.61375
-1.76220 2.26980
-1.35314 2.25148
-1.35913 2.26766
-1.77640 2.28521
-1.73185 1.62771
-1.74618 1.64216
-1.79066 2.30032
-1.36915 2.28450
-1.38776 2.30291
-1.80527 2.31515
-1.76056 1.65652
-1.77504 1.67108
-1.82016 2.32993
-1.40611 2.32102
-1.42419 2.33858
-1.83521 2.34443
-1.78961 1.68583
-1.80438 1.70077
-1.85062 2.35865
-1.44234 2.35609
-1.46013 2.37306
-1.86630 2.37260
-1.81920 1.71561
-1.83412 1.73064
-1.88224 2.38628
-1.47787 2.38975
-1.49549 2.40638
-1.89856 2.39992
-1.84919 1.74557
-1.86439 1.76097
-1.91513 2.41306
-1.51305 2.42250
-1.53047 2.43833
-1.93209 2.42617
-1.87974 1.77627
-1.89518 1.79176
-1.94941 2.43902
-1.54786 2.45413
-1.56511 2.46942
-1.96711 2.45161
-1.91091 1.80742
-1.92673 1.82326
-1.98527 2.46395
-1.58234 2.48467
-1.59963 2.49966
-2.00371 2.47603
-1.94260 1.83900
-1.95889 1.85519
-2.02263 2.48786
-1.61679 2.51438
-1.63402 2.52885
-2.04190 2.49921
-1.97514 1.87127
-1.99167 1.88753
-2.06167 2.51054
-1.65113 2.54305
-1.66841 2.55722
-2.08201 2.52162
-2.00841 1.90422
-2.02541 1.92082
-2.10262 2.53223
-1.68567 2.57114
-1.70290 2.58481
-2.12380 2.54260
-2.04262 1.93784
-2.06011 1.95502
-2.14546 2.55273
-1.71991 2.59822
-1.73680 2.61139
-2.16761 2.56261
-2.07788 1.97236
-2.09583 1.98986
-2.19022 2.57204
-1.75367 2.62454
-1.77042 2.63744
-2.21341 2.58123
-2.11418 2.00776
-2.13281 2.02583
-2.23709 2.59018
-1.78716 2.65032
-1.80378 2.66295
-2.26124 2.59867
-2.15172 2.04404
-2.17097 2.06215
-2.28585 2.60671
-1.82037 2.67535
-1.83706 2.68772
-2.31106 2.61451
-2.19095 2.08191
-2.21138 2.10155
-2.33663 2.62187
-1.85363 2.69986
-1.87018 2.71177
-2.36278 2.62877
-2.23207 2.12134
-2.25337 2.14175
-2.38932 2.63544
-1.88683 2.72365
-1.90346 2.73552
-2.41633 2.64166
-2.27539 2.16277
-2.29801 2.18441
-2.44372 2.64743
-1.91977 2.74694
-1.93608 2.75857
-2.47148 2.65276
-2.32143 2.20665
-2.34566 2.22973
-2.49962 2.65763
-1.95218 2.76996
-1.96816 2.78112
-2.52803 2.66207
-2.37103 2.25387
-2.39754 2.27929
-2.55663 2.66605
-1.98414 2.79249
-1.99991 2.80341
-2.58550 2.66959
-2.42560 2.30621
-2.45554 2.33508
-2.61455 2.67269
-2.01567 2.81454
-2.03092 2.82544
-2.64356 2.67513
-2.48778 2.36656
-2.52338 2.40176
-2.67277 2.67734
-2.07370 2.83481
-2.13026 2.84112
-2.66914 2.70008
-2.66709 2.72057
-2.19396 2.84613
-2.26469 2.84917
-2.66361 2.74102
-2.65612 2.76865
-2.38252 2.84765
-2.54332 2.83023
-2.64490 2.79620
-2.66694 2.62209
-2.56723 2.44887
-2.62000 2.50601
-2.66473 2.58727
-2.66718 2.60336
-2.66912 2.63544
-2.67324 2.66849
-2.67135 2.68110
-2.67000 2.71441
-2.65009 2.79358
-2.61070 2.85461
-2.53400 2.91840
-2.29157 2.98995
-2.14667 3.01454
-1.82213 3.04385
-1.55247 3.05053
-1.54633 3.04967
-1.35811 3.01842
-1.23314 2.98088
-1.10858 2.91537
-1.04297 2.86135
-0.99223 2.80647
-0.95014 2.75067
-0.91325 2.69391
-0.87997 2.63655
-0.84895 2.57809
-0.81236 2.50352
-0.78414 2.44269
-0.75656 2.38072
-0.72923 2.31726
-0.70190 2.25220
-0.67429 2.18538
-0.64642 2.11665
-0.61790 2.04580
-0.58881 1.97262
-0.56631 1.91582
-0.53519 1.83738
-0.50279 1.75538
-0.46862 1.66905
-0.44160 1.60119
-0.40345 1.50570
-0.36214 1.40307
-0.30451 1.26203
-0.25208 1.13535
-0.19131 0.99143
-0.11769 0.82077
-0.04367 0.65414
-0.03839 0.64198
-0.02236 0.63512
-0.04770 0.66280
-0.04349 0.64538
-0.05864 0.65748
-0.07297 0.71935
-0.00621 0.64741
-0.00345 0.67330
-0.09616 0.77193
-0.07442 0.67265
-0.09050 0.68940
-0.11769 0.82077
-0.00626 0.70453
-0.01164 0.73747
-0.13781 0.86701
-0.10682 0.70764
-0.12312 0.72665
-0.15668 0.91057
-0.01858 0.77136
-0.02657 0.80554
-0.17439 0.95179
-0.13949 0.74637
-0.15598 0.76677
-0.19131 0.99143
-0.03476 0.83892
-0.04346 0.87212
-0.20753 1.02966
-0.17221 0.78722
-0.18854 0.80828
-0.22301 1.06622
-0.05214 0.90467
-0.06102 0.93665
-0.23774 1.10127
-0.20451 0.82883
-0.22058 0.84995
-0.25208 1.13535
-0.06985 0.96810
-0.07852 0.99864
-0.26587 1.16854
-0.23630 0.87059
-0.25219 0.89179
-0.27917 1.20054
-0.08719 1.02879
-0.09567 1.05815
-0.29210 1.23180
-0.26776 0.91252
-0.28325 0.93330
-0.30451 1.26203
-0.10400 1.08679
-0.11239 1.11518
-0.31672 1.29164
-0.29843 0.95367
-0.31355 0.97410
-0.32846 1.32033
-0.12057 1.14293
-0.12855 1.17010
-0.33995 1.34850
-0.32869 0.99459
-0.34377 1.01515
-0.35119 1.37618
-0.13636 1.19672
-0.14412 1.22283
-0.36214 1.40307
-0.35866 1.03533
-0.37327 1.05473
-0.37261 1.42921
-0.15182 1.24884
-0.15931 1.27402
-0.38314 1.45529
-0.38794 1.07508
-0.40254 1.09509
-0.39343 1.48067
-0.16659 1.29877
-0.17384 1.32348
-0.40345 1.50570
-0.41678 1.11436
-0.43127 1.13415
-0.41325 1.53009
-0.18093 1.34746
-0.18785 1.37109
-0.42289 1.55418
-0.44542 1.15324
-0.45971 1.17283
-0.43239 1.57797
-0.19486 1.39471
-0.20154 1.41768
-0.44160 1.60119
-0.47367 1.19175
-0.48769 1.21078
-0.45077 1.62415
-0.20807 1.44034
-0.21466 1.46271
-0.45983 1.64686
-0.50158 1.22957
-0.51543 1.24847
-0.46862 1.66905
-0.22101 1.48481
-0.22732 1.50664
-0.47730 1.69101
-0.52926 1.26712
-0.54287 1.28555
-0.48588 1.71276
-0.23351 1.52823
-0.23959 1.54957
-0.49445 1.73431
-0.55665 1.30410
-0.57022 1.32243
-0.50279 1.75538
-0.24564 1.57068
-0.25144 1.59127
-0.51104 1.77627
-0.58368 1.34055
-0.59730 1.35881
-0.51929 1.79699
-0.25728 1.61196
-0.26297 1.63214
-0.52723 1.81726
-0.61073 1.37686
-0.62416 1.39471
-0.53519 1.83738
-0.26847 1.65214
-0.27412 1.67224
-0.54317 1.85734
-0.63739 1.41238
-0.65080 1.43020
-0.55097 1.87715
-0.27954 1.69187
-0.28487 1.71134
-0.55868 1.89655
-0.66401 1.44783
-0.67741 1.46561
-0.56631 1.91582
-0.28998 1.73036
-0.29515 1.74950
-0.57388 1.93496
-0.69055 1.48290
-0.70377 1.50034
-0.58139 1.95398
-0.30035 1.76850
-0.30523 1.78707
-0.58881 1.97262
-0.71701 1.51762
-0.73023 1.53506
-0.59617 1.99114
-0.31019 1.80578
-0.31504 1.82407
-0.60347 2.00955
-0.74347 1.55234
-0.75663 1.56947
-0.61083 2.02785
-0.31972 1.84224
-0.32444 1.86029
-0.61790 2.04580
-0.76972 1.58645
-0.78274 1.60329
-0.62525 2.06390
-0.32901 1.87821
-0.33351 1.89602
-0.63233 2.08166
-0.79595 1.62029
-0.80908 1.63716
-0.63946 2.09932
-0.33806 1.91372
-0.34245 1.93130
-0.64642 2.11665
-0.82215 1.65389
-0.83539 1.67079
-0.65347 2.13414
-0.34666 1.94852
-0.35095 1.96590
-0.66045 2.15130
-0.84858 1.68756
-0.86170 1.70420
-0.66739 2.16838
-0.35506 1.98292
-0.35912 1.99985
-0.67429 2.18538
-0.87486 1.72072
-0.88797 1.73713
-0.68126 2.20231
-0.36317 2.01694
-0.36714 2.03368
-0.68806 2.21893
-0.90115 1.75370
-0.91438 1.77016
-0.69506 2.23572
-0.37097 2.05034
-0.37486 2.06691
-0.70190 2.25220
-0.92780 1.78679
-0.94102 1.80303
-0.70871 2.26861
-0.37860 2.08340
-0.38231 2.09982
-0.71558 2.28497
-0.95432 1.81944
-0.96768 1.83575
-0.72231 2.30103
-0.38575 2.11591
-0.38939 2.13217
-0.72923 2.31726
-0.98098 1.85196
-0.99457 1.86833
-0.73600 2.33320
-0.39288 2.14836
-0.39654 2.16448
-0.74285 2.34909
-1.00800 1.88461
-1.02149 1.90079
-0.74967 2.36493
-0.39954 2.18029
-0.40282 2.19603
-0.75656 2.38072
-1.03517 1.91714
-1.04877 1.93313
-0.76341 2.39622
-0.40608 2.21195
-0.40919 2.22757
-0.77035 2.41191
-1.06245 1.94930
-1.07632 1.96564
-0.77726 2.42732
-0.41228 2.24337
-0.41523 2.25887
-0.78414 2.44269
-1.09012 1.98163
-1.10410 1.99780
-0.79111 2.45801
-0.41827 2.27455
-0.42117 2.28993
-0.79815 2.47330
-1.11804 2.01388
-1.13217 2.03014
-0.80527 2.48854
-0.42405 2.30550
-0.42679 2.32078
-0.81236 2.50352
-1.14633 2.04606
-1.16057 2.06215
-0.81954 2.51868
-0.42952 2.33625
-0.43211 2.35143
-0.82679 2.53358
-1.17501 2.07842
-1.18950 2.09460
-0.83413 2.54845
-0.43480 2.36679
-0.43735 2.38211
-0.84144 2.56329
-1.20406 2.11072
-1.21878 2.12676
-0.84895 2.57809
-0.43967 2.39715
-0.44218 2.41237
-0.85663 2.59286
-1.23369 2.14297
-1.24856 2.15912
-0.86419 2.60738
-0.44458 2.42755
-0.44684 2.44269
-0.87204 2.62209
-1.26382 2.17543
-1.27892 2.19144
-0.87997 2.63655
-0.44909 2.45778
-0.45122 2.47284
-0.88809 2.65098
-1.29443 2.20786
-1.30999 2.22397
-0.89629 2.66539
-0.45344 2.48808
-0.45554 2.50329
-0.90468 2.67977
-1.32585 2.24050
-1.34176 2.25672
-0.91325 2.69391
-0.45751 2.51823
-0.45959 2.53358
-0.92212 2.70824
-1.35786 2.27312
-1.37435 2.28970
-0.93107 2.72233
-0.46154 2.54868
-0.46337 2.56374
-0.94051 2.73662
-1.39090 2.30621
-1.40785 2.32289
-0.95014 2.75067
-0.46529 2.57899
-0.46721 2.59443
-0.96005 2.76470
-1.42486 2.33952
-1.44226 2.35632
-0.97036 2.77871
-0.46900 2.60961
-0.47100 2.62520
-0.98104 2.79249
-1.45993 2.37306
-1.47789 2.38998
-0.99223 2.80647
-0.47277 2.64055
-0.47464 2.65608
-1.00400 2.82021
-1.49623 2.40707
-1.51485 2.42410
-1.01627 2.83394
-0.47660 2.67181
-0.47866 2.68772
-1.02922 2.84765
-1.53397 2.44154
-1.55346 2.45893
-1.04297 2.86135
-0.48081 2.70361
-0.48305 2.71969
-1.05761 2.87482
-1.57334 2.47648
-1.59371 2.49422
-1.07334 2.88849
-0.48538 2.73596
-0.48801 2.75243
-1.09027 2.90193
-1.61466 2.51212
-1.63621 2.53043
-1.10858 2.91537
-0.49105 2.76930
-0.49448 2.78637
-1.12849 2.92857
-1.65845 2.54890
-1.68128 2.56755
-1.15049 2.94177
-0.49841 2.80363
-0.50316 2.82152
-1.17488 2.95496
-1.70500 2.58660
-1.72952 2.60604
-1.20226 2.96792
-0.50901 2.83981
-0.51637 2.85874
-1.23314 2.98088
-1.75504 2.62587
-1.78176 2.64632
-1.26861 2.99362
-0.52595 2.87851
-0.53876 2.89911
-1.30976 3.00613
-1.80979 2.66738
-1.83912 2.68905
-1.35811 3.01842
-0.55680 2.92100
-0.58400 2.94480
-1.41594 3.03028
-1.87048 2.71177
-1.90397 2.73574
-1.48646 3.04191
-0.62940 2.97160
-0.72298 3.00376
-1.54633 3.04967
-1.94010 2.76120
-1.97990 2.78899
-1.79459 3.04278
-1.95299 3.03459
-2.02482 2.82065
-2.07820 2.85961
-2.08740 3.01820
-2.15333 2.98606
-2.16557 2.95193
-2.15051 2.92143
-2.11920 2.89001
-2.08863 2.86526
-2.12699 2.88957
-2.16437 2.92035
-2.18129 2.94977
-2.17115 2.98110
-2.10464 3.01928
-1.93183 3.03825
-1.62244 3.04989
-1.43687 3.04773
-1.34786 3.04752
-0.82185 3.02791
-0.50635 2.99469
-0.36790 2.96900
-0.24674 2.93788
-0.14473 2.90865
-0.07082 2.91883
0.07922 2.92576
0.10809 2.92381
0.18304 2.77871
0.17725 2.78090
0.17663 2.78134
0.17631 2.78178
0.17629 2.78221
0.17676 2.78287
0.17765 2.78331
0.17904 2.78353
0.18072 2.78396
0.18261 2.78418
0.18481 2.78418
0.18722 2.78396
0.18963 2.78375
0.19226 2.78309
0.19458 2.78243
0.19683 2.78134
0.19858 2.78025
0.19992 2.77915
0.20078 2.77784
0.20104 2.77653
0.20069 2.77521
0.19965 2.77390
0.19770 2.77281
0.19504 2.77171
0.19158 2.77084
0.18761 2.77018
0.18323 2.76974
0.17843 2.76974
0.17343 2.76974
0.16810 2.77040
0.16297 2.77105
0.15772 2.77237
0.15295 2.77390
0.14877 2.77565
0.14498 2.77784
0.14219 2.78003
0.14018 2.78243
0.13918 2.78484
0.13938 2.78724
0.14088 2.78965
0.14378 2.79183
0.14810 2.79380
0.15363 2.79555
0.16017 2.79686
0.16784 2.79751
0.17602 2.79795
0.18462 2.79795
0.19366 2.79708
0.20262 2.79577
0.21099 2.79402
0.21878 2.79183
0.22570 2.78899
0.23143 2.78593
0.23587 2.78265
0.23882 2.77915
0.23997 2.77565
0.23943 2.77215
0.23728 2.76865
0.23362 2.76536
0.22854 2.76251
0.22216 2.75988
0.21445 2.75791
0.20561 2.75637
0.19575 2.75550
0.18505 2.75550
0.17403 2.75594
0.16288 2.75703
0.15182 2.75857
0.14091 2.76098
0.13079 2.76383
0.12153 2.76733
0.11345 2.77149
0.10706 2.77587
0.10227 2.78046
0.09946 2.78528
0.09876 2.79009
0.10056 2.79467
0.10498 2.79904
0.11211 2.80297
0.12157 2.80647
0.13336 2.80909
0.14688 2.81105
0.16183 2.81214
0.17783 2.81214
0.19417 2.81127
0.21045 2.80930
0.22577 2.80647
0.23992 2.80276
0.25231 2.79817
0.26273 2.79315
0.27076 2.78768
0.27620 2.78200
0.27886 2.77609
0.27871 2.77018
0.27586 2.76448
0.27059 2.75922
0.26320 2.75440
0.25389 2.75001
0.24265 2.74650
0.22978 2.74365
0.21535 2.74189
0.19979 2.74102
0.18348 2.74123
0.16673 2.74233
0.14995 2.74431
0.13341 2.74738
0.11743 2.75133
0.10251 2.75637
0.08917 2.76185
0.07750 2.76821
0.06811 2.77478
0.06141 2.78178
0.05800 2.78899
0.05820 2.79620
0.06211 2.80297
0.06985 2.80930
0.08141 2.81498
0.09661 2.81977
0.11537 2.82326
0.13697 2.82566
0.16044 2.82653
0.18506 2.82588
0.20954 2.82391
0.23329 2.82043
0.25498 2.81585
0.27423 2.80974
0.29011 2.80297
0.30263 2.79555
0.31157 2.78746
0.31682 2.77915
0.31828 2.77084
0.31582 2.76295
0.31006 2.75528
0.30117 2.74826
0.28975 2.74189
0.27569 2.73662
0.25959 2.73223
0.24132 2.72915
0.22150 2.72739
0.20063 2.72673
0.17890 2.72739
0.15692 2.72915
0.13478 2.73245
0.11318 2.73684
0.09241 2.74277
0.07322 2.74936
0.05557 2.75725
0.04061 2.76558
0.02862 2.77456
0.02042 2.78396
0.01661 2.79358
0.01771 2.80297
0.02373 2.81214
0.03509 2.82043
0.05199 2.82762
0.07425 2.83350
0.10117 2.83786
0.13188 2.84003
0.16466 2.84069
0.19832 2.83916
0.23126 2.83568
0.26207 2.83045
0.28936 2.82348
0.31250 2.81519
0.33099 2.80581
0.34473 2.79555
0.35337 2.78506
0.35712 2.77456
0.35598 2.76405
0.35042 2.75396
0.34093 2.74475
0.32821 2.73618
0.31234 2.72871
0.29372 2.72255
0.27254 2.71771
0.24930 2.71441
0.22448 2.71265
0.19849 2.71243
0.17173 2.71375
0.14460 2.71661
0.11769 2.72101
0.09131 2.72717
0.06598 2.73464
0.04238 2.74343
0.02106 2.75309
0.00269 2.76383
-0.01161 2.77521
-0.02122 2.78724
-0.02522 2.79904
-0.02332 2.81083
-0.01468 2.82195
0.00090 2.83219
0.02425 2.84090
0.05478 2.84765
0.09118 2.85243
0.13200 2.85461
0.17510 2.85439
0.21821 2.85178
0.25952 2.84656
0.29683 2.83894
0.32882 2.82936
0.35477 2.81846
0.37447 2.80647
0.38780 2.79380
0.39496 2.78068
0.39592 2.76777
0.39146 2.75528
0.38218 2.74365
0.36887 2.73267
0.35190 2.72299
0.33159 2.71463
0.30810 2.70780
0.28214 2.70273
0.25409 2.69942
0.22456 2.69788
0.19385 2.69810
0.16225 2.70030
0.13035 2.70449
0.09858 2.71044
0.06752 2.71815
0.03780 2.72739
0.01013 2.73794
-0.01461 2.75001
-0.03588 2.76317
-0.05258 2.77696
-0.06389 2.79118
-0.06860 2.80559
-0.06518 2.81956
-0.05301 2.83263
-0.03180 2.84460
-0.00131 2.85483
0.03838 2.86243
0.08558 2.86743
0.13792 2.86917
0.19227 2.86787
0.24555 2.86330
0.29474 2.85591
0.33775 2.84569
0.37305 2.83350
0.40031 2.81977
0.41952 2.80516
0.43107 2.78987
0.43533 2.77434
0.43278 2.75944
0.42462 2.74497
0.41152 2.73157
0.39396 2.71947
0.37236 2.70868
0.34717 2.69986
0.31900 2.69280
0.28855 2.68750
0.25611 2.68419
0.22185 2.68331
0.18649 2.68441
0.15034 2.68772
0.11389 2.69302
0.07775 2.70030
0.04242 2.70956
0.00860 2.72079
-0.02277 2.73355
-0.05121 2.74782
-0.07568 2.76317
-0.09489 2.77937
-0.10719 2.79599
-0.11149 2.81258
-0.10656 2.82893
-0.09108 2.84417
-0.06403 2.85787
-0.02448 2.86917
0.02639 2.87742
0.08609 2.88241
0.15126 2.88328
0.21747 2.88046
0.28054 2.87373
0.33654 2.86352
0.38366 2.85048
0.42077 2.83546
0.44775 2.81890
0.46487 2.80166
0.47313 2.78375
0.47348 2.76624
0.46712 2.74936
0.45494 2.73333
0.43740 2.71859
0.41521 2.70538
0.38884 2.69413
0.35938 2.68463
0.32714 2.67712
0.29229 2.67203
0.25521 2.66937
0.21663 2.66893
0.17684 2.67092
0.13633 2.67535
0.09561 2.68198
0.05539 2.69082
0.01597 2.70207
-0.02183 2.71507
-0.05731 2.73003
-0.08924 2.74628
-0.11652 2.76405
-0.13753 2.78265
-0.15113 2.80166
-0.15552 2.82065
-0.14898 2.83916
-0.12898 2.85656
-0.09409 2.87178
-0.04427 2.88415
0.01929 2.89283
0.09321 2.89738
0.17273 2.89695
0.25122 2.89196
0.32329 2.88241
0.38491 2.86939
0.43434 2.85352
0.47107 2.83546
0.49547 2.81607
0.50911 2.79599
0.51346 2.77587
0.50981 2.75637
0.49904 2.73772
0.48192 2.72035
0.45965 2.70449
0.43311 2.69037
0.40268 2.67844
0.36895 2.66871
0.33220 2.66140
0.29293 2.65675
0.25174 2.65453
0.20912 2.65475
0.16517 2.65785
0.12060 2.66339
0.07581 2.67159
0.03140 2.68220
-0.01222 2.69523
-0.05380 2.71000
-0.09288 2.72695
-0.12781 2.74563
-0.15790 2.76580
-0.18139 2.78659
-0.19661 2.80821
-0.20079 2.82958
-0.19113 2.85026
-0.16559 2.86939
-0.12246 2.88632
-0.06077 2.89955
0.01798 2.90843
0.10875 2.91190
0.20363 2.90973
0.29433 2.90193
0.37411 2.88957
0.43915 2.87330
0.48811 2.85417
0.52197 2.83306
0.54268 2.81083
0.55223 2.78834
0.55198 2.76624
0.54323 2.74475
0.52722 2.72475
0.50558 2.70604
0.47907 2.68927
0.44816 2.67468
0.41335 2.66251
0.37522 2.65276
0.33437 2.64565
0.29119 2.64121
0.24617 2.63966
0.19940 2.64099
0.15149 2.64521
0.10294 2.65231
0.05418 2.66184
0.00579 2.67402
-0.04161 2.68883
-0.08691 2.70582
-0.12949 2.72497
-0.16812 2.74584
-0.20120 2.76821
-0.23429 2.80297
-0.24349 2.83437
-0.23804 2.85048
-0.21696 2.87112
-0.18203 2.88805
-0.13971 2.90042
-0.05863 2.91407
0.04997 2.92186
0.13596 2.92208
0.25385 2.91710
0.36388 2.90323
0.44903 2.88393
0.51404 2.85852
0.54837 2.83546
0.57148 2.80385
0.57399 2.77062
0.55825 2.73750
0.52479 2.70582
0.49009 2.68441
0.44491 2.66539
0.41516 2.65608
0.39303 2.65054
0.40186 2.61808
0.42169 2.57742
0.44817 2.53787
0.47785 2.50170
0.52205 2.45550
0.57238 2.40984
0.62963 2.36354
0.67869 2.32782
0.72491 2.29678
0.78749 2.25863
0.84149 2.22901
0.90562 2.19797
0.95563 2.17713
0.99874 2.16131
1.00442 2.15936
0.99924 2.17592
1.03100 2.17300
1.04353 2.14493
1.03479 2.12922
1.00613 2.14175
1.00328 2.15985
0.96041 2.17519
0.88906 2.20569
0.83072 2.23476
0.76970 2.26980
0.72491 2.29678
0.67869 2.32782
0.62106 2.37028
0.57238 2.40984
0.51487 2.46326
0.47785 2.50170
0.42169 2.57742
0.39734 2.63433
0.39303 2.65054
0.35240 2.64299
0.31284 2.63833
0.27076 2.63588
0.21593 2.63655
0.16624 2.64033
0.12951 2.64499
0.09734 2.65032
0.10914 2.63433
0.14190 2.57719
0.16145 2.50170
0.16298 2.46304
0.15900 2.40961
0.14988 2.37004
0.13459 2.32782
0.11941 2.29678
0.10160 2.26980
0.07584 2.23452
0.04658 2.20545
0.00573 2.17495
-0.02180 2.15960
-0.00655 2.14150
-0.02269 2.12897
-0.04714 2.14469
-0.06268 2.17276
-0.03384 2.17568
-0.02246 2.15912
-0.01863 2.16107
0.00855 2.17689
0.03762 2.19797
0.07071 2.22877
0.09510 2.25839
0.11941 2.29678
0.13459 2.32782
0.14783 2.36354
0.15900 2.40961
0.16345 2.45550
0.16145 2.50170
0.15487 2.53787
0.14190 2.57719
0.12086 2.61808
0.09734 2.65032
0.05784 2.65852
0.02180 2.66760
-0.03828 2.68596
-0.09531 2.70802
-0.14961 2.73443
-0.18034 2.75309
-0.21746 2.78571
-0.23904 2.81868
-0.24073 2.84526
-0.20952 2.87503
-0.13971 2.90042
-0.05863 2.91407
0.04997 2.92186
0.10741 2.92598
-0.00058 3.14116