# sss file
-1.57080 3.14159
-1.42290 3.14159
0.00000 3.14159
-1.52800 3.10359
-1.36512 2.73524
-1.35580 2.71641
-1.35298 2.71077
-1.27840 2.56041
-1.18278 2.36816
-1.08292 2.16804
-1.07581 2.15382
-1.06834 2.13869
-1.05920 2.12740
-1.04437 2.12175
-0.97524 2.12088
-0.93974 2.12088
-0.73043 2.12066
-0.63082 2.12044
-0.50301 2.12022
-0.32620 2.12000
-0.20579 2.11979
-0.05578 2.11957
0.05342 2.11957
0.14362 2.11935
0.22222 2.11935
0.30283 2.11913
0.38055 2.11870
0.43933 2.09333
0.48148 2.06225
0.50449 2.01563
0.50760 1.98719
0.46035 1.97470
0.42195 1.97470
0.35435 1.97470
0.26804 1.97492
0.15944 1.97492
0.04322 1.97515
-0.02748 1.97515
-0.15269 1.97538
-0.27630 1.97561
-0.36002 1.97583
-0.44882 1.97583
-0.57683 1.97606
-0.68994 1.97629
-0.80856 1.97652
-0.91626 1.97652
-0.96627 1.97674
-0.97333 1.96466
-0.97477 1.95253
-0.96443 1.93066
-0.88925 1.78010
-0.77243 1.54625
-0.67120 1.34359
-0.58456 1.17032
-0.56211 1.13263
-0.53475 1.09670
-0.51193 1.07686
-0.46743 1.07686
-0.39433 1.07686
-0.29834 1.07649
-0.13136 1.07612
-0.03067 1.07575
0.08573 1.07575
0.21121 1.07538
0.30620 1.07501
0.38850 1.07501
0.54198 1.07463
0.68007 1.07426
0.80405 1.07389
0.89705 1.07389
0.96963 1.07054
1.08704 1.07352
1.17953 1.07315
1.25273 1.07315
1.33763 1.07315
1.44953 1.07315
1.56371 1.07278
1.64821 1.07278
1.73221 1.07278
1.80391 1.07278
1.88411 1.07278
1.94983 1.07315
2.04893 1.07315
2.13143 1.07315
2.28753 1.07315
2.36454 1.07352
2.44794 1.07352
2.51245 1.07389
2.53787 1.08167
2.54924 1.09852
2.53017 1.15265
2.48922 1.22757
2.43094 1.29491
2.39924 1.29491
2.33860 1.29460
2.27870 1.29460
2.16870 1.29460
2.03946 1.29428
1.90856 1.29428
1.79826 1.29428
1.67626 1.29428
1.54746 1.29428
1.44406 1.29428
1.29746 1.29428
1.17376 1.29428
1.08620 1.29460
1.00942 1.28575
0.92400 1.29460
0.85240 1.29460
0.78074 1.29491
0.65474 1.29491
0.57959 1.29523
0.46053 1.29554
0.36143 1.29554
0.31367 1.29586
0.25587 1.29586
0.16561 1.29617
0.09381 1.29617
0.03661 1.29617
-0.01554 1.29649
-0.06844 1.29649
-0.12510 1.29680
-0.19300 1.29680
-0.29886 1.29712
-0.35906 1.29712
-0.41176 1.29712
-0.45062 1.29743
-0.51072 1.29743
-0.54545 1.30590
-0.57994 1.33748
-0.61300 1.38160
-0.63745 1.44511
-0.64359 1.47417
-0.63635 1.48769
-0.61913 1.48965
-0.54943 1.48965
-0.46669 1.48937
-0.38959 1.48937
-0.27235 1.48909
-0.16591 1.48881
-0.09181 1.48881
-0.00357 1.48853
0.11197 1.48825
0.20137 1.48825
0.28731 1.48797
0.37731 1.48797
0.49095 1.48769
0.55645 1.48769
0.64319 1.48741
0.72330 1.48601
0.74954 1.49832
0.76244 1.51692
0.75845 1.55711
0.73333 1.59835
0.69784 1.63851
0.65593 1.66153
0.57073 1.66153
0.47620 1.66179
0.39680 1.66179
0.32458 1.66205
0.26098 1.66205
0.16345 1.66230
0.10115 1.66230
0.02212 1.66256
-0.08298 1.66256
-0.16711 1.66282
-0.24534 1.66308
-0.33974 1.66308
-0.44957 1.66333
-0.50777 1.66333
-0.58780 1.66359
-0.64658 1.66256
-0.68910 1.66359
-0.71370 1.67180
-0.74014 1.69448
-0.77690 1.74041
-0.78913 1.77005
-0.79219 1.79618
-0.75676 1.82492
-0.72634 1.82468
-0.67754 1.82468
-0.57052 1.82444
-0.46852 1.82444
-0.38400 1.82420
-0.31090 1.82420
-0.21818 1.82396
-0.04426 1.82372
0.08636 1.82348
0.24218 1.82324
0.35040 1.82300
0.47430 1.82300
0.57059 1.81602
0.66012 1.82276
0.76624 1.82252
0.88104 1.82252
0.96934 1.82252
1.06634 1.82252
1.14936 1.82228
1.24916 1.82228
1.33216 1.82228
1.40036 1.82228
1.46786 1.82228
1.51016 1.82228
1.59614 1.82252
1.69334 1.82252
1.76004 1.82252
1.83204 1.82252
1.90164 1.82252
1.95992 1.82276
2.01722 1.82276
2.07192 1.82276
2.13102 1.82276
2.18095 1.80830
2.21660 1.76759
2.24161 1.70838
2.24744 1.67052
2.21413 1.66153
2.13783 1.66153
2.07863 1.66153
1.99186 1.66128
1.90536 1.66128
1.81416 1.66128
1.70369 1.66102
1.60939 1.66102
1.54779 1.66102
1.43119 1.66102
1.33739 1.66102
1.23149 1.66102
1.14289 1.66102
1.04026 1.66128
0.97996 1.66128
0.93076 1.66128
0.86480 1.66179
0.83045 1.64371
0.83689 1.61182
0.84963 1.57435
0.88874 1.50973
0.92613 1.48713
0.96013 1.48713
1.01253 1.48713
1.11108 1.48685
1.21058 1.48685
1.29088 1.48685
1.38198 1.48685
1.50888 1.48685
1.61268 1.48685
1.73288 1.48685
1.79398 1.48685
1.87688 1.48685
1.93948 1.48685
2.02833 1.48713
2.14793 1.48713
2.23629 1.48741
2.36429 1.48741
2.41885 1.48769
2.52935 1.48769
2.63541 1.48797
2.74621 1.48797
2.87617 1.48825
2.99433 1.48853
3.13109 1.48881
3.24505 1.48909
3.36571 1.48937
3.49461 1.48937
3.60047 1.48965
3.73503 1.48993
3.83583 1.48993
3.86291 1.48937
3.89324 1.47672
3.91913 1.45313
3.96303 1.38934
3.99111 1.32918
3.98673 1.29775
3.95323 1.29775
3.91203 1.29775
3.86173 1.29775
3.76978 1.29743
3.68268 1.29743
3.58554 1.29712
3.48594 1.29712
3.37740 1.29680
3.27482 1.30277
3.20966 1.29649
3.12031 1.29617
3.04351 1.29617
2.94437 1.29586
2.83933 1.29554
2.74403 1.29554
2.69209 1.29523
2.61839 1.29523
2.59212 1.28955
2.58366 1.25727
2.57939 1.24103
2.59682 1.19317
2.62480 1.13439
2.66127 1.09086
2.68625 1.07389
2.71187 1.07426
2.75777 1.07426
2.81397 1.07426
2.88788 1.07463
2.95568 1.07463
2.99178 1.07463
3.04370 1.07501
3.11060 1.07501
3.22541 1.07538
3.33863 1.07575
3.45953 1.07575
3.56004 1.07612
3.64966 1.07649
3.72876 1.07649
3.83977 1.07686
3.91857 1.07686
4.04249 1.07723
4.13409 1.07723
4.19980 1.07760
4.25390 1.07760
4.31470 1.07760
4.40450 1.07760
4.47161 1.07797
4.52081 1.07797
4.57481 1.07797
4.63671 1.07797
4.70381 1.07797
4.74961 1.07797
4.78381 1.07797
4.82121 1.07797
4.88141 1.07797
4.93031 1.07797
4.97471 1.07797
5.00861 1.07797
5.06231 1.07797
5.11071 1.07797
5.17291 1.07797
5.24871 1.07797
5.31550 1.07760
5.38450 1.07760
5.47090 1.07760
5.51439 1.07723
5.53657 1.08645
5.54996 1.09889
5.55659 1.12481
5.54805 1.15509
5.53078 1.19384
5.49814 1.24592
5.47807 1.27206
5.46165 1.28290
5.42927 1.29806
5.38227 1.29806
5.30387 1.29806
5.22971 1.29838
5.18741 1.29838
5.11311 1.29838
5.05511 1.29838
4.97761 1.29838
4.87971 1.29838
4.79061 1.29838
4.69711 1.29838
4.63921 1.29838
4.57859 1.29081
4.48809 1.30183
4.42306 1.29649
4.37203 1.29995
4.33077 1.29806
4.27868 1.29743
4.22613 1.29775
4.16685 1.29869
4.13111 1.30778
4.09812 1.32856
4.05431 1.38399
4.03534 1.42952
4.03472 1.46055
4.05469 1.49022
4.07499 1.49022
4.14505 1.49050
4.22195 1.49050
4.29265 1.49050
4.34595 1.49050
4.41555 1.49050
4.46885 1.49050
4.52845 1.49050
4.59521 1.49078
4.66841 1.49078
4.72941 1.49078
4.78505 1.49050
4.83505 1.49050
4.88145 1.49050
4.93895 1.49050
4.99475 1.49050
5.04875 1.49050
5.13115 1.49050
5.19275 1.49050
5.27712 1.48516
5.30569 1.49302
5.31151 1.51637
5.31263 1.54353
5.30245 1.57890
5.28067 1.61787
5.24950 1.64941
5.22045 1.66410
5.12632 1.66436
4.98842 1.66436
4.82399 1.66462
4.66559 1.66462
4.51459 1.66462
4.44519 1.66462
4.28959 1.66462
4.17232 1.66436
4.04002 1.66436
3.96692 1.65896
3.84235 1.66410
3.78335 1.66410
3.66818 1.66385
3.54878 1.66385
3.45210 1.66359
3.34853 1.66333
3.24963 1.66333
3.14286 1.66308
3.07189 1.66282
2.99749 1.66282
2.92112 1.66256
2.84502 1.66256
2.77805 1.66230
2.70495 1.66230
2.65005 1.66230
2.55108 1.66205
2.51688 1.66205
2.45670 1.66359
2.41161 1.66898
2.37688 1.68024
2.34182 1.71316
2.32049 1.76341
2.31761 1.80418
2.34250 1.82300
2.39818 1.82324
2.47718 1.82324
2.55306 1.82348
2.62686 1.82348
2.70694 1.82372
2.79204 1.82372
2.86652 1.82396
2.96360 1.82420
3.07360 1.82420
3.15288 1.82444
3.22578 1.82444
3.31106 1.82468
3.39836 1.82468
3.51184 1.82492
3.57794 1.82492
3.63172 1.82516
3.64990 1.82300
3.67498 1.82564
3.69492 1.83595
3.70365 1.84669
3.70314 1.86592
3.69233 1.89415
3.67439 1.92001
3.63344 1.96032
3.58493 1.97674
3.51193 1.97674
3.36604 1.97652
3.25606 1.97629
3.14986 1.97629
3.05937 1.97606
2.98578 1.97583
2.88438 1.97583
2.79710 1.97561
2.67421 1.97538
2.61311 1.97538
2.52052 1.97515
2.44362 1.97515
2.30104 1.97492
2.17765 1.97470
2.09225 1.97470
2.01117 1.97447
1.91227 1.97447
1.81767 1.97447
1.70338 1.97424
1.59208 1.97424
1.51028 1.97424
1.41558 1.97424
1.28398 1.97424
1.19398 1.97424
1.07628 1.97424
0.95688 1.97424
0.86248 1.97424
0.76297 1.97606
0.71739 1.98402
0.67185 2.00731
0.62969 2.04582
0.61534 2.10013
0.64504 2.11892
0.74645 2.11870
0.84815 2.11870
0.95285 2.11870
1.10755 2.11870
1.23355 2.11870
1.34315 2.11870
1.46545 2.11870
1.58825 2.11870
1.68544 2.11892
1.81274 2.11892
1.90714 2.11892
1.96792 2.11935
2.00345 2.14150
1.99355 2.18990
1.97336 2.22607
1.90883 2.25793
1.83913 2.25793
1.70634 2.25772
1.57094 2.25772
1.39024 2.25751
1.27524 2.25751
1.09474 2.25751
0.92764 2.25751
0.82354 2.25751
0.67054 2.25772
0.55924 2.25772
0.44273 2.25793
0.30903 2.25793
0.16403 2.25814
0.07083 2.25814
-0.07728 2.25835
-0.18878 2.25856
-0.30599 2.25877
-0.40389 2.25898
-0.47989 2.25898
-0.56120 2.25919
-0.61240 2.25919
-0.68250 2.25919
-0.77160 2.25940
-0.83390 2.25940
-0.90001 2.25961
-0.95851 2.27262
-0.99497 2.29393
-1.02075 2.32530
-1.02562 2.37144
-0.98077 2.39394
-0.95467 2.39394
-0.87787 2.39374
-0.78987 2.39374
-0.68857 2.39353
-0.56896 2.39333
-0.50526 2.39333
-0.45646 2.39333
-0.36446 2.39312
-0.27686 2.39292
-0.18926 2.39292
-0.09676 2.39272
0.00824 2.39272
0.08104 2.39251
0.18004 2.39251
0.23710 2.39720
0.27599 2.40902
0.28360 2.43399
0.25762 2.47556
0.22178 2.51424
0.15509 2.52342
0.08429 2.52342
-0.04801 2.52362
-0.15581 2.52362
-0.26211 2.52382
-0.33901 2.52401
-0.42851 2.52401
-0.56221 2.52421
-0.63311 2.52441
-0.73711 2.52441
-0.82491 2.52461
-0.90351 2.52461
-0.96400 2.53039
-1.02308 2.53657
-1.07838 2.56635
-1.10129 2.59838
-1.08102 2.63124
-1.02330 2.65301
-0.92071 2.65281
-0.75631 2.65262
-0.61841 2.65242
-0.51451 2.65242
-0.40011 2.65222
-0.25891 2.65203
-0.12752 2.65183
0.06398 2.65164
0.19958 2.65144
0.38548 2.65144
0.57328 2.65124
0.78918 2.65124
0.94478 2.65124
1.17278 2.65124
1.34308 2.65124
1.49718 2.65144
1.56229 2.65242
1.62651 2.64458
1.67777 2.62987
1.72730 2.61079
1.75262 2.58436
1.74604 2.54353
1.71680 2.52940
1.65269 2.52322
1.54739 2.52322
1.44009 2.52302
1.34759 2.52302
1.23669 2.52302
1.13829 2.52302
1.03749 2.52282
0.93339 2.52282
0.84579 2.52302
0.75359 2.52302
0.67929 2.52302
0.58529 2.52302
0.52379 2.52441
0.47809 2.51883
0.45928 2.49683
0.45754 2.47013
0.47843 2.42994
0.50763 2.40413
0.55385 2.39210
0.59345 2.39210
0.67145 2.39210
0.79055 2.39190
0.87695 2.39190
0.96535 2.39190
1.07515 2.39190
1.16005 2.39190
1.23645 2.39190
1.33615 2.39190
1.44115 2.39210
1.52215 2.39210
1.65835 2.39210
1.80745 2.39231
1.94394 2.39251
2.03584 2.39251
2.13184 2.39272
2.23464 2.39272
2.33774 2.39292
2.44224 2.39312
2.52564 2.39312
2.60614 2.39333
2.69363 2.39353
2.79163 2.39353
2.86423 2.39374
2.98573 2.39374
3.08703 2.39394
3.19003 2.39414
3.28583 2.39414
3.33769 2.38802
3.39634 2.36631
3.43382 2.33357
3.45213 2.30455
3.45676 2.27388
3.44070 2.26360
3.41329 2.25982
3.37429 2.25982
3.30749 2.25982
3.23369 2.25961
3.09609 2.25961
2.95870 2.25940
2.88210 2.25919
2.75791 2.25898
2.67971 2.25898
2.56071 2.25877
2.43152 2.25856
2.30802 2.25835
2.22162 2.25835
2.18113 2.24994
2.13982 2.22755
2.12982 2.20696
2.14703 2.16653
2.16904 2.13392
2.20472 2.11935
2.26672 2.11935
2.35262 2.11957
2.49681 2.11979
2.62070 2.12000
2.75479 2.12022
2.92108 2.12044
3.02358 2.12044
3.17027 2.12066
3.25546 2.12088
3.36825 2.12109
3.51785 2.12109
3.59614 2.12131
3.71834 2.12131
3.83064 2.12153
3.95034 2.12153
4.04244 2.12153
4.13794 2.12153
4.24964 2.12153
4.34134 2.12153
4.40884 2.12153
4.45564 2.12153
4.50874 2.12153
4.58604 2.12153
4.66688 2.11804
4.74740 2.12240
4.82355 2.11870
4.87643 2.12414
4.90441 2.14259
4.90652 2.16696
4.89414 2.19012
4.87897 2.21186
4.86014 2.23052
4.83788 2.24425
4.78688 2.26024
4.72098 2.26024
4.64878 2.26024
4.57128 2.26024
4.48437 2.26045
4.42037 2.26045
4.34707 2.26045
4.28767 2.26045
4.19797 2.26045
4.12047 2.26045
4.06747 2.26045
3.96878 2.26024
3.91028 2.26024
3.84458 2.26024
3.76678 2.26024
3.70648 2.26444
3.67377 2.27367
3.64000 2.29539
3.61841 2.32757
3.61557 2.36446
3.63665 2.38250
3.67092 2.39455
3.70362 2.39455
3.76142 2.39455
3.84832 2.39476
3.95022 2.39476
4.04432 2.39476
4.12832 2.39476
4.19522 2.39476
4.28052 2.39476
4.35862 2.39476
4.42802 2.39476
4.48826 2.39108
4.55073 2.39435
4.59513 2.40413
4.63272 2.41776
4.64320 2.45239
4.62912 2.47697
4.58438 2.51044
4.51719 2.52561
4.44599 2.52561
4.34789 2.52561
4.26159 2.52561
4.14799 2.52561
4.05149 2.52561
3.95719 2.52561
3.83729 2.52561
3.69249 2.52561
3.60889 2.52541
3.53159 2.52541
3.44829 2.52541
3.33269 2.52521
3.23309 2.52521
3.13589 2.52501
3.03719 2.52481
2.94129 2.52481
2.83119 2.52461
2.72419 2.52441
2.61109 2.52441
2.51679 2.52421
2.37599 2.52401
2.29769 2.52541
2.22479 2.52302
2.12489 2.52342
2.07999 2.52362
2.03960 2.52840
2.01572 2.53617
1.99526 2.55187
1.97945 2.57091
1.97730 2.59700
1.99951 2.62338
2.03696 2.63988
2.10639 2.65203
2.19919 2.65222
2.30989 2.65222
2.41059 2.65242
2.59799 2.65262
2.71989 2.65281
2.85190 2.65301
3.00280 2.65320
3.15630 2.65340
3.32260 2.65359
3.50140 2.65359
3.66270 2.65379
3.77970 2.65379
3.89990 2.65379
4.02060 2.65379
4.12210 2.65379
4.26630 2.65379
4.40930 2.65379
4.53110 2.65379
4.60310 2.65359
4.66744 2.63792
4.71140 2.59621
4.75845 2.54711
4.84926 2.44067
4.95052 2.30497
5.01605 2.20909
5.09085 2.09289
5.13321 2.02438
5.13868 1.99104
5.11411 1.97697
5.06401 1.97697
4.99741 1.97697
4.91101 1.97697
4.83000 1.97720
4.76820 1.97720
4.69410 1.97720
4.63490 1.97720
4.54570 1.97720
4.46860 1.97720
4.38170 1.97720
4.31940 1.97720
4.22890 1.97720
4.16830 1.97720
4.05920 1.97720
3.93861 1.97697
3.86471 1.97697
3.81101 1.97697
3.80230 1.96421
3.79644 1.93712
3.80541 1.90979
3.82883 1.86734
3.85239 1.83882
3.89240 1.82540
3.93470 1.82540
4.03720 1.82540
4.14218 1.82564
4.28168 1.82564
4.44178 1.82564
4.58508 1.82564
4.72218 1.82564
4.88520 1.82540
5.07160 1.82540
5.23142 1.82757
5.25131 1.81578
5.29176 1.76169
5.47777 1.42226
5.67542 1.04836
5.89044 0.63512
5.87744 0.63512
5.86134 0.63512
5.76452 0.82896
5.86134 0.63512
5.75664 0.63512
5.65948 0.82944
5.75664 0.63512
5.65184 0.63512
5.55468 0.82944
5.65184 0.63512
5.54704 0.63512
5.44965 0.82991
5.54704 0.63512
5.44224 0.63512
5.34485 0.82991
5.44224 0.63512
5.33744 0.63512
5.24015 0.82991
5.33744 0.63512
5.23274 0.63512
5.13535 0.82991
5.23274 0.63512
5.12794 0.63512
5.03055 0.82991
5.12794 0.63512
5.02314 0.63512
4.92575 0.82991
5.02314 0.63512
4.91834 0.63512
4.82095 0.82991
4.91834 0.63512
4.81354 0.63512
4.71615 0.82991
4.81354 0.63512
4.70874 0.63512
4.61135 0.82991
4.70874 0.63512
4.60394 0.63512
4.50655 0.82991
4.60394 0.63512
4.49914 0.63512
4.40198 0.82944
4.49914 0.63512
4.39444 0.63512
4.29718 0.82944
4.39444 0.63512
4.28964 0.63512
4.19272 0.82896
4.28964 0.63512
4.18484 0.63512
4.08792 0.82896
4.18484 0.63512
4.08014 0.63512
3.98335 0.82849
4.08014 0.63512
3.97534 0.63512
3.87865 0.82849
3.97534 0.63512
3.87064 0.63512
3.77409 0.82802
3.87064 0.63512
3.76584 0.63512
3.66963 0.82755
3.76584 0.63512
3.66114 0.63512
3.56483 0.82755
3.66114 0.63512
3.55644 0.63512
3.46036 0.82708
3.55644 0.63512
3.45164 0.63512
3.35590 0.82660
3.45164 0.63512
3.34694 0.63512
3.25120 0.82660
3.34694 0.63512
3.24224 0.63512
3.14674 0.82613
3.24224 0.63512
3.13754 0.63512
3.04227 0.82566
3.13754 0.63512
3.03284 0.63512
2.93757 0.82566
3.03284 0.63512
2.92534 0.63512
2.83311 0.82518
2.92814 0.63512
2.82354 0.63512
2.72865 0.82471
2.82354 0.63512
2.71884 0.63512
2.62405 0.82471
2.71884 0.63512
2.61414 0.63512
2.51958 0.82423
2.61414 0.63512
2.50954 0.63512
2.41488 0.82423
2.50954 0.63512
2.40484 0.63512
2.31028 0.82423
2.40484 0.63512
2.30024 0.63512
2.20582 0.82376
2.30024 0.63512
2.19554 0.63512
2.10122 0.82376
2.19554 0.63512
2.09084 0.63512
1.99652 0.82376
2.09084 0.63512
1.98334 0.63512
1.89192 0.82376
1.98624 0.63512
1.88154 0.63512
1.78732 0.82376
1.88154 0.63512
1.77694 0.63512
1.68262 0.82376
1.77694 0.63512
1.67224 0.63512
1.57802 0.82376
1.67224 0.63512
1.56764 0.63512
1.47332 0.82376
1.56764 0.63512
1.46294 0.63512
1.36848 0.82423
1.46294 0.63512
1.35834 0.63512
1.26378 0.82423
1.35834 0.63512
1.25364 0.63512
1.15908 0.82423
1.25364 0.63512
1.14614 0.63512
1.05425 0.82471
1.14894 0.63512
1.04434 0.63512
0.94955 0.82471
1.04434 0.63512
0.93674 0.63512
0.84461 0.82518
0.93964 0.63512
0.83494 0.63512
0.73991 0.82518
0.83494 0.63512
0.72724 0.63512
0.63507 0.82566
0.73024 0.63512
0.62274 0.63512
0.53014 0.82613
0.62554 0.63512
0.52084 0.63512
0.42520 0.82660
0.52084 0.63512
0.41324 0.63512
0.32040 0.82660
0.41614 0.63512
0.31144 0.63512
0.21546 0.82708
0.31144 0.63512
0.20674 0.63512
0.11053 0.82755
0.20674 0.63512
0.10194 0.63512
0.00583 0.82755
0.10194 0.63512
-0.00276 0.63512
-0.09921 0.82802
-0.00276 0.63512
-0.11056 0.63512
-0.20415 0.82849
-0.10756 0.63512
-0.21516 0.63512
-0.30895 0.82849
-0.21226 0.63512
-0.31706 0.63512
-0.41388 0.82896
-0.31706 0.63512
-0.37136 0.63512
-0.47236 0.63512
-0.56928 0.82896
-0.47236 0.63512
-0.57716 0.63512
-0.67432 0.82944
-0.57716 0.63512
-0.68196 0.63512
-0.77912 0.82944
-0.68196 0.63512
-0.78676 0.63512
-0.88415 0.82991
-0.78676 0.63512
-0.89156 0.63512
-0.98885 0.82991
-0.89156 0.63512
-0.99626 0.63512
-1.09365 0.82991
-0.99626 0.63512
-1.10106 0.63512
-1.19845 0.82991
-1.10106 0.63512
-1.20586 0.63512
-1.30325 0.82991
-1.20586 0.63512
-1.31066 0.63512
-1.40805 0.82991
-1.31066 0.63512
-1.41546 0.63512
-1.51285 0.82991
-1.41546 0.63512
-1.52026 0.63512
-1.61765 0.82991
-1.52026 0.63512
-1.62506 0.63512
-1.72245 0.82991
-1.62506 0.63512
-1.72986 0.63512
-1.82725 0.82991
-1.72986 0.63512
-1.83456 0.63512
-1.93182 0.82944
-1.83456 0.63512
-1.93936 0.63512
-2.03652 0.82944
-1.93936 0.63512
-2.04416 0.63512
-2.14108 0.82896
-2.04416 0.63512
-2.14896 0.63512
-2.24588 0.82896
-2.14896 0.63512
-2.25366 0.63512
-2.35045 0.82849
-2.25366 0.63512
-2.35846 0.63512
-2.45515 0.82849
-2.35846 0.63512
-2.46316 0.63512
-2.55971 0.82802
-2.46316 0.63512
-2.56796 0.63512
-2.66417 0.82755
-2.56796 0.63512
-2.67266 0.63512
-2.76887 0.82755
-2.67266 0.63512
-2.77736 0.63512
-2.87344 0.82708
-2.77736 0.63512
-2.88206 0.63512
-2.97790 0.82660
-2.88206 0.63512
-2.98686 0.63512
-3.08260 0.82660
-2.98686 0.63512
-3.09156 0.63512
-3.18706 0.82613
-3.09156 0.63512
-3.19626 0.63512
-3.29153 0.82566
-3.19626 0.63512
-3.30096 0.63512
-3.39623 0.82566
-3.30096 0.63512
-3.40846 0.63512
-3.50069 0.82518
-3.40556 0.63512
-3.51026 0.63512
-3.60505 0.82471
-3.51026 0.63512
-3.61496 0.63512
-3.70975 0.82471
-3.61496 0.63512
-3.71966 0.63512
-3.81422 0.82423
-3.71966 0.63512
-3.82426 0.63512
-3.91882 0.82423
-3.82426 0.63512
-3.92896 0.63512
-4.02352 0.82423
-3.92896 0.63512
-4.03356 0.63512
-4.12788 0.82376
-4.03356 0.63512
-4.13826 0.63512
-4.23258 0.82376
-4.13826 0.63512
-4.24286 0.63512
-4.33718 0.82376
-4.24286 0.63512
-4.35046 0.63512
-4.44188 0.82376
-4.34756 0.63512
-4.45216 0.63512
-4.54648 0.82376
-4.45216 0.63512
-4.55686 0.63512
-4.65118 0.82376
-4.55686 0.63512
-4.66146 0.63512
-4.75578 0.82376
-4.66146 0.63512
-4.76616 0.63512
-4.86048 0.82376
-4.76616 0.63512
-4.87076 0.63512
-4.96532 0.82423
-4.87076 0.63512
-4.97546 0.63512
-5.07002 0.82423
-4.97546 0.63512
-5.08016 0.63512
-5.17462 0.82423
-5.08016 0.63512
-5.18766 0.63512
-5.27955 0.82471
-5.18476 0.63512
-5.28946 0.63512
-5.38425 0.82471
-5.28946 0.63512
-5.39706 0.63512
-5.48919 0.82518
-5.39416 0.63512
-5.49886 0.63512
-5.59379 0.82518
-5.49886 0.63512
-5.60656 0.63512
-5.69873 0.82566
-5.60356 0.63512
-5.71106 0.63512
-5.80366 0.82613
-5.70826 0.63512
-5.81296 0.63512
-5.90860 0.82660
-5.81296 0.63512
-5.92056 0.63512
-6.01330 0.82660
-5.91766 0.63512
-6.02236 0.63512
-6.11834 0.82708
-6.02236 0.63512
-6.12706 0.63512
-6.22327 0.82755
-6.12706 0.63512
-6.23186 0.63512
-6.32797 0.82755
-6.23186 0.63512
-6.33656 0.63512
-6.43301 0.82802
-6.33656 0.63512
-6.44436 0.63512
-6.53795 0.82849
-6.44126 0.63512
-6.54896 0.63512
-6.64275 0.82849
-6.54606 0.63512
-6.65086 0.63512
-6.74768 0.82896
-6.65086 0.63512
-6.66306 0.63512
-6.67586 0.63512
-6.67616 0.63512
-6.82679 0.92518
-6.93190 1.12659
-7.27464 1.76169
-7.31509 1.81578
-7.33498 1.82757
-7.49480 1.82540
-7.68120 1.82540
-7.84412 1.82564
-7.98132 1.82564
-8.12462 1.82564
-8.28472 1.82564
-8.42412 1.82564
-8.52910 1.82540
-8.63160 1.82540
-8.67400 1.82540
-8.71401 1.83882
-8.73757 1.86734
-8.76089 1.90979
-8.76986 1.93712
-8.76400 1.96421
-8.75529 1.97697
-8.70169 1.97697
-8.62779 1.97697
-8.50720 1.97720
-8.39810 1.97720
-8.33750 1.97720
-8.24700 1.97720
-8.18470 1.97720
-8.09780 1.97720
-8.02070 1.97720
-7.93150 1.97720
-7.87220 1.97720
-7.79820 1.97720
-7.73640 1.97720
-7.65539 1.97697
-7.56899 1.97697
-7.50239 1.97697
-7.45229 1.97697
-7.42772 1.99104
-7.43309 2.02438
-7.47555 2.09289
-7.55035 2.20909
-7.61578 2.30497
-7.71714 2.44067
-7.80795 2.54711
-7.85500 2.59621
-7.89896 2.63792
-7.96330 2.65359
-8.03530 2.65379
-8.15710 2.65379
-8.30000 2.65379
-8.44420 2.65379
-8.54580 2.65379
-8.66650 2.65379
-8.78660 2.65379
-8.90360 2.65379
-9.06500 2.65359
-9.24380 2.65359
-9.41010 2.65340
-9.56350 2.65320
-9.71450 2.65301
-9.84651 2.65281
-9.96831 2.65262
-10.15581 2.65242
-10.25651 2.65222
-10.36711 2.65222
-10.46001 2.65203
-10.52934 2.63988
-10.56689 2.62338
-10.58910 2.59700
-10.58685 2.57091
-10.57114 2.55187
-10.55058 2.53617
-10.52670 2.52840
-10.48631 2.52362
-10.44151 2.52342
-10.34161 2.52302
-10.26871 2.52541
-10.19041 2.52401
-10.04961 2.52421
-9.95531 2.52441
-9.84221 2.52441
-9.73511 2.52461
-9.62511 2.52481
-9.52921 2.52481
-9.43051 2.52501
-9.33321 2.52521
-9.23371 2.52521
-9.11801 2.52541
-9.03481 2.52541
-8.95741 2.52541
-8.87391 2.52561
-8.72911 2.52561
-8.60911 2.52561
-8.51481 2.52561
-8.41831 2.52561
-8.30481 2.52561
-8.21851 2.52561
-8.12041 2.52561
-8.04921 2.52561
-7.98202 2.51044
-7.93728 2.47697
-7.92320 2.45239
-7.93368 2.41776
-7.97127 2.40413
-8.01567 2.39435
-8.07814 2.39108
-8.13838 2.39476
-8.20778 2.39476
-8.28578 2.39476
-8.37118 2.39476
-8.43808 2.39476
-8.52198 2.39476
-8.61618 2.39476
-8.71808 2.39476
-8.80488 2.39455
-8.86278 2.39455
-8.89548 2.39455
-8.92975 2.38250
-8.95073 2.36446
-8.94799 2.32757
-8.92640 2.29539
-8.89253 2.27367
-8.85992 2.26444
-8.79962 2.26024
-8.72182 2.26024
-8.65612 2.26024
-8.59762 2.26024
-8.49893 2.26045
-8.44593 2.26045
-8.36843 2.26045
-8.27863 2.26045
-8.21923 2.26045
-8.14593 2.26045
-8.08193 2.26045
-7.99512 2.26024
-7.91762 2.26024
-7.84542 2.26024
-7.77952 2.26024
-7.72852 2.24425
-7.70626 2.23052
-7.68733 2.21186
-7.67226 2.19012
-7.65988 2.16696
-7.66189 2.14259
-7.68997 2.12414
-7.74285 2.11870
-7.81890 2.12240
-7.89942 2.11804
-7.98026 2.12153
-8.05756 2.12153
-8.11076 2.12153
-8.15756 2.12153
-8.22506 2.12153
-8.31676 2.12153
-8.42836 2.12153
-8.52396 2.12153
-8.61606 2.12153
-8.73576 2.12153
-8.84796 2.12131
-8.97026 2.12131
-9.04845 2.12109
-9.19815 2.12109
-9.31084 2.12088
-9.39613 2.12066
-9.54282 2.12044
-9.64532 2.12044
-9.81161 2.12022
-9.94570 2.12000
-10.06959 2.11979
-10.21378 2.11957
-10.29958 2.11935
-10.36168 2.11935
-10.39736 2.13392
-10.41927 2.16653
-10.43658 2.20696
-10.42648 2.22755
-10.38527 2.24994
-10.34468 2.25835
-10.25838 2.25835
-10.13478 2.25856
-10.00569 2.25877
-9.88669 2.25898
-9.80849 2.25898
-9.68430 2.25919
-9.60760 2.25940
-9.47031 2.25961
-9.33271 2.25961
-9.25891 2.25982
-9.19211 2.25982
-9.15311 2.25982
-9.12560 2.26360
-9.10964 2.27388
-9.11427 2.30455
-9.13258 2.33357
-9.16996 2.36631
-9.22871 2.38802
-9.28057 2.39414
-9.37637 2.39414
-9.47937 2.39394
-9.58057 2.39374
-9.70217 2.39374
-9.77467 2.39353
-9.87277 2.39353
-9.96026 2.39333
-10.04066 2.39312
-10.12406 2.39312
-10.22866 2.39292
-10.33166 2.39272
-10.43446 2.39272
-10.53056 2.39251
-10.62246 2.39251
-10.75895 2.39231
-10.90805 2.39210
-11.04425 2.39210
-11.12515 2.39210
-11.23025 2.39190
-11.32995 2.39190
-11.40635 2.39190
-11.49125 2.39190
-11.60095 2.39190
-11.68945 2.39190
-11.77585 2.39190
-11.89495 2.39210
-11.97295 2.39210
-12.01245 2.39210
-12.05867 2.40413
-12.08797 2.42994
-12.10876 2.47013
-12.10712 2.49683
-12.08821 2.51883
-12.04261 2.52441
-11.98101 2.52302
-11.88701 2.52302
-11.81281 2.52302
-11.72061 2.52302
-11.63301 2.52282
-11.52891 2.52282
-11.42811 2.52302
-11.32971 2.52302
-11.21871 2.52302
-11.12631 2.52302
-11.01901 2.52322
-10.91371 2.52322
-10.84950 2.52940
-10.82036 2.54353
-10.81378 2.58436
-10.83900 2.61079
-10.88863 2.62987
-10.93989 2.64458
-11.00411 2.65242
-11.06912 2.65144
-11.22332 2.65124
-11.39352 2.65124
-11.62152 2.65124
-11.77722 2.65124
-11.99312 2.65124
-12.18092 2.65144
-12.36682 2.65144
-12.50232 2.65164
-12.69382 2.65183
-12.82531 2.65203
-12.96651 2.65222
-13.08091 2.65242
-13.18481 2.65242
-13.32271 2.65262
-13.48711 2.65281
-13.58970 2.65301
-13.64742 2.63124
-13.66759 2.59838
-13.64468 2.56635
-13.58948 2.53657
-13.53040 2.53039
-13.46981 2.52461
-13.39131 2.52461
-13.30351 2.52441
-13.19941 2.52441
-13.12851 2.52421
-12.99491 2.52401
-12.90541 2.52401
-12.82841 2.52382
-12.72211 2.52362
-12.61431 2.52362
-12.48211 2.52342
-12.41131 2.52342
-12.34462 2.51424
-12.30878 2.47556
-12.28280 2.43399
-12.29041 2.40902
-12.32930 2.39720
-12.38636 2.39251
-12.48536 2.39251
-12.55806 2.39272
-12.66316 2.39272
-12.75566 2.39292
-12.84326 2.39292
-12.93086 2.39312
-13.02286 2.39333
-13.07166 2.39333
-13.13536 2.39333
-13.25487 2.39353
-13.35627 2.39374
-13.44427 2.39374
-13.52107 2.39394
-13.54717 2.39394
-13.59202 2.37144
-13.58715 2.32530
-13.56137 2.29393
-13.52481 2.27262
-13.46641 2.25961
-13.40030 2.25940
-13.33790 2.25940
-13.24890 2.25919
-13.17880 2.25919
-13.12760 2.25919
-13.04629 2.25898
-12.97029 2.25898
-12.87239 2.25877
-12.75518 2.25856
-12.64368 2.25835
-12.49557 2.25814
-12.40227 2.25814
-12.25737 2.25793
-12.12357 2.25793
-12.00716 2.25772
-11.89586 2.25772
-11.74276 2.25751
-11.63876 2.25751
-11.47156 2.25751
-11.29116 2.25751
-11.17616 2.25751
-10.99536 2.25772
-10.86006 2.25772
-10.72727 2.25793
-10.65757 2.25793
-10.59304 2.22607
-10.57285 2.18990
-10.56295 2.14150
-10.59848 2.11935
-10.65926 2.11892
-10.75366 2.11892
-10.88096 2.11892
-10.97815 2.11870
-11.10085 2.11870
-11.22325 2.11870
-11.33275 2.11870
-11.45885 2.11870
-11.61355 2.11870
-11.71815 2.11870
-11.81995 2.11870
-11.92136 2.11892
-11.95106 2.10013
-11.93671 2.04582
-11.89455 2.00731
-11.84901 1.98402
-11.80343 1.97606
-11.70392 1.97424
-11.60942 1.97424
-11.49012 1.97424
-11.37242 1.97424
-11.28242 1.97424
-11.15082 1.97424
-11.05612 1.97424
-10.97432 1.97424
-10.86302 1.97424
-10.74873 1.97447
-10.65413 1.97447
-10.55523 1.97447
-10.47405 1.97470
-10.38875 1.97470
-10.26536 1.97492
-10.12278 1.97515
-10.04588 1.97515
-9.95319 1.97538
-9.89209 1.97538
-9.76930 1.97561
-9.68202 1.97583
-9.58052 1.97583
-9.50693 1.97606
-9.41654 1.97629
-9.31034 1.97629
-9.20036 1.97652
-9.05447 1.97674
-8.98137 1.97674
-8.93296 1.96032
-8.89201 1.92001
-8.87397 1.89415
-8.86316 1.86592
-8.86275 1.84669
-8.87138 1.83595
-8.89132 1.82564
-8.91650 1.82300
-8.93468 1.82516
-8.98846 1.82492
-9.05456 1.82492
-9.16804 1.82468
-9.25534 1.82468
-9.34062 1.82444
-9.41352 1.82444
-9.49270 1.82420
-9.60270 1.82420
-9.69978 1.82396
-9.77426 1.82372
-9.85946 1.82372
-9.93954 1.82348
-10.01334 1.82348
-10.08912 1.82324
-10.16822 1.82324
-10.22390 1.82300
-10.24879 1.80418
-10.24581 1.76341
-10.22458 1.71316
-10.18942 1.68024
-10.15479 1.66898
-10.10970 1.66359
-10.04942 1.66205
-10.01532 1.66205
-9.91635 1.66230
-9.86145 1.66230
-9.78825 1.66230
-9.72128 1.66256
-9.64518 1.66256
-9.56881 1.66282
-9.49441 1.66282
-9.42344 1.66308
-9.31677 1.66333
-9.21787 1.66333
-9.11420 1.66359
-9.01762 1.66385
-8.89812 1.66385
-8.78305 1.66410
-8.72405 1.66410
-8.59948 1.65896
-8.52638 1.66436
-8.39398 1.66436
-8.27671 1.66462
-8.12121 1.66462
-8.05171 1.66462
-7.90081 1.66462
-7.74231 1.66462
-7.57798 1.66436
-7.44008 1.66436
-7.34595 1.66410
-7.31680 1.64941
-7.28573 1.61787
-7.26395 1.57890
-7.25377 1.54353
-7.25489 1.51637
-7.26061 1.49302
-7.28928 1.48516
-7.37365 1.49050
-7.43525 1.49050
-7.51755 1.49050
-7.57165 1.49050
-7.62735 1.49050
-7.68495 1.49050
-7.73135 1.49050
-7.78135 1.49050
-7.83699 1.49078
-7.89799 1.49078
-7.97109 1.49078
-8.03795 1.49050
-8.09745 1.49050
-8.15085 1.49050
-8.22035 1.49050
-8.27375 1.49050
-8.34435 1.49050
-8.42135 1.49050
-8.49141 1.49022
-8.51171 1.49022
-8.53168 1.46055
-8.53106 1.42952
-8.51209 1.38399
-8.46828 1.32856
-8.43519 1.30778
-8.39945 1.29869
-8.34027 1.29775
-8.28762 1.29743
-8.23563 1.29806
-8.19437 1.29995
-8.14324 1.29649
-8.07831 1.30183
-7.98781 1.29081
-7.92719 1.29838
-7.86929 1.29838
-7.77569 1.29838
-7.68669 1.29838
-7.58879 1.29838
-7.51119 1.29838
-7.45329 1.29838
-7.37889 1.29838
-7.33669 1.29838
-7.26243 1.29806
-7.18413 1.29806
-7.13713 1.29806
-7.10475 1.28290
-7.08833 1.27206
-7.06816 1.24592
-7.03562 1.19384
-7.01835 1.15509
-7.00981 1.12481
-7.01644 1.09889
-7.02973 1.08645
-7.05201 1.07723
-7.09540 1.07760
-7.18190 1.07760
-7.25080 1.07760
-7.31769 1.07797
-7.39339 1.07797
-7.45569 1.07797
-7.50409 1.07797
-7.55779 1.07797
-7.59169 1.07797
-7.63609 1.07797
-7.68499 1.07797
-7.74519 1.07797
-7.78249 1.07797
-7.81679 1.07797
-7.86259 1.07797
-7.92959 1.07797
-7.99159 1.07797
-8.04549 1.07797
-8.09479 1.07797
-8.16190 1.07760
-8.25170 1.07760
-8.31250 1.07760
-8.36650 1.07760
-8.43231 1.07723
-8.52381 1.07723
-8.64783 1.07686
-8.72663 1.07686
-8.83764 1.07649
-8.91674 1.07649
-9.00636 1.07612
-9.10677 1.07575
-9.22767 1.07575
-9.34089 1.07538
-9.45570 1.07501
-9.52270 1.07501
-9.57462 1.07463
-9.61072 1.07463
-9.67852 1.07463
-9.75243 1.07426
-9.80853 1.07426
-9.85453 1.07426
-9.88015 1.07389
-9.90513 1.09086
-9.94160 1.13439
-9.96958 1.19317
-9.98691 1.24103
-9.98264 1.25727
-9.97428 1.28955
-9.94801 1.29523
-9.87431 1.29523
-9.82237 1.29554
-9.72697 1.29554
-9.62203 1.29586
-9.52289 1.29617
-9.44609 1.29617
-9.35674 1.29649
-9.29158 1.30277
-9.18900 1.29680
-9.08046 1.29712
-8.98076 1.29712
-8.88372 1.29743
-8.79662 1.29743
-8.70467 1.29775
-8.65437 1.29775
-8.61317 1.29775
-8.57957 1.29775
-8.57529 1.32918
-8.60327 1.38934
-8.64727 1.45313
-8.67316 1.47672
-8.70349 1.48937
-8.73057 1.48993
-8.83137 1.48993
-8.96583 1.48965
-9.07179 1.48937
-9.20059 1.48937
-9.32125 1.48909
-9.43531 1.48881
-9.57207 1.48853
-9.69013 1.48825
-9.82019 1.48797
-9.93099 1.48797
-10.03695 1.48769
-10.14755 1.48769
-10.20201 1.48741
-10.33011 1.48741
-10.41847 1.48713
-10.53807 1.48713
-10.62682 1.48685
-10.68952 1.48685
-10.77232 1.48685
-10.83352 1.48685
-10.95372 1.48685
-11.05752 1.48685
-11.18442 1.48685
-11.27552 1.48685
-11.35582 1.48685
-11.45522 1.48685
-11.55387 1.48713
-11.60627 1.48713
-11.64027 1.48713
-11.67766 1.50973
-11.71667 1.57435
-11.72941 1.61182
-11.73585 1.64371
-11.70160 1.66179
-11.63554 1.66128
-11.58644 1.66128
-11.52604 1.66128
-11.42351 1.66102
-11.33491 1.66102
-11.22901 1.66102
-11.13521 1.66102
-11.01861 1.66102
-10.95701 1.66102
-10.86261 1.66102
-10.75214 1.66128
-10.66094 1.66128
-10.57454 1.66128
-10.48777 1.66153
-10.42857 1.66153
-10.35227 1.66153
-10.31896 1.67052
-10.32469 1.70838
-10.34980 1.76759
-10.38545 1.80830
-10.43528 1.82276
-10.49448 1.82276
-10.54908 1.82276
-10.60648 1.82276
-10.66466 1.82252
-10.73436 1.82252
-10.80636 1.82252
-10.87296 1.82252
-10.97016 1.82252
-11.05624 1.82228
-11.09854 1.82228
-11.16594 1.82228
-11.23424 1.82228
-11.31724 1.82228
-11.41704 1.82228
-11.50006 1.82252
-11.59706 1.82252
-11.68536 1.82252
-11.80016 1.82252
-11.90628 1.82276
-11.99571 1.81602
-12.09210 1.82300
-12.21600 1.82300
-12.32412 1.82324
-12.48004 1.82348
-12.61056 1.82372
-12.78458 1.82396
-12.87730 1.82420
-12.95030 1.82420
-13.03482 1.82444
-13.13692 1.82444
-13.24394 1.82468
-13.29264 1.82468
-13.32316 1.82492
-13.35859 1.79618
-13.35553 1.77005
-13.34320 1.74041
-13.30654 1.69448
-13.28010 1.67180
-13.25550 1.66359
-13.21288 1.66256
-13.15420 1.66359
-13.07417 1.66333
-13.01597 1.66333
-12.90604 1.66308
-12.81174 1.66308
-12.73351 1.66282
-12.64938 1.66256
-12.54418 1.66256
-12.46515 1.66230
-12.40295 1.66230
-12.30542 1.66205
-12.24172 1.66205
-12.16960 1.66179
-12.09020 1.66179
-11.99567 1.66153
-11.91047 1.66153
-11.86846 1.63851
-11.83307 1.59835
-11.80795 1.55711
-11.80396 1.51692
-11.81686 1.49832
-11.84310 1.48601
-11.92321 1.48741
-12.00995 1.48769
-12.07535 1.48769
-12.18909 1.48797
-12.27899 1.48797
-12.36493 1.48825
-12.45443 1.48825
-12.56997 1.48853
-12.65821 1.48881
-12.73231 1.48881
-12.83875 1.48909
-12.95589 1.48937
-13.03309 1.48937
-13.11583 1.48965
-13.18543 1.48965
-13.20275 1.48769
-13.20999 1.47417
-13.20385 1.44511
-13.17940 1.38160
-13.14634 1.33748
-13.11185 1.30590
-13.07712 1.29743
-13.01702 1.29743
-12.97806 1.29712
-12.92536 1.29712
-12.86526 1.29712
-12.75940 1.29680
-12.69150 1.29680
-12.63484 1.29649
-12.58194 1.29649
-12.52979 1.29617
-12.47259 1.29617
-12.40079 1.29617
-12.31053 1.29586
-12.25273 1.29586
-12.20497 1.29554
-12.10577 1.29554
-11.98681 1.29523
-11.91166 1.29491
-11.78566 1.29491
-11.71390 1.29460
-11.64240 1.29460
-11.55688 1.28575
-11.48020 1.29460
-11.39254 1.29428
-11.26884 1.29428
-11.12224 1.29428
-11.01884 1.29428
-10.89004 1.29428
-10.76804 1.29428
-10.65774 1.29428
-10.52684 1.29428
-10.39770 1.29460
-10.28770 1.29460
-10.22770 1.29460
-10.16716 1.29491
-10.13546 1.29491
-10.07718 1.22757
-10.03623 1.15265
-10.01716 1.09852
-10.02843 1.08167
-10.05395 1.07389
-10.11846 1.07352
-10.20176 1.07352
-10.27887 1.07315
-10.43497 1.07315
-10.51737 1.07315
-10.61657 1.07315
-10.68229 1.07278
-10.76239 1.07278
-10.83419 1.07278
-10.91809 1.07278
-11.00269 1.07278
-11.11687 1.07315
-11.22877 1.07315
-11.31357 1.07315
-11.38687 1.07315
-11.47926 1.07352
-11.59677 1.07054
-11.66925 1.07389
-11.76235 1.07389
-11.88623 1.07426
-12.02442 1.07463
-12.17780 1.07501
-12.26010 1.07501
-12.35509 1.07538
-12.48057 1.07575
-12.59697 1.07575
-12.69766 1.07612
-12.86474 1.07649
-12.96063 1.07686
-13.03383 1.07686
-13.07833 1.07686
-13.10115 1.09670
-13.12851 1.13263
-13.15096 1.17032
-13.23750 1.34359
-13.33883 1.54625
-13.45565 1.78010
-13.53083 1.93066
-13.54117 1.95253
-13.53973 1.96466
-13.53257 1.97674
-13.48266 1.97652
-13.37486 1.97652
-13.25634 1.97629
-13.14313 1.97606
-13.01522 1.97583
-12.92642 1.97583
-12.84270 1.97561
-12.71909 1.97538
-12.59378 1.97515
-12.52318 1.97515
-12.40686 1.97492
-12.29836 1.97492
-12.21195 1.97470
-12.14445 1.97470
-12.10595 1.97470
-12.05880 1.98719
-12.06191 2.01563
-12.08482 2.06225
-12.12707 2.09333
-12.18585 2.11870
-12.26347 2.11913
-12.34418 2.11935
-12.42268 2.11935
-12.51298 2.11957
-12.62218 2.11957
-12.77219 2.11979
-12.89260 2.12000
-13.06941 2.12022
-13.19722 2.12044
-13.29673 2.12066
-13.50614 2.12088
-13.54164 2.12088
-13.61077 2.12175
-13.62560 2.12740
-13.63464 2.13869
-13.64221 2.15382
-13.64932 2.16804
-13.74908 2.36816
-13.84480 2.56041
-13.92084 2.71369
-13.94818 2.76855
-14.00967 2.89434
-14.04410 2.87001
-14.09693 2.84506
-14.13883 2.83006
-14.19464 2.81448
-14.25718 2.80157
-14.34430 2.78980
-14.41339 2.78478
-14.48032 2.78324
-14.57936 2.78652
-14.67211 2.79501
-14.74970 2.80619
-14.87191 2.83122
-14.95444 2.85408
-15.02293 2.87806
-15.07195 2.89989
-15.09180 2.91080
-15.04966 2.90812
-15.05603 2.90066
-15.07012 2.88783
-15.08383 2.87806
-15.11774 2.85907
-15.16425 2.83929
-15.19797 2.82795
-15.24463 2.81505
-15.28992 2.80504
-15.33426 2.79733
-15.39280 2.78999
-15.45929 2.78498
-15.53102 2.78305
-15.57831 2.78382
-15.64255 2.78710
-15.69986 2.79212
-15.76252 2.79983
-15.80579 2.80658
-15.85362 2.81544
-15.91546 2.82891
-15.96848 2.84256
-16.01330 2.85600
-16.06214 2.87288
-16.09615 2.88649
-16.10971 2.89262
-16.12296 2.89913
-16.13334 2.90449
-16.10356 2.90391
-16.10705 2.89989
-16.11012 2.89664
-16.11421 2.89262
-16.11880 2.88860
-16.13425 2.87710
-16.15057 2.86713
-16.16685 2.85850
-16.18452 2.85024
-16.20620 2.84141
-16.22917 2.83295
-16.25504 2.82468
-16.29013 2.81486
-16.32026 2.80793
-16.36182 2.79964
-16.39522 2.79443
-16.43701 2.78922
-16.48559 2.78498
-16.55344 2.78208
-16.59944 2.78189
-16.64622 2.78324
-16.72582 2.78864
-16.78520 2.79520
-16.85620 2.80581
-16.93003 2.82025
-16.98089 2.83218
-17.04969 2.85159
-17.11105 2.87269
-17.14831 2.88802
-17.16859 2.89779
-17.18786 2.90831
-17.14485 2.90851
-17.14970 2.90200
-17.15482 2.89645
-17.16452 2.88745
-17.17998 2.87595
-17.19427 2.86713
-17.21854 2.85428
-17.24498 2.84275
-17.26816 2.83391
-17.34480 2.81139
-17.40664 2.79848
-17.47291 2.78903
-17.53571 2.78362
-17.60716 2.78092
-17.67105 2.78150
-17.73988 2.78517
-17.79260 2.78999
-17.85674 2.79829
-17.94954 2.81448
-18.00609 2.82718
-18.07999 2.84717
-18.15385 2.87231
-18.18369 2.88458
-18.21199 2.89798
-18.23016 2.90812
-18.23726 2.91271
-18.18437 2.91195
-18.19161 2.90143
-18.20562 2.88783
-18.23597 2.86694
-18.28466 2.84371
-18.33724 2.82487
-18.39262 2.81005
-18.45325 2.79790
-18.51761 2.78903
-18.56930 2.78420
-18.64406 2.78111
-18.70015 2.78131
-18.76011 2.78401
-18.84258 2.79115
-18.89296 2.79752
-18.95856 2.80831
-19.02400 2.82160
-19.07376 2.83372
-19.12844 2.84928
-19.19129 2.87058
-19.22608 2.88477
-19.24410 2.89319
-19.25646 2.89932
-19.26910 2.90640
-19.27640 2.91080
-19.23026 2.90812
-19.23561 2.90143
-19.24135 2.89549
-19.24757 2.88994
-19.27904 2.86847
-19.31320 2.85140
-19.38211 2.82602
-19.47064 2.80407
-19.56169 2.79038
-19.63931 2.78401
-19.71354 2.78227
-19.81018 2.78536
-19.90253 2.79385
-20.01530 2.81139
-20.10462 2.83083
-20.19162 2.85524
-20.24770 2.87499
-20.27109 2.88458
-20.28317 2.88994
-20.29287 2.89453
-20.30004 2.90927
-20.30157 2.91233
-20.30261 2.91463
-20.31997 2.95073
-20.32349 2.95818
-21.89949 2.95818
-23.47019 2.95818
-25.04099 2.95818
-26.60649 2.95818
-26.73316 2.95951
-26.86572 2.96085
-26.99819 2.96218
-27.13056 2.96333
-27.26293 2.96485
-27.39539 2.96619
-27.52797 2.96733
-27.66053 2.96867
-27.79291 2.96981
-27.92527 2.97115
-28.05764 2.97248
-28.19011 2.97382
-28.32278 2.97515
-28.45525 2.97629
-28.58771 2.97763
-28.72008 2.97896
-28.85245 2.98030
-28.98482 2.98144
-29.11749 2.98278
-29.24996 2.98392
-29.38233 2.98525
-29.51469 2.98659
-29.64716 2.98792
-29.77973 2.98926
-29.91220 2.99040
-30.04467 2.99173
-30.17704 2.99288
-30.30950 2.99440
-30.44177 2.99554
-30.57444 2.99688
-30.70700 2.99821
-30.83938 2.99935
-30.97174 3.00069
-31.10411 3.00202
-31.23658 3.00335
-31.36915 3.00450
-31.50171 3.00583
-31.63409 3.00697
-31.76645 3.00830
-31.89882 3.00964
-32.03138 3.01097
-32.16395 3.01230
-32.29642 3.01344
-32.42889 3.01478
-32.56116 3.01611
-32.69362 3.01744
-32.82619 3.01878
-32.95866 3.01992
-33.09123 3.02125
-33.22350 3.02239
-33.35586 3.02372
-33.48823 3.02506
-33.62089 3.02639
-33.75337 3.02753
-33.88593 3.02886
-34.01830 3.03020
-34.15056 3.03153
-34.28303 3.03286
-34.41560 3.03400
-34.54817 3.03533
-34.68064 3.03647
-34.81290 3.03781
-34.94527 3.03914
-35.07773 3.04047
-35.21040 3.04180
-35.34287 3.04294
-35.47534 3.04427
-35.60760 3.04561
-35.73997 3.04694
-35.87253 3.04827
-36.00511 3.04941
-36.13767 3.05074
-36.27004 3.05188
-36.40221 3.05321
-36.53467 3.05455
-36.66724 3.05588
-36.79981 3.05702
-36.93237 3.05835
-37.06474 3.05968
-37.19701 3.06101
-37.32947 3.06234
-37.46204 3.06348
-37.59471 3.06481
-37.72708 3.06595
-37.85934 3.06729
-37.99161 3.06862
-38.12417 3.06995
-38.25684 3.07128
-38.38941 3.07242
-38.52177 3.07375
-38.65404 3.07508
-38.78631 3.07641
-38.91878 3.07755
-39.05154 3.07888
-39.18421 3.08021
-39.31648 3.08135
-39.44864 3.08268
-39.58101 3.08401
-39.71357 3.08535
-39.84624 3.08649
-39.97891 3.08782
-40.11107 3.08915
-40.24324 3.09048
-40.37561 3.09162
-40.50827 3.09295
-40.64114 3.09428
-40.77351 3.09542
-40.90567 3.09675
-41.03784 3.09808
-41.17030 3.09941
-41.30307 3.10074
-41.43584 3.10188
-41.56811 3.10321
-41.69937 3.10454
-41.83054 3.10587
-41.96240 3.10720
-42.09497 3.10834
-42.22844 3.10967
-42.36220 3.11100
-42.49547 3.11214
-42.62764 3.11347
-42.75850 3.11480
-42.88907 3.11594
-43.02054 3.11727
-43.15320 3.11860
-43.28707 3.11993
-43.42134 3.12107
-43.55510 3.12240
-43.68697 3.12373
-43.81674 3.12487
-43.94620 3.12620
-44.07667 3.12753
-44.20913 3.12886
-44.34380 3.13019
-44.47957 3.13133
-44.61473 3.13266
-44.74600 3.13399
-44.87387 3.13513
-45.00073 3.13646
-45.12890 3.13779
-45.26056 3.13912
-45.39783 3.14026
-45.54350 3.14159