# sss file
-1.57080 3.14159
-1.54066 3.08133
-1.69688 3.08056
-2.06098 3.07195
-2.28537 3.05874
-2.44365 3.04189
-2.55228 3.02235
-2.64769 2.99379
-2.69457 2.97134
-2.70789 2.96078
-2.69932 2.92444
-2.63849 2.88958
-2.54874 2.85909
-2.44415 2.83511
-2.43080 2.83259
-2.36909 2.82097
-2.29813 2.80527
-2.24783 2.79245
-2.20251 2.77982
-2.14058 2.76016
-2.07857 2.73774
-2.02293 2.71506
-1.96042 2.68624
-1.90676 2.65832
-1.86163 2.63247
-1.84210 2.62040
-1.80869 2.59899
-1.76587 2.56934
-1.74359 2.55297
-1.72538 2.53897
-1.70777 2.52654
-1.65449 2.49838
-1.59610 2.47939
-1.53815 2.47109
-1.48477 2.47413
-1.48267 2.47454
-1.44034 2.48849
-1.40824 2.51267
-1.39239 2.54477
-1.39605 2.58130
-1.40569 2.59919
-1.42281 2.61862
-1.47351 2.65142
-1.54473 2.67465
-1.62555 2.68369
-1.69299 2.67839
-1.69760 2.67760
-1.74078 2.66836
-1.75130 2.66580
-1.76873 2.66147
-1.81894 2.64708
-1.86163 2.63247
-1.90954 2.61268
-1.97556 2.57732
-2.01899 2.54678
-2.04996 2.51991
-2.06969 2.49938
-2.09265 2.47150
-2.10562 2.45284
-2.11055 2.44511
-2.11777 2.42554
-2.11242 2.38823
-2.08851 2.34941
-2.05131 2.31361
-2.01497 2.28973
-2.00939 2.28658
-1.97915 2.26931
-1.97387 2.26614
-1.93216 2.24072
-1.90973 2.22646
-1.87744 2.20487
-1.84310 2.18100
-1.81029 2.15699
-1.77095 2.12669
-1.73515 2.09790
-1.70335 2.07110
-1.68912 2.05885
-1.66393 2.03645
-1.63047 2.00574
-1.62952 2.00484
-1.60510 1.98160
-1.59744 1.97427
-1.57158 1.95195
-1.53285 1.92830
-1.49690 1.91781
-1.46735 1.92131
-1.45108 1.93295
-1.44802 1.93644
-1.43582 1.94964
-1.43450 1.95080
-1.40532 1.97725
-1.38415 1.99369
-1.36511 2.00642
-1.34037 2.02113
-1.32288 2.03015
-1.31030 2.03600
-1.28920 2.04520
-1.26567 2.05393
-1.24285 2.06130
-1.22165 2.06710
-1.22165 2.06710
-1.21938 2.06776
-1.19862 2.07244
-1.19367 2.07355
-1.17201 2.08242
-1.15256 2.10452
-1.14547 2.13674
-1.15190 2.17539
-1.16406 2.20251
-1.17229 2.21579
-1.20593 2.25345
-1.24939 2.28258
-1.29749 2.29938
-1.34243 2.30106
-1.34622 2.30043
-1.37671 2.28721
-1.39471 2.26023
-1.39435 2.22390
-1.37730 2.18359
-1.36291 2.16263
-1.35343 2.15025
-1.33586 2.12713
-1.30805 2.08951
-1.29283 2.06865
-1.27091 2.03802
-1.24708 2.00415
-1.22412 1.97083
-1.19613 1.92947
-1.17017 1.89033
-1.14673 1.85446
-1.13606 1.83791
-1.11697 1.80815
-1.09133 1.76766
-1.08482 1.75725
-1.06577 1.72674
-1.06552 1.72624
-1.03374 1.68227
-0.99773 1.64527
-0.96247 1.62033
-0.93200 1.61080
-0.92090 1.61160
-0.90951 1.61742
-0.89706 1.63952
-0.89601 1.67482
-0.90641 1.71842
-0.92412 1.75924
-0.92752 1.76543
-0.95765 1.81009
-0.99348 1.84656
-1.03100 1.87020
-1.06492 1.87803
-1.07332 1.87685
-1.08610 1.87400
-1.09746 1.87091
-1.10489 1.86877
-1.12703 1.86187
-1.14673 1.85446
-1.17008 1.84416
-1.20537 1.82513
-1.23115 1.80791
-1.25132 1.79203
-1.26518 1.77975
-1.28253 1.76246
-1.28875 1.75551
-1.29727 1.74554
-1.30022 1.74104
-1.30652 1.71083
-1.29862 1.66863
-1.27800 1.61980
-1.24788 1.57035
-1.24056 1.56032
-1.21269 1.52658
-1.17682 1.49364
-1.14491 1.47582
-1.12022 1.47525
-1.10932 1.48404
-1.10528 1.49195
-1.10174 1.52409
-1.10959 1.56737
-1.12808 1.61637
-1.15576 1.66553
-1.15792 1.66863
-1.17733 1.69685
-1.18631 1.70982
-1.20552 1.73704
-1.23828 1.78295
-1.25621 1.80742
-1.28158 1.84176
-1.30266 1.86972
-1.32522 1.89905
-1.34442 1.92364
-1.36272 1.94664
-1.38883 1.97885
-1.41160 2.00620
-1.43636 2.03533
-1.45895 2.06130
-1.47655 2.08109
-1.48944 2.09548
-1.50516 2.11112
-1.54611 2.14002
-1.58894 2.15568
-1.62714 2.15568
-1.65412 2.14024
-1.65421 2.14002
-1.66706 2.12472
-1.67132 2.11924
-1.67642 2.11244
-1.69105 2.09150
-1.70335 2.07110
-1.71700 2.04520
-1.73531 2.00143
-1.74706 1.96532
-1.75484 1.93388
-1.75958 1.91055
-1.76457 1.87874
-1.76676 1.85972
-1.76776 1.84872
-1.76738 1.82996
-1.75604 1.78688
-1.73265 1.74029
-1.70069 1.69558
-1.66764 1.66087
-1.66563 1.65906
-1.64168 1.63716
-1.63526 1.63113
-1.60132 1.59883
-1.58257 1.58034
-1.55542 1.55323
-1.52575 1.52270
-1.49702 1.49223
-1.46155 1.45350
-1.42853 1.41626
-1.39845 1.38150
-1.38475 1.36551
-1.36001 1.33583
-1.32662 1.29483
-1.30308 1.26537
-1.29279 1.25237
-1.27061 1.22602
-1.23540 1.19339
-1.20760 1.18039
-1.19028 1.18896
-1.18502 1.21165
-1.18514 1.21768
-1.19203 1.26245
-1.20994 1.31687
-1.23724 1.37488
-1.27058 1.42857
-1.28018 1.44137
-1.30696 1.47212
-1.34175 1.50011
-1.37063 1.50907
-1.38951 1.49842
-1.39490 1.47979
-1.39563 1.47326
-1.39720 1.45120
-1.39722 1.45004
-1.39760 1.44021
-1.39858 1.41037
-1.39845 1.38150
-1.39718 1.34476
-1.39241 1.28241
-1.38627 1.23034
-1.37936 1.18451
-1.37330 1.14980
-1.36388 1.10176
-1.36273 1.09627
-1.35530 1.06239
-1.35369 1.05558
-1.33845 1.00629
-1.30647 0.93154
-1.26289 0.84797
-1.21289 0.76459
-1.18203 0.71866
-1.16360 0.69321
-1.11861 0.64183
-1.10728 0.63757
-1.09716 0.63512
-1.09122 0.64364
-1.09815 0.69490
-1.10456 0.71812
-1.12077 0.76715
-1.15415 0.85029
-1.19445 0.93409
-1.23714 1.00827
-1.26970 1.05520
-1.27577 1.06315
-1.30220 1.09700
-1.30570 1.10140
-1.32959 1.13137
-1.36987 1.18074
-1.39150 1.20660
-1.42184 1.24189
-1.44671 1.27021
-1.47283 1.29927
-1.49466 1.32311
-1.51533 1.34507
-1.54454 1.37548
-1.56965 1.40090
-1.59665 1.42769
-1.62085 1.45091
-1.62272 1.45264
-1.64648 1.47496
-1.65282 1.48064
-1.67805 1.50011
-1.70753 1.51046
-1.72693 1.50067
-1.73360 1.47240
-1.72975 1.44311
-1.72598 1.42857
-1.70529 1.37458
-1.67454 1.31687
-1.63783 1.26245
-1.60001 1.21802
-1.59553 1.21366
-1.56629 1.18998
-1.54075 1.18211
-1.52612 1.19543
-1.52387 1.22835
-1.52788 1.25335
-1.53082 1.26763
-1.53649 1.29579
-1.54782 1.36065
-1.55389 1.40238
-1.55787 1.43614
-1.56173 1.47667
-1.56346 1.50291
-1.56442 1.52104
-1.56514 1.54968
-1.56520 1.57980
-1.56444 1.60709
-1.56303 1.63087
-1.56303 1.63087
-1.56244 1.63769
-1.56039 1.65957
-1.56031 1.66061
-1.56210 1.69660
-1.57505 1.74129
-1.59855 1.78811
-1.63036 1.83093
-1.64754 1.84848
-1.66040 1.86020
-1.68075 1.87851
-1.70337 1.89834
-1.74246 1.93133
-1.76407 1.94895
-1.79488 1.97335
-1.82071 1.99301
-1.84831 2.01322
-1.87176 2.02993
-1.89453 2.04565
-1.92695 2.06710
-1.95524 2.08508
-1.98613 2.10386
-2.01437 2.12034
-2.02503 2.12625
-2.05246 2.14133
-2.05369 2.14198
-2.09650 2.15720
-2.13459 2.15699
-2.16144 2.14089
-2.17309 2.11178
-2.17312 2.09724
-2.17170 2.08220
-2.16975 2.06331
-2.16838 2.05237
-2.16396 2.01933
-2.15900 1.98799
-2.15187 1.94895
-2.13825 1.88490
-2.12575 1.83310
-2.11415 1.78909
-2.10515 1.75650
-2.09230 1.71261
-2.08812 1.69864
-2.07986 1.67173
-2.07821 1.66682
-2.05654 1.61769
-2.02586 1.56873
-1.99037 1.52575
-1.95466 1.49392
-1.94394 1.48687
-1.92306 1.47752
-1.89923 1.47866
-1.88541 1.49702
-1.88269 1.53017
-1.88835 1.56249
-1.89170 1.57441
-1.91118 1.62376
-1.93942 1.67224
-1.97386 1.71412
-2.01042 1.74404
-2.01669 1.74779
-2.03602 1.75824
-2.04835 1.76469
-2.06991 1.77581
-2.10645 1.79350
-2.12647 1.80254
-2.15453 1.81447
-2.17786 1.82392
-2.20247 1.83334
-2.22318 1.84056
-2.24284 1.84728
-2.27065 1.85590
-2.29429 1.86258
-2.31992 1.86925
-2.34264 1.87448
-2.35788 1.87756
-2.37292 1.88064
-2.38349 1.88159
-2.40946 1.87353
-2.42302 1.84944
-2.42218 1.81277
-2.40725 1.76791
-2.40513 1.76345
-2.38120 1.72120
-2.34772 1.67765
-2.31156 1.64292
-2.27696 1.62112
-2.26092 1.61584
-2.24779 1.61478
-2.22734 1.62508
-2.21721 1.65022
-2.21840 1.68740
-2.23018 1.72976
-2.23073 1.73127
-2.24228 1.76196
-2.24566 1.77112
-2.26897 1.83575
-2.28384 1.87827
-2.29570 1.91360
-2.30978 1.95657
-2.31873 1.98525
-2.32472 2.00484
-2.33415 2.03690
-2.34374 2.07088
-2.35205 2.10209
-2.35909 2.12997
-2.35909 2.12997
-2.36466 2.15373
-2.36732 2.16544
-2.37444 2.18768
-2.39798 2.22796
-2.43422 2.26403
-2.47939 2.29078
-2.52148 2.30336
-2.52760 2.30420
-2.57096 2.30232
-2.60185 2.28511
-2.61578 2.25557
-2.61157 2.21814
-2.60697 2.20594
-2.59118 2.17755
-2.55877 2.13914
-2.51928 2.10716
-2.47754 2.08508
-2.44854 2.07688
-2.44137 2.07555
-2.41583 2.07066
-2.41381 2.07021
-2.37740 2.06219
-2.35723 2.05706
-2.32781 2.04901
-2.29579 2.03937
-2.26463 2.02925
-2.22644 2.01548
-2.19103 2.00166
-2.15900 1.98799
-2.14440 1.98160
-2.11864 1.96968
-2.08392 1.95265
-2.08051 1.95103
-2.05512 1.93783
-2.04951 1.93481
-2.02035 1.92271
-1.98722 1.91944
-1.96198 1.93016
-1.94712 1.95403
-1.94369 1.97519
-1.94341 1.98343
-1.94201 2.00642
-1.94213 2.00665
-1.93674 2.05527
-1.93124 2.08708
-1.92546 2.11332
-1.91661 2.14481
-1.90952 2.16544
-1.90405 2.17949
-1.89425 2.20230
-1.88221 2.22582
-1.86975 2.24730
-1.85717 2.26593
-1.85717 2.26593
-1.85456 2.26952
-1.84150 2.28679
-1.83945 2.28910
-1.82652 2.31424
-1.82532 2.35003
-1.84053 2.38885
-1.87277 2.42615
-1.89805 2.44470
-1.91172 2.45304
-1.94205 2.47109
-1.97315 2.48869
-2.02815 2.51750
-2.05958 2.53276
-2.10569 2.55377
-2.14537 2.57034
-2.18913 2.58727
-2.22739 2.60097
-2.26503 2.61347
-2.32025 2.63010
-2.36966 2.64353
-2.42497 2.65674
-2.47658 2.66777
-2.49146 2.67052
-2.54398 2.67996
-2.54757 2.68055
-2.62352 2.68605
-2.69541 2.67662
-2.74330 2.65339
-2.76080 2.62040
-2.75868 2.60217
-2.74994 2.58329
-2.71669 2.54658
-2.66844 2.51469
-2.61185 2.49051
-2.55758 2.47717
-2.55298 2.47656
-2.49646 2.47352
-2.44671 2.48202
-2.40730 2.50100
-2.38217 2.52935
-2.37749 2.54077
-2.37259 2.55517
-2.36667 2.57074
-2.34311 2.61783
-2.32173 2.64846
-2.29983 2.67367
-2.26715 2.70390
-2.24074 2.72347
-2.22048 2.73676
-2.18261 2.75783
-2.13552 2.77924
-2.08475 2.79789
-2.03281 2.81341
-2.03281 2.81341
-1.98291 2.82582
-1.95662 2.83143
-1.90832 2.84324
-1.83465 2.86990
-1.78615 2.90230
-1.77715 2.93810
-1.82071 2.96923
-1.82071 2.96923
-1.94856 3.00932
-2.13113 3.04247
-2.28537 3.05874
0.00000 3.14159
0.85406 3.06008
0.85623 3.05874
1.01047 3.04247
1.19304 3.00932
1.32089 2.96923
1.32089 2.96923
1.36445 2.93810
1.35545 2.90230
1.30695 2.86990
1.23328 2.84324
1.18498 2.83143
1.15869 2.82582
1.10879 2.81341
1.10879 2.81341
1.05685 2.79789
1.00598 2.77924
0.95899 2.75783
0.92112 2.73676
0.90086 2.72347
0.87445 2.70390
0.84177 2.67367
0.81987 2.64846
0.79849 2.61783
0.77493 2.57074
0.76901 2.55517
0.76411 2.54077
0.75943 2.52935
0.73430 2.50100
0.69489 2.48202
0.64514 2.47352
0.58862 2.47656
0.58402 2.47717
0.52975 2.49051
0.47316 2.51469
0.42491 2.54658
0.39166 2.58329
0.38292 2.60217
0.38080 2.62040
0.39830 2.65339
0.44619 2.67662
0.51808 2.68605
0.59403 2.68055
0.59762 2.67996
0.65014 2.67052
0.66492 2.66777
0.71653 2.65674
0.77194 2.64353
0.82135 2.63010
0.87657 2.61347
0.91421 2.60097
0.95247 2.58727
0.99623 2.57034
1.03591 2.55377
1.08202 2.53276
1.11345 2.51750
1.16845 2.48869
1.19955 2.47109
1.22988 2.45304
1.24355 2.44470
1.26883 2.42615
1.30107 2.38885
1.31628 2.35003
1.31508 2.31424
1.30215 2.28910
1.30010 2.28679
1.28704 2.26952
1.28443 2.26593
1.28443 2.26593
1.27185 2.24730
1.25939 2.22582
1.24735 2.20230
1.23745 2.17949
1.23208 2.16544
1.22499 2.14481
1.21614 2.11332
1.21036 2.08708
1.20486 2.05527
1.19947 2.00665
1.19959 2.00642
1.19819 1.98343
1.19781 1.97519
1.19448 1.95403
1.17962 1.93016
1.15438 1.91944
1.12125 1.92271
1.09209 1.93481
1.08648 1.93783
1.06099 1.95103
1.05768 1.95265
1.02296 1.96968
0.99720 1.98160
0.98260 1.98799
0.95057 2.00166
0.91516 2.01548
0.87697 2.02925
0.84581 2.03937
0.81379 2.04901
0.78437 2.05706
0.76420 2.06219
0.72779 2.07021
0.72567 2.07066
0.70013 2.07555
0.69306 2.07688
0.66406 2.08508
0.62232 2.10716
0.58283 2.13914
0.55042 2.17755
0.53463 2.20594
0.53003 2.21814
0.52582 2.25557
0.53975 2.28511
0.57064 2.30232
0.61400 2.30420
0.62012 2.30336
0.66221 2.29078
0.70738 2.26403
0.74362 2.22796
0.76716 2.18768
0.77428 2.16544
0.77694 2.15373
0.78251 2.12997
0.78251 2.12997
0.78955 2.10209
0.79786 2.07088
0.80745 2.03690
0.81688 2.00484
0.82287 1.98525
0.83182 1.95657
0.84580 1.91360
0.85776 1.87827
0.87263 1.83575
0.89594 1.77112
0.89932 1.76196
0.91087 1.73127
0.91142 1.72976
0.92320 1.68740
0.92439 1.65022
0.91426 1.62508
0.89371 1.61478
0.88068 1.61584
0.86464 1.62112
0.83004 1.64292
0.79388 1.67765
0.76040 1.72120
0.73647 1.76345
0.73435 1.76791
0.71942 1.81277
0.71858 1.84944
0.73214 1.87353
0.75811 1.88159
0.76868 1.88064
0.78372 1.87756
0.79886 1.87448
0.82168 1.86925
0.84731 1.86258
0.87095 1.85590
0.89866 1.84728
0.91842 1.84056
0.93903 1.83334
0.96374 1.82392
0.98707 1.81447
1.01513 1.80254
1.03515 1.79350
1.07169 1.77581
1.09325 1.76469
1.10558 1.75824
1.12491 1.74779
1.13118 1.74404
1.16774 1.71412
1.20218 1.67224
1.23042 1.62376
1.24990 1.57441
1.25325 1.56249
1.25881 1.53017
1.25619 1.49702
1.24237 1.47866
1.21854 1.47752
1.19766 1.48687
1.18694 1.49392
1.15123 1.52575
1.11574 1.56873
1.08506 1.61769
1.06339 1.66682
1.06174 1.67173
1.05348 1.69864
1.04930 1.71261
1.03645 1.75650
1.02745 1.78909
1.01585 1.83310
1.00335 1.88490
0.98973 1.94895
0.98260 1.98799
0.97764 2.01933
0.97322 2.05237
0.97185 2.06331
0.96990 2.08220
0.96848 2.09724
0.96851 2.11178
0.98016 2.14089
1.00701 2.15699
1.04510 2.15720
1.08791 2.14198
1.08914 2.14133
1.11657 2.12625
1.12723 2.12034
1.15547 2.10386
1.18636 2.08508
1.21465 2.06710
1.24707 2.04565
1.26984 2.02993
1.29329 2.01322
1.32089 1.99301
1.34672 1.97335
1.37753 1.94895
1.39914 1.93133
1.43823 1.89834
1.46085 1.87851
1.48120 1.86020
1.49406 1.84848
1.51124 1.83093
1.54305 1.78811
1.56655 1.74129
1.57950 1.69660
1.58129 1.66061
1.58121 1.65957
1.57916 1.63769
1.57857 1.63087
1.57857 1.63087
1.57716 1.60709
1.57640 1.57980
1.57646 1.54968
1.57718 1.52104
1.57814 1.50291
1.57987 1.47667
1.58373 1.43614
1.58771 1.40238
1.59378 1.36065
1.60511 1.29579
1.61068 1.26763
1.61372 1.25335
1.61773 1.22835
1.61548 1.19543
1.60085 1.18211
1.57531 1.18998
1.54607 1.21366
1.54159 1.21802
1.50377 1.26245
1.46706 1.31687
1.43621 1.37458
1.41562 1.42857
1.41185 1.44311
1.40800 1.47240
1.41467 1.50067
1.43407 1.51046
1.46355 1.50011
1.48878 1.48064
1.49512 1.47496
1.51888 1.45264
1.52075 1.45091
1.54495 1.42769
1.57195 1.40090
1.59706 1.37548
1.62627 1.34507
1.64684 1.32311
1.66877 1.29927
1.69489 1.27021
1.71976 1.24189
1.75010 1.20660
1.77173 1.18074
1.81201 1.13137
1.83590 1.10140
1.83940 1.09700
1.86583 1.06315
1.87190 1.05520
1.90446 1.00827
1.94715 0.93409
1.98745 0.85029
2.02083 0.76715
2.03704 0.71812
2.04345 0.69490
2.05038 0.64364
2.04444 0.63512
2.03432 0.63757
2.02299 0.64183
1.97800 0.69321
1.95957 0.71866
1.92871 0.76459
1.87871 0.84797
1.83513 0.93154
1.80315 1.00629
1.78791 1.05558
1.78630 1.06239
1.77887 1.09627
1.77772 1.10176
1.76830 1.14980
1.76224 1.18451
1.75533 1.23034
1.74919 1.28241
1.74442 1.34476
1.74315 1.38150
1.74302 1.41037
1.74400 1.44021
1.74438 1.45004
1.74440 1.45120
1.74597 1.47326
1.74670 1.47979
1.75209 1.49842
1.77097 1.50907
1.79985 1.50011
1.83464 1.47212
1.86142 1.44137
1.87102 1.42857
1.90436 1.37488
1.93166 1.31687
1.94947 1.26245
1.95646 1.21768
1.95658 1.21165
1.95132 1.18896
1.93400 1.18039
1.90620 1.19339
1.87099 1.22602
1.84881 1.25237
1.83852 1.26537
1.81498 1.29483
1.78149 1.33583
1.75685 1.36551
1.74315 1.38150
1.71307 1.41626
1.68005 1.45350
1.64458 1.49223
1.61585 1.52270
1.58618 1.55323
1.55903 1.58034
1.54028 1.59883
1.50634 1.63113
1.49982 1.63716
1.47597 1.65906
1.47396 1.66087
1.44091 1.69558
1.40895 1.74029
1.38556 1.78688
1.37412 1.82996
1.37384 1.84872
1.37484 1.85972
1.37703 1.87874
1.38202 1.91055
1.38676 1.93388
1.39454 1.96532
1.40629 2.00143
1.42460 2.04520
1.43825 2.07110
1.45055 2.09150
1.46518 2.11244
1.47028 2.11924
1.47454 2.12472
1.48739 2.14002
1.48738 2.14024
1.51446 2.15568
1.55266 2.15568
1.59549 2.14002
1.63644 2.11112
1.65216 2.09548
1.66505 2.08109
1.68265 2.06130
1.70524 2.03533
1.73000 2.00620
1.75277 1.97885
1.77888 1.94664
1.79718 1.92364
1.81638 1.89905
1.83884 1.86972
1.86002 1.84176
1.88539 1.80742
1.90332 1.78295
1.93608 1.73704
1.95529 1.70982
1.96427 1.69685
1.98368 1.66863
1.98584 1.66553
2.01352 1.61637
2.03201 1.56737
2.03986 1.52409
2.03632 1.49195
2.03228 1.48404
2.02138 1.47525
1.99669 1.47582
1.96478 1.49364
1.92891 1.52658
1.90104 1.56032
1.89372 1.57035
1.86360 1.61980
1.84298 1.66863
1.83508 1.71083
1.84128 1.74104
1.84433 1.74554
1.85285 1.75551
1.85907 1.76246
1.87642 1.77975
1.89028 1.79203
1.91045 1.80791
1.93623 1.82513
1.97152 1.84416
1.99487 1.85446
2.01457 1.86187
2.03671 1.86877
2.04414 1.87091
2.05550 1.87400
2.06818 1.87685
2.07668 1.87803
2.11060 1.87020
2.14812 1.84656
2.18395 1.81009
2.21408 1.76543
2.21748 1.75924
2.23519 1.71842
2.24559 1.67482
2.24454 1.63952
2.23209 1.61742
2.22070 1.61160
2.20960 1.61080
2.17913 1.62033
2.14387 1.64527
2.10786 1.68227
2.07608 1.72624
2.07583 1.72674
2.05678 1.75725
2.05027 1.76766
2.02463 1.80815
2.00554 1.83791
1.99487 1.85446
1.97143 1.89033
1.94547 1.92947
1.91748 1.97083
1.89452 2.00415
1.87069 2.03802
1.84877 2.06865
1.83355 2.08951
1.80574 2.12713
1.78817 2.15025
1.77869 2.16263
1.76430 2.18359
1.74725 2.22390
1.74689 2.26023
1.76489 2.28721
1.79538 2.30043
1.79907 2.30106
1.84411 2.29938
1.89221 2.28258
1.93567 2.25345
1.96931 2.21579
1.97754 2.20251
1.98970 2.17539
1.99613 2.13674
1.98904 2.10452
1.96959 2.08242
1.94793 2.07355
1.94298 2.07244
1.92222 2.06776
1.91985 2.06710
1.91985 2.06710
1.89875 2.06130
1.87593 2.05393
1.85240 2.04520
1.83120 2.03600
1.81872 2.03015
1.80123 2.02113
1.77649 2.00642
1.75745 1.99369
1.73628 1.97725
1.70710 1.95080
1.70578 1.94964
1.69348 1.93644
1.69052 1.93295
1.67425 1.92131
1.64470 1.91781
1.60875 1.92830
1.57002 1.95195
1.54416 1.97427
1.53650 1.98160
1.51208 2.00484
1.51113 2.00574
1.47767 2.03645
1.45248 2.05885
1.43825 2.07110
1.40645 2.09790
1.37065 2.12669
1.33131 2.15699
1.29850 2.18100
1.26416 2.20487
1.23187 2.22646
1.20944 2.24072
1.16773 2.26614
1.16245 2.26931
1.13221 2.28658
1.12663 2.28973
1.09029 2.31361
1.05309 2.34941
1.02918 2.38823
1.02383 2.42554
1.03105 2.44511
1.03598 2.45284
1.04895 2.47150
1.07191 2.49938
1.09164 2.51991
1.12261 2.54678
1.16604 2.57732
1.23206 2.61268
1.27987 2.63247
1.32266 2.64708
1.37287 2.66147
1.39030 2.66580
1.40082 2.66836
1.44390 2.67760
1.44861 2.67839
1.51605 2.68369
1.59687 2.67465
1.66809 2.65142
1.71879 2.61862
1.73591 2.59919
1.74555 2.58130
1.74921 2.54477
1.73336 2.51267
1.70126 2.48849
1.65893 2.47454
1.65673 2.47413
1.60345 2.47109
1.54540 2.47939
1.48711 2.49838
1.43383 2.52654
1.41622 2.53897
1.39801 2.55297
1.37573 2.56934
1.33291 2.59899
1.29950 2.62040
1.27987 2.63247
1.23484 2.65832
1.18118 2.68624
1.11867 2.71506
1.06303 2.73774
1.00102 2.76016
0.93909 2.77982
0.89377 2.79245
0.84347 2.80527
0.77251 2.82097
0.71080 2.83259
0.69745 2.83511
0.59286 2.85909
0.50311 2.88958
0.44228 2.92444
0.43371 2.96078
0.44703 2.97134
0.49391 2.99379
0.58932 3.02235
0.69795 3.04189
0.85623 3.05874
1.08062 3.07195
1.44472 3.08056
1.60094 3.08133
1.75792 3.08056
2.13062 3.07195
2.36823 3.05874
2.54335 3.04189
2.67152 3.02235
2.79551 2.99379
2.86483 2.97134
2.88861 2.96078
2.91648 2.92444
2.89041 2.88958
2.83126 2.85909
2.75065 2.83511
2.73980 2.83259
2.68971 2.82097
2.63447 2.80527
2.59697 2.79245
2.56429 2.77982
2.52202 2.76016
2.48243 2.73774
2.44947 2.71506
2.41568 2.68624
2.39004 2.65832
2.37077 2.63247
2.36320 2.62040
2.35131 2.59899
2.33813 2.56934
2.33221 2.55297
2.32802 2.53897
2.32283 2.52654
2.29761 2.49838
2.25830 2.47939
2.20865 2.47109
2.15223 2.47413
2.14963 2.47454
2.09346 2.48849
2.03716 2.51267
1.98921 2.54477
1.95635 2.58130
1.94811 2.59919
1.94579 2.61862
1.96369 2.65142
2.01167 2.67465
2.08345 2.68369
2.15621 2.67839
2.16160 2.67760
2.21402 2.66836
2.22710 2.66580
2.24887 2.66147
2.31346 2.64708
2.37077 2.63247
2.43846 2.61268
2.53984 2.57732
2.61381 2.54678
2.67164 2.51991
2.71191 2.49938
2.76275 2.47150
2.79438 2.45284
2.80705 2.44511
2.83383 2.42554
2.86578 2.38823
2.88069 2.34941
2.87929 2.31361
2.86683 2.28973
2.86441 2.28658
2.85145 2.26931
2.84933 2.26614
2.83304 2.24072
2.82487 2.22646
2.81416 2.20487
2.80370 2.18100
2.79491 2.15699
2.78585 2.12669
2.77885 2.09790
2.77385 2.07110
2.77188 2.05885
2.76907 2.03645
2.76633 2.00574
2.76618 2.00484
2.76510 1.98160
2.76476 1.97427
2.76122 1.95195
2.74605 1.92830
2.72070 1.91781
2.68765 1.92131
2.65972 1.93295
2.65318 1.93644
2.62778 1.94964
2.62530 1.95080
2.56968 1.97725
2.53195 1.99369
2.50019 2.00642
2.46083 2.02113
2.43432 2.03015
2.41590 2.03600
2.38560 2.04520
2.35333 2.05393
2.32315 2.06130
2.29615 2.06710
2.29615 2.06710
2.29322 2.06776
2.26778 2.07244
2.26173 2.07355
2.23119 2.08242
2.18964 2.10452
2.15023 2.13674
2.11810 2.17539
2.10314 2.20251
2.09811 2.21579
2.09407 2.25345
2.10841 2.28258
2.13971 2.29938
2.18297 2.30106
2.18738 2.30043
2.23109 2.28721
2.27599 2.26023
2.31195 2.22390
2.33520 2.18359
2.34189 2.16263
2.34467 2.15025
2.35034 2.12713
2.36005 2.08951
2.36577 2.06865
2.37449 2.03802
2.38452 2.00415
2.39488 1.97083
2.40827 1.92947
2.42143 1.89033
2.43387 1.85446
2.43974 1.83791
2.45043 1.80815
2.46527 1.76766
2.46918 1.75725
2.48063 1.72674
2.48088 1.72624
2.49296 1.68227
2.49407 1.64527
2.48373 1.62033
2.46280 1.61080
2.45090 1.61160
2.43369 1.61742
2.39904 1.63952
2.36279 1.67482
2.32959 1.71842
2.30648 1.75924
2.30368 1.76543
2.28915 1.81009
2.28852 1.84656
2.30240 1.87020
2.32848 1.87803
2.33808 1.87685
2.35360 1.87400
2.36814 1.87091
2.37771 1.86877
2.40677 1.86187
2.43387 1.85446
2.46752 1.84416
2.52183 1.82513
2.56485 1.80791
2.60088 1.79203
2.62702 1.77975
2.66167 1.76246
2.67485 1.75551
2.69333 1.74554
2.70078 1.74104
2.73728 1.71083
2.77158 1.66863
2.79980 1.61980
2.81912 1.57035
2.82184 1.56032
2.82771 1.52658
2.82478 1.49364
2.81069 1.47582
2.78658 1.47525
2.76688 1.48404
2.75492 1.49195
2.71926 1.52409
2.68371 1.56737
2.65332 1.61637
2.63184 1.66553
2.63088 1.66863
2.62207 1.69685
2.61809 1.70982
2.61008 1.73704
2.59692 1.78295
2.59029 1.80742
2.58142 1.84176
2.57454 1.86972
2.56778 1.89905
2.56238 1.92364
2.55768 1.94664
2.55157 1.97885
2.54690 2.00620
2.54254 2.03533
2.53925 2.06130
2.53705 2.08109
2.53556 2.09548
2.53564 2.11112
2.54769 2.14002
2.57486 2.15568
2.61306 2.15568
2.65548 2.14024
2.65579 2.14002
2.68394 2.12472
2.69368 2.11924
2.70558 2.11244
2.74115 2.09150
2.77385 2.07110
2.81340 2.04520
2.87549 2.00143
2.92334 1.96532
2.96256 1.93388
2.99062 1.91055
3.02743 1.87874
3.04864 1.85972
3.06064 1.84872
3.07902 1.82996
3.11076 1.78688
3.13395 1.74029
3.14661 1.69558
3.14836 1.66087
3.14817 1.65906
3.14612 1.63716
3.14574 1.63113
3.14408 1.59883
3.14373 1.58034
3.14378 1.55323
3.14465 1.52270
3.14638 1.49223
3.14965 1.45350
3.15387 1.41626
3.15855 1.38150
3.16085 1.36551
3.16579 1.33583
3.17338 1.29483
3.17932 1.26537
3.18201 1.25237
3.18619 1.22602
3.18360 1.19339
3.16880 1.18039
3.14292 1.18896
3.11498 1.21165
3.10896 1.21768
3.07117 1.26245
3.03466 1.31687
3.00396 1.37488
2.98362 1.42857
2.98032 1.44137
2.97644 1.47212
2.98325 1.50011
3.00317 1.50907
3.03269 1.49842
3.05670 1.47979
3.06397 1.47326
3.08760 1.45120
3.08878 1.45004
3.09900 1.44021
3.12982 1.41037
3.15855 1.38150
3.19402 1.34476
3.25159 1.28241
3.29753 1.23034
3.33644 1.18451
3.36510 1.14980
3.40372 1.10176
3.40807 1.09627
3.43450 1.06239
3.43961 1.05558
3.47375 1.00629
3.51653 0.93154
3.55651 0.84797
3.58991 0.76459
3.60497 0.71866
3.61200 0.69321
3.61839 0.64183
3.61132 0.63757
3.60364 0.63512
3.58918 0.64364
3.54485 0.69490
3.52804 0.71812
3.49523 0.76715
3.44545 0.85029
3.40195 0.93409
3.37046 1.00827
3.35610 1.05520
3.35423 1.06315
3.34680 1.09700
3.34590 1.10140
3.33981 1.13137
3.33073 1.18074
3.32650 1.20660
3.32156 1.24189
3.31799 1.27021
3.31517 1.29927
3.31314 1.32311
3.31187 1.34507
3.31066 1.37548
3.31035 1.40090
3.31055 1.42769
3.31155 1.45091
3.31168 1.45264
3.31312 1.47496
3.31378 1.48064
3.31955 1.50011
3.33867 1.51046
3.36787 1.50067
3.40280 1.47240
3.42825 1.44311
3.43902 1.42857
3.47231 1.37458
3.49926 1.31687
3.51697 1.26245
3.52359 1.21802
3.52347 1.21366
3.51791 1.18998
3.50025 1.18211
3.47228 1.19543
3.43703 1.22835
3.41612 1.25335
3.40478 1.26763
3.38231 1.29579
3.32878 1.36065
3.29311 1.40238
3.26333 1.43614
3.22667 1.47667
3.20204 1.50291
3.18498 1.52104
3.15706 1.54968
3.12700 1.57980
3.09896 1.60709
3.07377 1.63087
3.07377 1.63087
3.06636 1.63769
3.04241 1.65957
3.04129 1.66061
3.00710 1.69660
2.97535 1.74129
2.95205 1.78811
2.94104 1.83093
2.94066 1.84848
2.94180 1.86020
2.94385 1.87851
2.94663 1.89834
2.95274 1.93133
2.95663 1.94895
2.96312 1.97335
2.96929 1.99301
2.97659 2.01322
2.98344 2.02993
2.99047 2.04565
3.00145 2.06710
3.01176 2.08508
3.02387 2.10386
3.03563 2.12034
3.04037 2.12625
3.05274 2.14133
3.05331 2.14198
3.08090 2.15720
3.11921 2.15699
3.16216 2.14089
3.20291 2.11178
3.21748 2.09724
3.23110 2.08220
3.24805 2.06331
3.25762 2.05237
3.28624 2.01933
3.31250 1.98799
3.34453 1.94895
3.39495 1.88490
3.43425 1.83310
3.46665 1.78909
3.49025 1.75650
3.52130 1.71261
3.53108 1.69864
3.54964 1.67173
3.55299 1.66682
3.58046 1.61769
3.59874 1.56873
3.60623 1.52575
3.60234 1.49392
3.59856 1.48687
3.58714 1.47752
3.56217 1.47866
3.52999 1.49702
3.49411 1.53017
3.46745 1.56249
3.45890 1.57441
3.42902 1.62376
3.40878 1.67224
3.40134 1.71412
3.40798 1.74404
3.41041 1.74779
3.41928 1.75824
3.42525 1.76469
3.43559 1.77581
3.45455 1.79350
3.46553 1.80254
3.48167 1.81447
3.49554 1.82392
3.51073 1.83334
3.52422 1.84056
3.53716 1.84728
3.55625 1.85590
3.57331 1.86258
3.59228 1.86925
3.60976 1.87448
3.62192 1.87756
3.63388 1.88064
3.64351 1.88159
3.67754 1.87353
3.71518 1.84944
3.75092 1.81277
3.78085 1.76791
3.78327 1.76345
3.80160 1.72120
3.81168 1.67765
3.81024 1.64292
3.79744 1.62112
3.78668 1.61584
3.77461 1.61478
3.74386 1.62508
3.70859 1.65022
3.67260 1.68740
3.64202 1.72976
3.64107 1.73127
3.62192 1.76196
3.61614 1.77112
3.57483 1.83575
3.54716 1.87827
3.52370 1.91360
3.49482 1.95657
3.47507 1.98525
3.46148 2.00484
3.43885 2.03690
3.41446 2.07088
3.39155 2.10209
3.37071 2.12997
3.37071 2.12997
3.35254 2.15373
3.34348 2.16544
3.32826 2.18768
3.31162 2.22796
3.31178 2.26403
3.33021 2.29078
3.35972 2.30336
3.36490 2.30420
3.41014 2.30232
3.45835 2.28511
3.50182 2.25557
3.53503 2.21814
3.54263 2.20594
3.55522 2.17755
3.56123 2.13914
3.55372 2.10716
3.53406 2.08508
3.51316 2.07688
3.50743 2.07555
3.48677 2.07066
3.48519 2.07021
3.45680 2.06219
3.44177 2.05706
3.42039 2.04901
3.39791 2.03937
3.37697 2.02925
3.35256 2.01548
3.33097 2.00166
3.31250 1.98799
3.30440 1.98160
3.29056 1.96968
3.27288 1.95265
3.27109 1.95103
3.25888 1.93783
3.25629 1.93481
3.23915 1.92271
3.20938 1.91944
3.17342 1.93016
3.13468 1.95403
3.11011 1.97519
3.10159 1.98343
3.07719 2.00642
3.07707 2.00665
3.02306 2.05527
2.98576 2.08708
2.95374 2.11332
2.91339 2.14481
2.88568 2.16544
2.86615 2.17949
2.83355 2.20230
2.79799 2.22582
2.76405 2.24730
2.73283 2.26593
2.73283 2.26593
2.72654 2.26952
2.69630 2.28679
2.69195 2.28910
2.65388 2.31424
2.61688 2.35003
2.59327 2.38885
2.58823 2.42615
2.59495 2.44470
2.60028 2.45304
2.61255 2.47109
2.62595 2.48869
2.65225 2.51750
2.66842 2.53276
2.69351 2.55377
2.71663 2.57034
2.74347 2.58727
2.76801 2.60097
2.79317 2.61347
2.83165 2.63010
2.86774 2.64353
2.90983 2.65674
2.95042 2.66777
2.96254 2.67052
3.00562 2.67996
3.00863 2.68055
3.07908 2.68605
3.16039 2.67662
3.23150 2.65339
3.28200 2.62040
3.29812 2.60217
3.30826 2.58329
3.31171 2.54658
3.29536 2.51469
3.26295 2.49051
3.22202 2.47717
3.21802 2.47656
3.16454 2.47352
3.10629 2.48202
3.04790 2.50100
2.99443 2.52935
2.97831 2.54077
2.95901 2.55517
2.93753 2.57074
2.86689 2.61783
2.81487 2.64846
2.76777 2.67367
2.70485 2.70390
2.65886 2.72347
2.62522 2.73676
2.56639 2.75783
2.49788 2.77924
2.42845 2.79789
2.36099 2.81341
2.36099 2.81341
2.29869 2.82582
2.26678 2.83143
2.20668 2.84324
2.10635 2.86990
2.02545 2.90230
1.98065 2.93810
1.99309 2.96923
1.99309 2.96923
2.08084 3.00932
2.23027 3.04247
2.36823 3.05874
0.00000 3.14159
-0.77663 3.06525
-0.77589 3.06219
-0.77583 3.06047
-0.77337 3.05874
-0.59825 3.04189
-0.47008 3.02235
-0.34609 2.99379
-0.27677 2.97134
-0.25289 2.96078
-0.22512 2.92444
-0.25109 2.88958
-0.31034 2.85909
-0.39095 2.83511
-0.40180 2.83259
-0.45189 2.82097
-0.50713 2.80527
-0.54463 2.79245
-0.57731 2.77982
-0.61958 2.76016
-0.65917 2.73774
-0.69213 2.71506
-0.72582 2.68624
-0.75156 2.65832
-0.77083 2.63247
-0.77830 2.62040
-0.79029 2.59899
-0.80347 2.56934
-0.80939 2.55297
-0.81358 2.53897
-0.81877 2.52654
-0.84389 2.49838
-0.88330 2.47939
-0.93295 2.47109
-0.98937 2.47413
-0.99187 2.47454
-1.04814 2.48849
-1.10444 2.51267
-1.15239 2.54477
-1.18525 2.58130
-1.19349 2.59919
-1.19581 2.61862
-1.17791 2.65142
-1.12993 2.67465
-1.05815 2.68369
-0.98539 2.67839
-0.98000 2.67760
-0.92758 2.66836
-0.91450 2.66580
-0.89273 2.66147
-0.82814 2.64708
-0.77083 2.63247
-0.70314 2.61268
-0.60176 2.57732
-0.52779 2.54678
-0.46996 2.51991
-0.42969 2.49938
-0.37885 2.47150
-0.34722 2.45284
-0.33455 2.44511
-0.30777 2.42554
-0.27582 2.38823
-0.26091 2.34941
-0.26231 2.31361
-0.27477 2.28973
-0.27719 2.28658
-0.29015 2.26931
-0.29227 2.26614
-0.30856 2.24072
-0.31673 2.22646
-0.32744 2.20487
-0.33790 2.18100
-0.34669 2.15699
-0.35575 2.12669
-0.36275 2.09790
-0.36775 2.07110
-0.36972 2.05885
-0.37253 2.03645
-0.37527 2.00574
-0.37532 2.00484
-0.37650 1.98160
-0.37684 1.97427
-0.38038 1.95195
-0.39545 1.92830
-0.42090 1.91781
-0.45395 1.92131
-0.48188 1.93295
-0.48842 1.93644
-0.51382 1.94964
-0.51630 1.95080
-0.57192 1.97725
-0.60955 1.99369
-0.64131 2.00642
-0.68077 2.02113
-0.70728 2.03015
-0.72570 2.03600
-0.75600 2.04520
-0.78827 2.05393
-0.81845 2.06130
-0.84545 2.06710
-0.84545 2.06710
-0.84838 2.06776
-0.87382 2.07244
-0.87987 2.07355
-0.91041 2.08242
-0.95196 2.10452
-0.99127 2.13674
-1.02350 2.17539
-1.03846 2.20251
-1.04349 2.21579
-1.04753 2.25345
-1.03319 2.28258
-1.00189 2.29938
-0.95863 2.30106
-0.95422 2.30043
-0.91051 2.28721
-0.86551 2.26023
-0.82955 2.22390
-0.80630 2.18359
-0.79971 2.16263
-0.79683 2.15025
-0.79126 2.12713
-0.78145 2.08951
-0.77583 2.06865
-0.76711 2.03802
-0.75708 2.00415
-0.74672 1.97083
-0.73333 1.92947
-0.72017 1.89033
-0.70773 1.85446
-0.70186 1.83791
-0.69117 1.80815
-0.67633 1.76766
-0.67242 1.75725
-0.66097 1.72674
-0.66072 1.72624
-0.64854 1.68227
-0.64753 1.64527
-0.65787 1.62033
-0.67880 1.61080
-0.69070 1.61160
-0.70791 1.61742
-0.74246 1.63952
-0.77881 1.67482
-0.81201 1.71842
-0.83512 1.75924
-0.83792 1.76543
-0.85245 1.81009
-0.85308 1.84656
-0.83920 1.87020
-0.81312 1.87803
-0.80352 1.87685
-0.78790 1.87400
-0.77346 1.87091
-0.76389 1.86877
-0.73483 1.86187
-0.70773 1.85446
-0.67408 1.84416
-0.61977 1.82513
-0.57675 1.80791
-0.54072 1.79203
-0.51458 1.77975
-0.47993 1.76246
-0.46675 1.75551
-0.44827 1.74554
-0.44082 1.74104
-0.40432 1.71083
-0.37002 1.66863
-0.34180 1.61980
-0.32248 1.57035
-0.31976 1.56032
-0.31389 1.52658
-0.31682 1.49364
-0.33091 1.47582
-0.35502 1.47525
-0.37472 1.48404
-0.38668 1.49195
-0.42234 1.52409
-0.45779 1.56737
-0.48828 1.61637
-0.50976 1.66553
-0.51072 1.66863
-0.51953 1.69685
-0.52351 1.70982
-0.53152 1.73704
-0.54468 1.78295
-0.55121 1.80742
-0.56018 1.84176
-0.56706 1.86972
-0.57382 1.89905
-0.57922 1.92364
-0.58392 1.94664
-0.59003 1.97885
-0.59460 2.00620
-0.59896 2.03533
-0.60235 2.06130
-0.60455 2.08109
-0.60604 2.09548
-0.60596 2.11112
-0.59391 2.14002
-0.56674 2.15568
-0.52854 2.15568
-0.48612 2.14024
-0.48581 2.14002
-0.45766 2.12472
-0.44792 2.11924
-0.43602 2.11244
-0.40045 2.09150
-0.36775 2.07110
-0.32820 2.04520
-0.26611 2.00143
-0.21826 1.96532
-0.17904 1.93388
-0.15098 1.91055
-0.11417 1.87874
-0.09296 1.85972
-0.08096 1.84872
-0.06258 1.82996
-0.03084 1.78688
-0.00765 1.74029
0.00511 1.69558
0.00676 1.66087
0.00657 1.65906
0.00452 1.63716
0.00414 1.63113
0.00248 1.59883
0.00223 1.58034
0.00218 1.55323
0.00305 1.52270
0.00478 1.49223
0.00805 1.45350
0.01227 1.41626
0.01695 1.38150
0.01925 1.36551
0.02419 1.33583
0.03178 1.29483
0.03772 1.26537
0.04041 1.25237
0.04459 1.22602
0.04200 1.19339
0.02720 1.18039
0.00132 1.18896
-0.02662 1.21165
-0.03254 1.21768
-0.07043 1.26245
-0.10694 1.31687
-0.13764 1.37488
-0.15798 1.42857
-0.16118 1.44137
-0.16516 1.47212
-0.15835 1.50011
-0.13843 1.50907
-0.10891 1.49842
-0.08490 1.47979
-0.07763 1.47326
-0.05400 1.45120
-0.05282 1.45004
-0.04260 1.44021
-0.01178 1.41037
0.01695 1.38150
0.05242 1.34476
0.10999 1.28241
0.15593 1.23034
0.19484 1.18451
0.22350 1.14980
0.26212 1.10176
0.26647 1.09627
0.29290 1.06239
0.29811 1.05558
0.33215 1.00629
0.37493 0.93154
0.41491 0.84797
0.44831 0.76459
0.46337 0.71866
0.47040 0.69321
0.47679 0.64183
0.46972 0.63757
0.46204 0.63512
0.44758 0.64364
0.40325 0.69490
0.38644 0.71812
0.35363 0.76715
0.30385 0.85029
0.26035 0.93409
0.22886 1.00827
0.21450 1.05520
0.21263 1.06315
0.20520 1.09700
0.20430 1.10140
0.19821 1.13137
0.18913 1.18074
0.18490 1.20660
0.17996 1.24189
0.17649 1.27021
0.17357 1.29927
0.17154 1.32311
0.17027 1.34507
0.16906 1.37548
0.16875 1.40090
0.16895 1.42769
0.16995 1.45091
0.17008 1.45264
0.17152 1.47496
0.17218 1.48064
0.17795 1.50011
0.19707 1.51046
0.22627 1.50067
0.26120 1.47240
0.28665 1.44311
0.29742 1.42857
0.33071 1.37458
0.35766 1.31687
0.37537 1.26245
0.38199 1.21802
0.38187 1.21366
0.37631 1.18998
0.35865 1.18211
0.33068 1.19543
0.29553 1.22835
0.27452 1.25335
0.26318 1.26763
0.24071 1.29579
0.18718 1.36065
0.15151 1.40238
0.12173 1.43614
0.08507 1.47667
0.06054 1.50291
0.04338 1.52104
0.01546 1.54968
-0.01460 1.57980
-0.04264 1.60709
-0.06783 1.63087
-0.06783 1.63087
-0.07524 1.63769
-0.09919 1.65957
-0.10031 1.66061
-0.13450 1.69660
-0.16625 1.74129
-0.18955 1.78811
-0.20056 1.83093
-0.20094 1.84848
-0.19980 1.86020
-0.19775 1.87851
-0.19497 1.89834
-0.18886 1.93133
-0.18487 1.94895
-0.17848 1.97335
-0.17231 1.99301
-0.16491 2.01322
-0.15816 2.02993
-0.15113 2.04565
-0.14015 2.06710
-0.12984 2.08508
-0.11773 2.10386
-0.10597 2.12034
-0.10123 2.12625
-0.08886 2.14133
-0.08829 2.14198
-0.06070 2.15720
-0.02239 2.15699
0.02056 2.14089
0.06131 2.11178
0.07588 2.09724
0.08950 2.08220
0.10645 2.06331
0.11602 2.05237
0.14464 2.01933
0.17100 1.98799
0.20293 1.94895
0.25335 1.88490
0.29265 1.83310
0.32505 1.78909
0.34865 1.75650
0.37970 1.71261
0.38948 1.69864
0.40814 1.67173
0.41139 1.66682
0.43886 1.61769
0.45714 1.56873
0.46463 1.52575
0.46074 1.49392
0.45706 1.48687
0.44554 1.47752
0.42057 1.47866
0.38839 1.49702
0.35251 1.53017
0.32585 1.56249
0.31730 1.57441
0.28742 1.62376
0.26718 1.67224
0.25974 1.71412
0.26638 1.74404
0.26891 1.74779
0.27778 1.75824
0.28365 1.76469
0.29409 1.77581
0.31295 1.79350
0.32393 1.80254
0.34007 1.81447
0.35394 1.82392
0.36913 1.83334
0.38262 1.84056
0.39556 1.84728
0.41475 1.85590
0.43171 1.86258
0.45068 1.86925
0.46816 1.87448
0.48032 1.87756
0.49228 1.88064
0.50191 1.88159
0.53594 1.87353
0.57358 1.84944
0.60942 1.81277
0.63935 1.76791
0.64167 1.76345
0.66000 1.72120
0.67008 1.67765
0.66864 1.64292
0.65584 1.62112
0.64508 1.61584
0.63301 1.61478
0.60226 1.62508
0.56699 1.65022
0.53100 1.68740
0.50042 1.72976
0.49947 1.73127
0.48032 1.76196
0.47454 1.77112
0.43323 1.83575
0.40556 1.87827
0.38210 1.91360
0.35322 1.95657
0.33347 1.98525
0.31988 2.00484
0.29725 2.03690
0.27286 2.07088
0.24995 2.10209
0.22911 2.12997
0.22911 2.12997
0.21094 2.15373
0.20188 2.16544
0.18676 2.18768
0.17002 2.22796
0.17018 2.26403
0.18861 2.29078
0.21812 2.30336
0.22340 2.30420
0.26864 2.30232
0.31675 2.28511
0.36022 2.25557
0.39343 2.21814
0.40103 2.20594
0.41362 2.17755
0.41963 2.13914
0.41212 2.10716
0.39246 2.08508
0.37166 2.07688
0.36583 2.07555
0.34517 2.07066
0.34359 2.07021
0.31520 2.06219
0.30017 2.05706
0.27879 2.04901
0.25641 2.03937
0.23537 2.02925
0.21096 2.01548
0.18937 2.00166
0.17100 1.98799
0.16280 1.98160
0.14896 1.96968
0.13128 1.95265
0.12949 1.95103
0.11728 1.93783
0.11469 1.93481
0.09765 1.92271
0.06778 1.91944
0.03182 1.93016
-0.00692 1.95403
-0.03149 1.97519
-0.04001 1.98343
-0.06441 2.00642
-0.06453 2.00665
-0.11854 2.05527
-0.15584 2.08708
-0.18786 2.11332
-0.22821 2.14481
-0.25592 2.16544
-0.27545 2.17949
-0.30805 2.20230
-0.34361 2.22582
-0.37755 2.24730
-0.40877 2.26593
-0.40877 2.26593
-0.41496 2.26952
-0.44530 2.28679
-0.44965 2.28910
-0.48772 2.31424
-0.52472 2.35003
-0.54833 2.38885
-0.55337 2.42615
-0.54665 2.44470
-0.54132 2.45304
-0.52905 2.47109
-0.51555 2.48869
-0.48935 2.51750
-0.47318 2.53276
-0.44809 2.55377
-0.42497 2.57034
-0.39813 2.58727
-0.37359 2.60097
-0.34843 2.61347
-0.30985 2.63010
-0.27386 2.64353
-0.23177 2.65674
-0.19118 2.66777
-0.17906 2.67052
-0.13598 2.67996
-0.13297 2.68055
-0.06252 2.68605
0.01879 2.67662
0.08990 2.65339
0.14040 2.62040
0.15652 2.60217
0.16666 2.58329
0.17011 2.54658
0.15376 2.51469
0.12135 2.49051
0.08042 2.47717
0.07642 2.47656
0.02294 2.47352
-0.03531 2.48202
-0.09370 2.50100
-0.14717 2.52935
-0.16329 2.54077
-0.18259 2.55517
-0.20407 2.57074
-0.27471 2.61783
-0.32673 2.64846
-0.37383 2.67367
-0.43675 2.70390
-0.48274 2.72347
-0.51628 2.73676
-0.57521 2.75783
-0.64372 2.77924
-0.71315 2.79789
-0.78061 2.81341
-0.78061 2.81341
-0.84291 2.82582
-0.87482 2.83143
-0.93492 2.84324
-1.03525 2.86990
-1.11615 2.90230
-1.16095 2.93810
-1.14851 2.96923
-1.14851 2.96923
-1.06076 3.00932
-0.91133 3.04247
-0.77337 3.05874
-0.46646 3.07693
0.02841 3.08477
0.33615 3.08210
0.60837 3.07387
0.76748 3.06544
0.85623 3.05874
1.08062 3.07195
1.60094 3.08133
1.95595 3.07750
2.13062 3.07195
2.36823 3.05874
2.64601 3.07578
3.05850 3.08439
3.49164 3.08171
3.75067 3.07387
3.99783 3.05874
4.22212 3.07195
4.46338 3.07884
4.66383 3.08114
4.97580 3.07980
5.25404 3.07272
5.39300 3.06640
5.50983 3.05874
5.50074 3.07693
5.49270 3.09300
5.48380 3.11080
5.46898 3.14044
6.28320 3.14159