# sss file
-1.57080 3.14159
-1.47035 3.14064
-1.36983 3.13961
-1.26914 3.13827
-1.16855 3.13706
-1.06822 3.13643
-0.96793 3.13589
-0.86729 3.13456
-0.76633 3.13267
-0.66573 3.13146
-0.56569 3.13139
-0.46557 3.13114
-0.36470 3.12940
-0.26350 3.12699
-0.16297 3.12593
-0.06323 3.12647
0.03681 3.12638
0.13794 3.12411
0.23938 3.12125
0.33975 3.12050
0.43917 3.12165
0.53921 3.12158
0.64065 3.11870
0.74225 3.11549
0.84241 3.11519
0.94154 3.11693
1.04164 3.11672
1.14342 3.11315
1.24514 3.10972
1.34500 3.11000
1.44386 3.11228
1.54412 3.11177
1.64626 3.10748
1.74801 3.10398
1.84753 3.10494
1.94616 3.10768
2.04664 3.10671
2.14914 3.10171
2.25086 3.09828
2.34999 3.10002
2.44844 3.10311
2.54923 3.10153
2.65208 3.09583
2.75367 3.09265
2.85238 3.09524
2.95073 3.09854
3.05189 3.09621
3.15506 3.08988
3.25644 3.08711
3.35470 3.09059
3.45302 3.09395
3.55463 3.09075
3.65806 3.08387
3.75915 3.08170
3.85697 3.08606
3.95534 3.08930
4.05743 3.08513
4.16108 3.07783
4.26179 3.07641
4.35918 3.08164
4.45771 3.08458
4.56032 3.07936
4.66411 3.07178
4.76436 3.07128
4.86134 3.07731
4.96012 3.07976
5.06328 3.07344
5.16712 3.06575
5.26684 3.06631
5.36347 3.07304
5.46259 3.07481
5.56631 3.06738
5.67011 3.05977
5.76924 3.06151
5.86559 3.06882
5.96514 3.06971
6.06940 3.06119
6.17306 3.05387
6.27155 3.05689
6.36769 3.06461
6.46778 3.06444
6.57254 3.05490
6.67595 3.04808
6.77378 3.05243
6.86980 3.06039
6.97050 3.05899
7.07574 3.04852
7.17879 3.04242
7.27593 3.04813
7.37194 3.05612
7.47332 3.05335
7.57896 3.04208
7.68154 3.03692
7.77801 3.04398
7.87411 3.05178
7.97624 3.04752
8.08220 3.03560
8.18420 3.03160
8.28002 3.03996
8.37634 3.04732
8.47925 3.04149
8.58544 3.02913
8.68677 3.02648
8.78198 3.03605
8.87864 3.04273
8.98237 3.03528
9.08866 3.02269
9.18922 3.02156
9.28389 3.03223
9.38102 3.03797
9.48557 3.02888
9.59185 3.01631
9.69157 3.01686
9.78577 3.02847
9.88349 3.03303
9.98885 3.02232
10.09499 3.01003
10.19381 3.01239
10.28765 3.02472
10.38608 3.02787
10.49220 3.01561
10.59807 3.00388
10.69595 3.00813
10.78953 3.02096
10.88877 3.02248
10.99562 3.00879
11.10106 2.99790
11.19797 3.00408
11.29143 3.01716
11.39159 3.01685
11.49908 3.00187
11.60396 2.99212
11.69990 3.00023
11.79338 3.01327
11.89453 3.01096
12.00256 2.99490
12.10674 2.98655
12.20173 2.99657
12.29539 3.00925
12.39760 3.00483
12.50606 2.98792
12.60940 2.98123
12.70349 2.99305
12.79748 3.00507
12.90080 2.99844
13.00955 2.98095
13.11194 2.97616
13.20519 2.98967
13.29967 3.00071
13.40411 2.99182
13.51300 2.97404
13.61433 2.97138
13.70684 2.98637
13.80197 2.99611
13.90753 2.98498
14.01641 2.96723
14.11659 2.96687
14.20846 2.98313
14.30439 2.99126
14.41106 2.97793
14.51974 2.96057
14.61870 2.96264
14.71008 2.97990
14.80696 2.98613
14.91467 2.97072
15.02299 2.95408
15.12068 2.95869
15.21170 2.97665
15.30967 2.98071
15.41835 2.96336
15.52612 2.94781
15.62253 2.95501
15.71337 2.97332
15.81254 2.97498
15.92208 2.95589
16.02913 2.94180
16.12425 2.95157
16.21510 2.96987
16.31557 2.96893
16.42585 2.94837
16.53200 2.93607
16.62586 2.94835
16.71690 2.96626
16.81875 2.96257
16.92962 2.94083
17.03471 2.93064
17.12738 2.94531
17.21881 2.96245
17.32209 2.95589
17.43338 2.93331
17.53726 2.92555
17.62882 2.94244
17.72084 2.95839
17.82557 2.94893
17.93710 2.92588
18.03964 2.92079
18.13020 2.93967
18.22301 2.95405
18.32920 2.94168
18.44075 2.91857
18.54185 2.91639
18.63155 2.93697
18.72534 2.94939
18.83295 2.93419
18.94432 2.91144
19.04388 2.91233
19.13290 2.93429
19.22785 2.94439
19.33680 2.92648
19.44778 2.90452
19.54574 2.90861
19.63425 2.93158
19.73053 2.93903
19.84075 2.91859
19.95111 2.89788
20.04744 2.90521
20.13566 2.92878
20.23340 2.93329
20.34476 2.91058
20.45428 2.89154
20.54899 2.90212
20.63713 2.92584
20.73647 2.92716
20.84881 2.90248
20.95728 2.88554
21.05040 2.89931
21.13870 2.92271
21.23972 2.92065
21.35287 2.89436
21.46009 2.87991
21.55169 2.89673
21.64039 2.91933
21.74317 2.91376
21.85692 2.88626
21.96271 2.87468
22.05288 2.89434
22.14222 2.91567
22.24680 2.90651
22.36093 2.87824
22.46513 2.86986
22.55401 2.89210
22.64422 2.91167
22.75060 2.89892
22.86487 2.87037
22.96733 2.86546
23.05509 2.88994
23.14641 2.90730
23.25455 2.89102
23.36871 2.86270
23.46932 2.86148
23.55615 2.88783
23.64880 2.90253
23.75863 2.88286
23.87242 2.85528
23.97111 2.85791
24.05722 2.88568
24.15140 2.89732
24.26283 2.87447
24.37598 2.84816
24.47270 2.85473
24.55834 2.88345
24.65423 2.89166
24.76711 2.86591
24.87936 2.84140
24.97410 2.85193
25.05953 2.88107
25.15729 2.88555
25.27145 2.85724
25.38255 2.83504
25.47534 2.84946
25.56083 2.87848
25.66058 2.87898
25.77581 2.84851
25.88551 2.82911
25.97643 2.84728
26.06226 2.87561
26.16409 2.87196
26.28017 2.83980
26.38825 2.82364
26.47739 2.84535
26.56386 2.87242
26.66782 2.86449
26.78449 2.83117
26.89075 2.81865
26.97827 2.84361
27.06564 2.86886
27.17176 2.85663
27.28874 2.82267
27.39300 2.81415
27.47908 2.84200
27.56764 2.86486
27.67588 2.84838
27.79288 2.81440
27.89500 2.81015
27.97985 2.84045
28.06987 2.86041
28.18017 2.83981
28.29688 2.80639
28.39676 2.80664
28.48063 2.83889
28.57235 2.85546
28.68461 2.83095
28.80071 2.79873
28.89828 2.80360
28.98145 2.83726
29.07509 2.84998
29.18915 2.82187
29.30435 2.79146
29.39958 2.80100
29.48234 2.83548
29.57809 2.84398
29.69377 2.81263
29.80777 2.78463
29.90068 2.79881
29.98334 2.83348
30.08136 2.83744
30.19843 2.80330
30.31094 2.77829
30.40159 2.79698
30.48449 2.83119
30.58490 2.83037
30.70311 2.79395
30.81384 2.77248
30.90234 2.79548
30.98580 2.82855
31.08869 2.82278
31.20775 2.78465
31.31646 2.76722
31.40296 2.79422
31.48732 2.82550
31.59272 2.81469
31.71232 2.77549
31.81880 2.76253
31.90349 2.79314
31.98908 2.82197
32.09699 2.80615
32.21679 2.76654
32.32085 2.75842
32.40397 2.79217
32.49109 2.81792
32.60145 2.79720
32.72111 2.75788
32.82261 2.75488
32.90444 2.79122
32.99339 2.81331
33.10609 2.78790
33.22525 2.74959
33.32409 2.75190
33.40493 2.79022
33.49598 2.80811
33.61088 2.77832
33.72918 2.74172
33.82531 2.74945
33.90550 2.78908
33.99888 2.80230
34.11577 2.76851
34.23285 2.73435
34.32628 2.74749
34.40617 2.78772
34.50209 2.79587
34.62074 2.75857
34.73626 2.72752
34.82704 2.74597
34.90699 2.78606
35.00560 2.78883
35.12573 2.74858
35.23938 2.72127
35.32760 2.74483
35.40800 2.78402
35.50942 2.78118
35.63070 2.73861
35.74218 2.71565
35.82800 2.74400
35.90923 2.78154
36.01352 2.77296
36.07711 2.75138
36.13562 2.72876
36.24466 2.71068
36.32829 2.74342
36.41072 2.77854
36.51789 2.76420
36.58168 2.74219
36.64044 2.71911
36.74681 2.70636
36.82849 2.74299
36.91250 2.77498
37.02251 2.75496
37.08626 2.73290
37.14511 2.70976
37.24863 2.70270
37.28603 2.72322
37.32867 2.74263
37.41458 2.77079
37.52734 2.74528
37.59081 2.72358
37.64959 2.70078
37.75014 2.69968
37.78672 2.72152
37.82885 2.74225
37.91700 2.76595
38.03235 2.73524
38.09529 2.71431
38.15384 2.69225
38.25133 2.69727
38.28733 2.72008
38.32909 2.74176
38.41975 2.76043
38.53750 2.72492
38.59968 2.70516
38.65784 2.68425
38.75224 2.69544
38.78790 2.71882
38.82943 2.74106
38.92285 2.75421
39.04276 2.71440
39.10392 2.69620
39.16154 2.67684
39.25288 2.69414
39.28845 2.71767
39.32992 2.74007
39.42630 2.74729
39.48949 2.72608
39.54807 2.70377
39.66491 2.67006
39.75329 2.69331
39.78903 2.71656
39.83060 2.73869
39.93010 2.73969
39.99416 2.71697
40.05338 2.69312
40.16795 2.66398
40.25351 2.69286
40.28969 2.71542
40.33151 2.73684
40.43422 2.73142
40.49892 2.70757
40.55865 2.68256
40.67063 2.65861
40.75357 2.69273
40.79045 2.71416
40.83270 2.73445
40.93866 2.72252
41.00374 2.69795
41.06383 2.67218
41.17294 2.65398
41.21088 2.67401
41.25351 2.69282
41.33420 2.73145
41.44339 2.71305
41.50859 2.68818
41.56888 2.66208
41.67487 2.65009
41.71158 2.67218
41.75340 2.69303
41.83602 2.72778
41.94838 2.70306
42.01343 2.67834
42.07373 2.65236
42.17645 2.64692
42.21213 2.67073
42.25327 2.69327
42.33821 2.72340
42.45359 2.69262
42.51822 2.66850
42.57835 2.64310
42.67767 2.64447
42.71256 2.66959
42.75318 2.69344
42.84077 2.71826
42.95899 2.68182
43.02292 2.65876
43.08270 2.63439
43.17855 2.64269
43.21291 2.66870
43.25318 2.69343
43.34372 2.71235
43.40609 2.69215
43.46451 2.67075
43.52750 2.64919
43.58673 2.62630
43.67912 2.64152
43.71323 2.66797
43.75332 2.69313
43.84705 2.70566
43.91076 2.68320
43.97013 2.65950
44.03192 2.63987
44.09043 2.61891
44.17942 2.64091
44.21355 2.66733
44.25365 2.69246
44.35078 2.69819
44.41558 2.67382
44.47578 2.64819
44.53615 2.63089
44.59374 2.61225
44.63492 2.62719
44.67948 2.64079
44.71392 2.66669
44.75422 2.69131
44.85488 2.68997
44.92055 2.66409
44.98141 2.63690
45.04014 2.62233
45.09667 2.60639
45.13603 2.62440
45.17934 2.64105
45.21438 2.66596
45.25506 2.68959
45.35935 2.68102
45.42560 2.65406
45.48697 2.62577
45.54387 2.61423
45.59919 2.60133
45.63688 2.62217
45.67904 2.64162
45.71497 2.66507
45.75624 2.68723
45.86415 2.67140
45.93071 2.64383
45.99241 2.61489
46.10130 2.59710
46.13751 2.62044
46.17866 2.64238
46.21575 2.66391
46.25776 2.68416
46.36926 2.66117
46.43584 2.63347
46.49766 2.60437
46.60300 2.59369
46.63794 2.61917
46.67822 2.64323
46.71674 2.66241
46.75968 2.68032
46.87464 2.65040
46.94094 2.62307
47.00268 2.59431
47.10429 2.59108
47.13822 2.61829
47.17780 2.64406
47.26200 2.67567
47.32265 2.65806
47.38024 2.63918
47.44597 2.61272
47.50742 2.58482
47.60520 2.58924
47.63838 2.61771
47.67745 2.64474
47.76474 2.67017
47.82717 2.64954
47.88602 2.62760
47.95089 2.60252
48.01183 2.57598
48.10575 2.58813
48.13848 2.61737
48.17723 2.64517
48.26791 2.66381
48.33193 2.64046
48.39193 2.61576
48.45566 2.59256
48.51588 2.56786
48.55971 2.57849
48.60598 2.58766
48.63854 2.61718
48.67719 2.64524
48.77152 2.65658
48.83689 2.63088
48.89791 2.60379
48.96023 2.58291
49.01954 2.56054
49.06119 2.57490
49.10591 2.58778
49.13863 2.61703
49.17739 2.64483
49.27555 2.64850
49.34203 2.62086
49.40391 2.59179
49.46457 2.57368
49.52276 2.55406
49.56234 2.57198
49.60560 2.58839
49.63879 2.61684
49.67787 2.64386
49.77999 2.63960
49.84729 2.61048
49.90985 2.57988
49.96865 2.56494
50.02555 2.54848
50.06320 2.56969
50.10510 2.58938
50.13907 2.61651
50.17868 2.64221
50.28482 2.62993
50.35265 2.59982
50.41569 2.56819
50.47242 2.55676
50.52789 2.54379
50.56380 2.56800
50.60446 2.59065
50.63952 2.61595
50.67987 2.63982
50.79001 2.61954
50.85806 2.58896
50.92136 2.55683
50.97586 2.54920
51.02976 2.54002
51.06415 2.56684
51.10373 2.59208
51.14018 2.61506
51.18146 2.63662
51.23947 2.62324
51.29552 2.60851
51.36346 2.57801
51.42680 2.54593
51.47896 2.54231
51.53119 2.53715
51.56431 2.56615
51.60299 2.59355
51.64109 2.61375
51.68349 2.63254
51.74370 2.61543
51.80130 2.59692
51.86883 2.56706
51.93197 2.53558
51.98170 2.53615
52.03218 2.53516
52.06431 2.56585
52.10229 2.59493
52.14229 2.61194
52.18598 2.62755
52.24823 2.60693
52.30731 2.58489
52.37409 2.55621
52.43680 2.52590
52.48407 2.53073
52.53276 2.53398
52.56420 2.56585
52.60170 2.59611
52.64380 2.60955
52.68894 2.62161
52.75305 2.59780
52.81349 2.57251
52.87922 2.54557
52.94126 2.51698
52.98605 2.52608
53.03296 2.53357
53.06403 2.56607
53.10127 2.59694
53.19238 2.61473
53.25811 2.58808
53.31979 2.55990
53.38416 2.53523
53.44529 2.50889
53.48767 2.52218
53.53281 2.53385
53.56385 2.56640
53.60107 2.59733
53.69628 2.60690
53.76339 2.57783
53.82613 2.54719
53.88887 2.52529
53.94888 2.50170
53.98893 2.51904
54.03237 2.53472
54.06372 2.56674
54.10116 2.59714
54.20065 2.59815
54.26884 2.56714
54.33247 2.53451
54.39331 2.51583
54.45199 2.49547
54.48984 2.51661
54.53169 2.53607
54.56369 2.56698
54.60158 2.59628
54.70546 2.58852
54.77443 2.55609
54.83872 2.52200
54.89745 2.50695
54.95460 2.49022
54.99045 2.51487
55.03081 2.53780
55.06380 2.56702
55.10239 2.59464
55.15690 2.58707
55.21068 2.57806
55.28010 2.54478
55.34482 2.50977
55.40124 2.49872
55.45672 2.48598
55.49076 2.51375
55.52982 2.53978
55.56411 2.56676
55.60363 2.59216
55.66068 2.58024
55.71627 2.56686
55.78580 2.53329
55.85071 2.49797
55.90467 2.49120
55.95834 2.48273
55.99083 2.51318
56.02876 2.54187
56.06467 2.56609
56.10532 2.58875
56.16483 2.57262
56.22220 2.55499
56.29148 2.52175
56.35633 2.48672
56.40770 2.48444
56.45946 2.48046
56.49070 2.51309
56.52772 2.54394
56.56553 2.56493
56.60751 2.58436
56.66933 2.56424
56.72840 2.54256
56.79710 2.51025
56.86162 2.47613
56.91034 2.47848
56.96012 2.47912
56.99042 2.51339
57.02675 2.54586
57.06670 2.56318
57.11020 2.57896
57.17415 2.55513
57.23483 2.52969
57.30260 2.49892
57.36652 2.46631
57.41256 2.47336
57.46035 2.47866
57.49003 2.51398
57.52593 2.54749
57.56825 2.56077
57.61341 2.57253
57.67928 2.54534
57.74143 2.51649
57.80793 2.48785
57.87099 2.45736
57.91436 2.46906
57.96017 2.47900
57.98961 2.51475
58.02532 2.54869
58.07017 2.55763
58.11714 2.56505
58.18467 2.53493
58.24811 2.50311
58.31303 2.47716
58.37498 2.44936
58.41577 2.46560
58.45964 2.48005
58.48919 2.51560
58.52499 2.54934
58.57251 2.55371
58.62138 2.55656
58.69028 2.52400
58.75482 2.48967
58.81787 2.46694
58.87847 2.44237
58.91679 2.46295
58.95881 2.48169
58.98884 2.51640
59.02499 2.54932
59.07526 2.54896
59.12612 2.54707
59.19606 2.51261
59.26149 2.47632
59.32240 2.45730
59.38143 2.43644
59.41744 2.46106
59.45774 2.48382
59.48862 2.51705
59.52539 2.54851
59.57845 2.54335
59.63132 2.53665
59.70197 2.50087
59.76804 2.46321
59.82657 2.44833
59.88384 2.43160
59.91777 2.45990
59.95649 2.48629
59.98858 2.51743
60.02623 2.54682
60.08205 2.53688
60.13695 2.52536
60.20796 2.48888
60.27440 2.45048
60.33036 2.44009
60.38571 2.42785
60.41779 2.45938
60.45515 2.48897
60.48877 2.51744
60.52754 2.54417
60.58608 2.52954
60.64298 2.51330
60.71396 2.47676
60.78050 2.43826
60.83374 2.43265
60.88703 2.42519
60.91757 2.45943
60.95377 2.49171
60.98926 2.51696
61.02938 2.54049
61.09050 2.52136
61.14934 2.50056
61.21993 2.46463
61.28627 2.42670
61.33669 2.42607
61.38783 2.42357
61.41714 2.45997
61.45243 2.49437
61.49007 2.51589
61.53175 2.53572
61.59530 2.51235
61.65599 2.48725
61.72580 2.45259
61.79166 2.41591
61.83919 2.42037
61.88813 2.42295
61.91656 2.46088
61.95121 2.49680
61.99126 2.51415
62.03469 2.52984
62.10044 2.50257
62.16285 2.47352
62.23152 2.44078
62.29660 2.40600
62.34124 2.41559
62.38798 2.42325
62.41590 2.46205
62.45018 2.49884
62.49285 2.51166
62.53818 2.52283
62.60591 2.49208
62.66985 2.45949
62.73704 2.42931
62.80105 2.39709
62.84285 2.41171
62.88740 2.42438
62.91521 2.46338
62.94941 2.50036
62.99487 2.50835
63.04224 2.51470
63.11164 2.48097
63.17693 2.44531
63.24229 2.41829
63.30497 2.38923
63.34402 2.40872
63.38647 2.42623
63.41456 2.46473
63.44897 2.50122
63.49733 2.50417
63.54685 2.50547
63.61759 2.46930
63.68401 2.43114
63.74724 2.40784
63.80833 2.38250
63.84478 2.40661
63.88524 2.42868
63.91400 2.46598
63.94893 2.50130
64.00027 2.49908
64.05198 2.49519
64.12372 2.45719
64.19101 2.41714
64.25183 2.39806
64.31110 2.37694
64.34516 2.40530
64.38378 2.43159
64.41361 2.46702
64.44933 2.50049
64.50366 2.49306
64.55761 2.48393
64.62996 2.44474
64.69784 2.40345
64.75603 2.38902
64.81328 2.37257
64.84518 2.40475
64.88216 2.43481
64.91343 2.46771
64.95022 2.49868
65.00751 2.48608
65.06368 2.47176
65.13627 2.43208
65.20444 2.39023
65.25980 2.38082
65.31486 2.36939
65.34490 2.40487
65.38046 2.43819
65.41353 2.46794
65.45166 2.49579
65.51180 2.47818
65.57016 2.45879
65.64258 2.41931
65.71073 2.37764
65.76311 2.37352
65.81586 2.36737
65.84436 2.40556
65.87876 2.44157
65.91396 2.46760
65.95367 2.49176
66.01653 2.46937
66.07698 2.44513
66.14883 2.40658
66.21664 2.36581
66.26594 2.36716
66.31631 2.36647
66.34363 2.40674
66.37715 2.44479
66.41477 2.46658
66.45627 2.48654
66.52165 2.45969
66.58408 2.43092
66.65495 2.39402
66.72210 2.35487
66.76829 2.36178
66.81623 2.36662
66.84276 2.40827
66.87569 2.44768
66.91598 2.46480
66.95948 2.48011
67.02714 2.44920
67.09138 2.41630
67.16089 2.38175
67.22706 2.34494
67.27015 2.35738
67.31566 2.36773
67.34182 2.41003
67.37447 2.45010
67.41765 2.46218
67.46330 2.47246
67.53295 2.43797
67.59881 2.40143
67.66659 2.36989
67.73146 2.33611
67.77152 2.35397
67.81468 2.36968
67.84088 2.41190
67.87357 2.45189
67.91979 2.45864
67.96772 2.46360
68.03904 2.42610
68.10629 2.38646
68.17197 2.35858
68.23528 2.32847
68.27244 2.35151
68.31333 2.37237
68.33999 2.41375
68.37305 2.45292
68.42241 2.45414
68.47272 2.45357
68.54536 2.41368
68.61373 2.37156
68.67702 2.34793
68.73847 2.32207
68.77292 2.34997
68.81168 2.37564
68.83924 2.41543
68.87298 2.45304
68.92555 2.44864
68.97828 2.44243
69.05184 2.40082
69.12105 2.35691
69.18165 2.33803
69.24102 2.31695
69.27299 2.34929
69.30982 2.37934
69.33869 2.41682
69.37342 2.45215
69.42918 2.44213
69.48436 2.43027
69.55844 2.38764
69.62816 2.34266
69.68585 2.32899
69.74293 2.31312
69.77270 2.34939
69.80783 2.38331
69.83839 2.41778
69.87441 2.45015
69.93330 2.43460
69.99090 2.41717
70.06507 2.37428
70.13499 2.32900
70.18958 2.32088
70.24420 2.31056
70.27210 2.35017
70.30579 2.38739
70.33842 2.41820
70.37601 2.44695
70.43790 2.42608
70.49786 2.40324
70.57168 2.36088
70.64145 2.31606
70.69279 2.31376
70.74485 2.30925
70.77125 2.35154
70.80378 2.39139
70.83881 2.41795
70.87822 2.44250
70.94295 2.41658
71.00515 2.38864
71.07821 2.34756
71.14746 2.30401
71.19549 2.30768
71.24490 2.30912
71.27020 2.35336
71.30190 2.39514
71.33963 2.41693
71.38109 2.43675
71.44842 2.40618
71.51272 2.37349
71.58458 2.33447
71.65298 2.29297
71.69766 2.30266
71.74441 2.31009
71.76904 2.35552
71.80022 2.39847
71.84090 2.41506
71.88461 2.42969
71.95427 2.39493
72.02047 2.35797
72.09073 2.32175
72.15792 2.28306
72.19930 2.29870
72.24342 2.31205
72.26782 2.35788
72.29884 2.40122
72.34267 2.41224
72.38879 2.42132
72.46046 2.38293
72.52833 2.34223
72.59660 2.30954
72.66225 2.27439
72.70042 2.29581
72.74200 2.31488
72.76662 2.36028
72.79783 2.40323
72.84497 2.40841
72.89361 2.41166
72.96693 2.37026
73.03621 2.32646
73.10211 2.29797
73.16593 2.26702
73.20105 2.29393
73.24022 2.31843
73.26552 2.36260
73.29726 2.40435
73.34779 2.40353
73.39905 2.40077
73.47362 2.35705
73.54401 2.31084
73.60723 2.28714
73.66892 2.26102
73.70122 2.29302
73.73816 2.32254
73.76458 2.36469
73.79720 2.40445
73.85115 2.39757
73.90507 2.38871
73.94333 2.36640
73.98048 2.34342
74.01656 2.31979
74.05165 2.29555
74.11189 2.27718
74.17122 2.25641
74.20097 2.29300
74.23590 2.32705
74.26388 2.36640
74.29771 2.40342
74.35505 2.39051
74.41163 2.37559
74.45008 2.35289
74.48742 2.32950
74.52372 2.30545
74.55903 2.28078
74.61607 2.26817
74.67282 2.25318
74.70035 2.29378
74.73353 2.33177
74.76349 2.36760
74.79884 2.40115
74.85947 2.38236
74.91866 2.36150
74.95707 2.33882
74.99440 2.31544
75.03071 2.29138
75.06607 2.26669
75.11972 2.26020
75.17374 2.25133
75.19942 2.29526
75.23114 2.33652
75.26345 2.36816
75.30062 2.39757
75.36440 2.37315
75.42611 2.34658
75.46422 2.32433
75.50132 2.30138
75.53745 2.27774
75.57268 2.25345
75.62282 2.25332
75.67400 2.25080
75.68536 2.27438
75.69823 2.29731
75.71270 2.31957
75.72884 2.34112
75.76385 2.36795
75.80309 2.39262
75.86981 2.36293
75.93390 2.33099
75.97148 2.30959
76.00812 2.28747
76.04388 2.26468
76.07878 2.24122
76.12534 2.24756
76.17364 2.25150
76.18448 2.27598
76.19687 2.29980
76.21092 2.32294
76.22670 2.34537
76.26469 2.36688
76.30626 2.38626
76.37566 2.35175
76.44195 2.31488
76.51474 2.27387
76.58432 2.23014
76.62730 2.24296
76.67271 2.25334
76.68326 2.27829
76.69541 2.30259
76.70923 2.32621
76.72483 2.34910
76.76606 2.36485
76.81013 2.37850
76.88190 2.33969
76.95017 2.29843
77.02109 2.26073
77.08922 2.22032
77.12869 2.23951
77.17128 2.25620
77.18180 2.28119
77.19391 2.30553
77.20772 2.32919
77.22331 2.35213
77.26797 2.36177
77.31471 2.36933
77.38848 2.32686
77.45846 2.28182
77.52711 2.24819
77.59344 2.21187
77.62955 2.23718
77.66941 2.25993
77.68015 2.28452
77.69247 2.30847
77.70646 2.33174
77.72222 2.35430
77.77044 2.35759
77.81996 2.35881
77.85818 2.33644
77.89534 2.31337
77.93151 2.28963
77.96674 2.26525
78.03273 2.23637
78.09694 2.20485
78.12987 2.23593
78.16718 2.26437
78.17840 2.28812
78.19116 2.31124
78.20554 2.33370
78.22163 2.35546
78.27348 2.35227
78.32587 2.34699
78.36469 2.32352
78.40243 2.29934
78.43914 2.27445
78.47490 2.24891
78.53790 2.22542
78.59970 2.19931
78.62971 2.23569
78.66468 2.26934
78.69006 2.31371
78.72162 2.35547
78.77710 2.34577
78.83238 2.33395
78.87157 2.30980
78.90966 2.28490
78.94673 2.25930
78.98285 2.23300
79.04257 2.21543
79.10171 2.19528
79.12912 2.23638
79.16202 2.27466
79.18922 2.31571
79.22224 2.35422
79.28130 2.33810
79.33944 2.31980
79.37874 2.29539
79.41697 2.27022
79.45420 2.24432
79.49049 2.21771
79.54670 2.20651
79.60297 2.19274
79.61485 2.21566
79.62815 2.23788
79.64294 2.25938
79.65928 2.28013
79.68875 2.31710
79.72354 2.35161
79.78606 2.32928
79.84700 2.30468
79.88615 2.28045
79.92428 2.25544
79.96145 2.22970
79.99772 2.20323
80.05026 2.19872
80.10351 2.19165
80.11443 2.21622
80.12687 2.24007
80.14089 2.26319
80.15656 2.28554
80.18868 2.31775
80.22555 2.34756
80.29135 2.31933
80.35497 2.28872
80.39372 2.26512
80.43152 2.24073
80.46841 2.21560
80.50446 2.18974
80.55320 2.19213
80.60335 2.19196
80.61357 2.21775
80.62535 2.24283
80.63879 2.26716
80.65397 2.29071
80.68909 2.31754
80.72831 2.34203
80.79714 2.30831
80.86327 2.27210
80.90136 2.24956
80.93860 2.22625
80.97501 2.20218
81.01063 2.17738
81.05554 2.18677
81.10254 2.19355
81.11230 2.22014
81.12366 2.24600
81.13674 2.27111
81.15160 2.29543
81.19001 2.31635
81.23182 2.33500
81.30339 2.29630
81.37182 2.25499
81.40901 2.23396
81.44545 2.21215
81.48115 2.18959
81.51616 2.16631
81.55727 2.18265
81.60115 2.19632
81.61071 2.22324
81.62190 2.24943
81.63481 2.27487
81.64955 2.29951
81.69149 2.31410
81.73608 2.32645
81.77352 2.30527
81.81004 2.28339
81.84569 2.26082
81.88051 2.23759
81.91656 2.21848
81.95198 2.19860
81.98678 2.17798
82.02098 2.15664
82.05839 2.17975
82.09924 2.20012
82.10887 2.22690
82.12014 2.25295
82.13311 2.27825
82.14791 2.30277
82.19356 2.31070
82.24109 2.31641
82.27956 2.29343
82.31704 2.26969
82.35359 2.24524
82.38925 2.22009
82.45815 2.18575
82.52506 2.14848
82.55893 2.17805
82.59690 2.20480
82.60687 2.23095
82.61845 2.25640
82.63172 2.28111
82.64677 2.30504
82.69624 2.30611
82.74682 2.30495
82.78608 2.28053
82.82432 2.25533
82.86158 2.22938
82.89793 2.20272
82.96387 2.17373
83.02835 2.14188
83.05892 2.17747
83.09421 2.21015
83.10480 2.23523
83.11694 2.25961
83.13071 2.28327
83.14620 2.30617
83.19954 2.30027
83.25322 2.29212
83.29304 2.26668
83.33181 2.24044
83.36959 2.21343
83.40645 2.18567
83.46908 2.16269
83.53084 2.13689
83.54399 2.15779
83.55842 2.17795
83.57417 2.19737
83.59128 2.21600
83.60274 2.23955
83.61568 2.26242
83.63017 2.28459
83.64627 2.30602
83.70346 2.29318
83.76026 2.27803
83.80037 2.25203
83.83944 2.22519
83.87752 2.19756
83.91470 2.16915
83.97374 2.15272
84.03252 2.13351
84.04429 2.15682
84.05747 2.17938
84.07209 2.20116
84.08821 2.22213
84.11474 2.26467
84.14704 2.30447
84.20799 2.28483
84.26786 2.26281
84.30800 2.23669
84.34712 2.20973
84.38529 2.18195
84.42258 2.15338
84.47780 2.14393
84.53340 2.13173
84.54402 2.15707
84.55613 2.18163
84.56980 2.20540
84.58510 2.22833
84.61421 2.26621
84.64854 2.30144
84.71312 2.27526
84.77596 2.24659
84.81585 2.22084
84.85478 2.19422
84.89280 2.16679
84.92999 2.13855
84.98123 2.13639
85.03352 2.13148
85.04322 2.15843
85.05449 2.18458
85.06741 2.20991
85.08206 2.23440
85.11414 2.26691
85.15083 2.29685
85.21879 2.26451
85.28448 2.22955
85.32385 2.20463
85.36233 2.17885
85.39997 2.15225
85.43684 2.12483
85.48400 2.13015
85.53291 2.13269
85.54195 2.16078
85.55262 2.18806
85.56501 2.21451
85.57920 2.24011
85.61459 2.26663
85.65392 2.29066
85.72499 2.25264
85.79331 2.21186
85.83190 2.18826
85.86969 2.16379
85.90672 2.13850
85.94304 2.11240
85.98611 2.12523
86.03162 2.13524
86.04028 2.16399
86.05061 2.19192
86.06269 2.21902
86.07661 2.24526
86.11560 2.26527
86.15781 2.28285
86.19515 2.26167
86.23167 2.23974
86.26740 2.21708
86.30238 2.19373
86.33990 2.17189
86.37677 2.14921
86.41296 2.12570
86.44853 2.10141
86.48757 2.12165
86.52974 2.13899
86.53830 2.16789
86.54854 2.19598
86.56055 2.22324
86.57442 2.24964
86.61724 2.26273
86.66251 2.27344
86.70109 2.25008
86.73875 2.22592
86.77556 2.20101
86.81155 2.17535
86.84780 2.15573
86.88349 2.13527
86.91864 2.11401
86.95325 2.09196
86.98839 2.11937
87.02734 2.14378
87.03609 2.17233
87.04651 2.20008
87.05868 2.22700
87.07269 2.25307
87.11950 2.25895
87.16799 2.26246
87.20758 2.23730
87.24619 2.21131
87.28390 2.18452
87.32074 2.15696
87.35547 2.13996
87.38978 2.12214
87.42368 2.10353
87.45715 2.08415
87.48860 2.11834
87.52451 2.14943
87.53374 2.17712
87.54459 2.20402
87.55717 2.23012
87.57153 2.25538
87.62243 2.25387
87.67423 2.24997
87.71457 2.22345
87.75391 2.19605
87.79231 2.16781
87.82983 2.13877
87.89557 2.10996
87.96019 2.07805
87.97359 2.09867
87.98823 2.11850
88.00415 2.13753
88.02135 2.15572
88.03134 2.18206
88.04290 2.20764
88.05610 2.23243
88.07101 2.25640
88.12602 2.24745
88.18117 2.23607
88.22200 2.20862
88.26183 2.18028
88.30070 2.15107
88.33870 2.12102
88.40080 2.09887
88.46237 2.07368
88.47418 2.09712
88.48735 2.11974
88.50194 2.14153
88.51798 2.16245
88.52899 2.18698
88.54150 2.21076
88.55554 2.23378
88.57120 2.25601
88.63026 2.23969
88.68877 2.22087
88.72981 2.19298
88.76986 2.16418
88.80898 2.13448
88.84724 2.10391
88.90542 2.08897
88.96368 2.07104
88.97412 2.09692
88.98603 2.12196
88.99947 2.14612
89.01450 2.16940
89.02679 2.19167
89.04048 2.21322
89.05557 2.23404
89.07215 2.25409
89.13516 2.23060
89.19694 2.20451
89.23791 2.17668
89.27793 2.14791
89.31706 2.11824
89.35535 2.08768
89.40939 2.08037
89.46414 2.07009
89.47344 2.09798
89.48431 2.12500
89.49682 2.15112
89.51102 2.17633
89.53990 2.21486
89.57391 2.25055
89.64068 2.22021
89.70562 2.18714
89.74622 2.15988
89.78594 2.13167
89.82482 2.10255
89.86292 2.07253
89.91266 2.07313
89.96380 2.07076
89.97223 2.10018
89.98230 2.12871
89.99409 2.15634
90.00767 2.18302
90.03985 2.21555
90.07652 2.24533
90.14678 2.20859
90.21470 2.16897
90.25465 2.14278
90.29380 2.11564
90.33219 2.08759
90.36986 2.05864
90.41523 2.06729
90.46270 2.07295
90.47054 2.10339
90.48008 2.13294
90.49138 2.16156
90.50455 2.18924
90.54037 2.21514
90.57997 2.23840
90.61706 2.21750
90.65342 2.19581
90.68908 2.17336
90.72409 2.15017
90.76311 2.12555
90.80143 2.10000
90.83907 2.07354
90.87607 2.04620
90.91710 2.06289
90.96091 2.07652
90.96846 2.10745
90.97773 2.13749
90.98881 2.16661
91.00178 2.19477
91.04152 2.21355
91.08430 2.22974
91.12283 2.20627
91.16055 2.18197
91.19748 2.15686
91.23368 2.13097
91.27150 2.10842
91.30874 2.08495
91.34539 2.06058
91.38150 2.03533
91.41825 2.05990
91.45851 2.08130
91.46607 2.11219
91.47536 2.14219
91.48646 2.17127
91.49946 2.19940
91.54333 2.21066
91.58947 2.21938
91.62923 2.19373
91.66809 2.16720
91.70612 2.13982
91.74335 2.11160
91.77973 2.09157
91.81563 2.07064
91.85108 2.04884
91.88607 2.02617
91.90188 2.04264
91.91874 2.05829
91.93664 2.07313
91.95559 2.08713
91.96348 2.11743
91.97306 2.14685
91.98443 2.17536
91.99768 2.20295
92.04583 2.20642
92.09546 2.20737
92.13620 2.17996
92.17599 2.15163
92.21491 2.12240
92.25300 2.09230
92.28769 2.07521
92.32204 2.05726
92.35606 2.03845
92.38974 2.01881
92.40357 2.03883
92.41859 2.05801
92.43481 2.07633
92.45226 2.09378
92.46077 2.12295
92.47094 2.15127
92.48282 2.17870
92.49653 2.20522
92.54903 2.20078
92.60225 2.19379
92.64369 2.16508
92.68417 2.13541
92.72375 2.10481
92.76249 2.07329
92.79528 2.05955
92.82789 2.04495
92.86030 2.02953
92.89250 2.01328
92.90451 2.03655
92.91784 2.05895
92.93254 2.08045
92.94862 2.10103
92.95806 2.12856
92.96907 2.15526
92.98173 2.18111
92.99610 2.20607
93.05295 2.19371
93.10977 2.17873
93.15163 2.14923
93.19253 2.11872
93.23253 2.08725
93.27172 2.05483
93.33312 2.03385
93.39432 2.00962
93.40472 2.03577
93.41656 2.06101
93.42991 2.08531
93.44480 2.10866
93.45543 2.13406
93.46754 2.15866
93.48120 2.18244
93.49645 2.20536
93.55756 2.18521
93.61795 2.16235
93.65993 2.13255
93.70098 2.10174
93.74116 2.06994
93.78055 2.03716
93.83767 2.02408
93.89522 2.00780
93.90425 2.03640
93.91483 2.06405
93.92703 2.09073
93.94091 2.11642
93.95300 2.13924
93.96645 2.16128
93.98131 2.18254
93.99763 2.20298
94.06285 2.17530
94.12673 2.14478
94.16853 2.11524
94.20945 2.08466
94.24954 2.05307
94.28887 2.02050
94.34151 2.01572
94.39523 2.00777
94.40316 2.03832
94.41272 2.06791
94.42401 2.09649
94.43708 2.12406
94.45086 2.14389
94.46587 2.16298
94.48214 2.18130
94.49969 2.19885
94.56880 2.16404
94.63601 2.12621
94.67732 2.09746
94.71782 2.06767
94.75755 2.03686
94.79658 2.00506
94.84460 2.00884
94.89439 2.00943
94.90150 2.04142
94.91033 2.07242
94.92094 2.10240
94.93343 2.13135
94.96587 2.16359
95.00265 2.19291
95.03931 2.17261
95.07535 2.15148
95.11081 2.12955
95.14568 2.10684
95.18620 2.07942
95.22600 2.05097
95.26511 2.02151
95.30358 1.99106
95.34694 2.00348
95.39277 2.01267
95.39937 2.04554
95.40774 2.07740
95.41794 2.10825
95.43008 2.13804
95.46650 2.16300
95.50653 2.18515
95.54486 2.16187
95.58248 2.13772
95.61939 2.11272
95.65565 2.08689
95.69508 2.06134
95.73390 2.03477
95.77212 2.00720
95.80977 1.97865
95.84852 1.99965
95.89044 2.01732
95.89686 2.05049
95.90507 2.08266
95.91513 2.11381
95.92714 2.14391
95.96780 2.16110
96.01132 2.17555
96.05111 2.14968
96.09009 2.12288
96.12830 2.09518
96.16579 2.06660
96.20386 2.04342
96.24142 2.01925
96.27849 1.99410
96.31509 1.96799
96.33174 1.98309
96.34935 1.99733
96.36794 2.01070
96.38749 2.02319
96.39406 2.05609
96.40239 2.08799
96.41258 2.11888
96.42472 2.14873
96.46982 2.15779
96.51701 2.16415
96.55800 2.13612
96.59812 2.10710
96.63743 2.07712
96.67598 2.04621
96.71242 2.02589
96.74848 2.00460
96.78417 1.98237
96.81948 1.95920
96.83391 1.97827
96.84947 1.99646
96.86618 2.01374
96.88403 2.03009
96.89107 2.06213
96.89985 2.09319
96.91043 2.12327
96.92292 2.15232
96.97259 2.15302
97.02356 2.15103
97.06549 2.12129
97.10651 2.09051
97.14669 2.05874
97.18609 2.02597
97.22066 2.00895
97.25499 1.99100
97.28908 1.97213
97.32290 1.95235
97.33527 1.97513
97.34893 1.99697
97.36389 2.01786
97.38018 2.03778
97.38801 2.06839
97.39750 2.09806
97.40875 2.12677
97.42182 2.15449
97.47611 2.14675
97.53094 2.13626
97.57351 2.10532
97.61516 2.07331
97.65597 2.04024
97.69599 2.00614
97.72848 1.99283
97.76088 1.97860
97.79317 1.96348
97.82532 1.94749
97.83583 1.97361
97.84778 1.99875
97.86117 2.02290
97.87605 2.04602
97.88497 2.07467
97.89547 2.10241
97.90764 2.12922
97.92152 2.15509
97.98038 2.13895
98.03907 2.11998
98.08198 2.08838
98.12398 2.05566
98.16515 2.02186
98.20556 1.98699
98.23579 1.97771
98.26608 1.96754
98.29641 1.95651
98.32675 1.94462
98.33564 1.97366
98.34608 2.00167
98.35811 2.02865
98.37178 2.05455
98.38207 2.08073
98.39386 2.10604
98.40717 2.13046
98.42207 2.15397
98.48540 2.12963
98.54789 2.10233
98.59081 2.07062
98.63287 2.03777
98.67414 2.00381
98.71467 1.96876
98.77055 1.95794
98.82719 1.94371
98.83473 1.97518
98.84392 2.00558
98.85482 2.03490
98.86749 2.06312
98.87943 2.08636
98.89272 2.10878
98.90741 2.13035
98.92352 2.15105
98.95751 2.13534
98.99114 2.11883
99.02440 2.10154
99.05730 2.08349
99.09993 2.05224
99.14174 2.01984
99.18281 1.98632
99.22320 1.95169
99.27423 1.94989
99.32670 1.94468
99.33319 1.97804
99.34140 2.01029
99.35142 2.04144
99.36331 2.07146
99.37713 2.09135
99.39216 2.11046
99.40842 2.12876
99.42592 2.14624
99.46198 2.12685
99.49754 2.10661
99.53262 2.08554
99.56721 2.06365
99.60921 2.03344
99.65048 2.00209
99.69107 1.96961
99.73103 1.93602
99.77711 1.94343
99.82532 1.94742
99.83107 1.98208
99.83861 2.01563
99.84802 2.04805
99.85938 2.07931
99.89223 2.11095
99.92929 2.13949
99.96725 2.11673
100.00459 2.09305
100.04134 2.06848
100.07751 2.04304
100.11857 2.01445
100.15898 1.98472
100.19880 1.95388
100.23806 1.92194
100.25825 1.93071
100.27917 1.93862
100.30082 1.94564
100.32314 1.95178
100.32848 1.98714
100.33565 2.02138
100.34473 2.05449
100.35581 2.08643
100.39299 2.11010
100.43363 2.13079
100.47328 2.10501
100.51221 2.07825
100.55046 2.05054
100.58808 2.02189
100.62788 1.99548
100.66716 1.96795
100.70592 1.93933
100.74420 1.90963
100.76187 1.92298
100.78044 1.93543
100.79989 1.94696
100.82023 1.95758
100.82552 1.99302
100.83264 2.02735
100.84168 2.06054
100.85272 2.09258
100.89450 2.10782
100.93894 2.12016
100.98003 2.09177
101.02034 2.06234
101.05990 2.03190
101.09878 2.00046
101.13705 1.97676
101.17489 1.95198
101.21233 1.92614
101.24939 1.89925
101.26461 1.91702
101.28091 1.93384
101.29828 1.94970
101.31671 1.96460
101.32229 1.99950
101.32968 2.03330
101.33897 2.06599
101.35024 2.09754
101.39678 2.10402
101.44519 2.10764
101.48746 2.07711
101.52890 2.04548
101.56955 2.01278
101.60950 1.97902
101.64594 1.95854
101.68210 1.93701
101.71797 1.91446
101.75355 1.89090
101.76648 1.91284
101.78064 1.93378
101.79604 1.95371
101.81269 1.97262
101.81890 2.00636
101.82688 2.03904
101.83670 2.07062
101.84845 2.10111
101.89985 2.09865
101.95235 2.09330
101.99550 2.06115
102.03780 2.02784
102.07930 1.99339
102.12009 1.95783
102.15446 1.94103
102.18870 1.92322
102.22277 1.90443
102.25667 1.88466
102.26747 1.91043
102.27967 1.93515
102.29327 1.95881
102.30830 1.98139
102.31547 2.01337
102.32435 2.04433
102.33498 2.07425
102.34745 2.10309
102.40372 2.09166
102.46036 2.07727
102.50408 2.04403
102.54695 2.00959
102.58903 1.97396
102.63041 1.93717
102.66251 1.92445
102.69461 1.91078
102.72668 1.89614
102.75871 1.88056
102.76763 1.90975
102.77807 1.93783
102.79008 1.96479
102.80367 1.99063
102.81212 2.02030
102.82218 2.04899
102.83389 2.07668
102.84731 2.10335
102.90840 2.08305
102.96915 2.05968
103.01311 2.02593
103.05626 1.99094
103.09863 1.95474
103.14032 1.91732
103.16996 1.90903
103.19975 1.89981
103.22967 1.88965
103.25969 1.87858
103.26699 1.91070
103.27593 1.94167
103.28657 1.97146
103.29895 2.00007
103.30897 2.02690
103.32048 2.05281
103.33351 2.07777
103.34811 2.10175
103.38109 2.08770
103.41385 2.07284
103.44637 2.05716
103.47863 2.04069
103.52251 2.00703
103.56560 1.97211
103.60798 1.93595
103.64970 1.89855
103.67675 1.89495
103.70410 1.89044
103.73174 1.88501
103.75964 1.87867
103.76562 1.91318
103.77333 1.94648
103.78286 1.97857
103.79426 2.00943
103.80613 2.03296
103.81933 2.05561
103.83391 2.07736
103.84988 2.09818
103.88515 2.08007
103.92006 2.06107
103.95458 2.04121
103.98872 2.02050
104.03216 1.98754
104.07489 1.95331
104.11695 1.91783
104.15842 1.88111
104.18276 1.88238
104.20760 1.88275
104.23289 1.88220
104.25860 1.88074
104.26358 1.91703
104.27038 1.95208
104.27908 1.98589
104.28974 2.01844
104.30369 2.03826
104.31881 2.05723
104.33513 2.07535
104.35267 2.09259
104.39007 2.07068
104.42697 2.04781
104.46338 2.02402
104.49930 1.99932
104.54197 1.96768
104.58401 1.93477
104.62544 1.90062
104.66635 1.86523
104.68796 1.87147
104.71023 1.87679
104.73314 1.88118
104.75664 1.88464
104.76097 1.92208
104.76718 1.95827
104.77535 1.99319
104.78554 2.02683
104.80176 2.04258
104.81900 2.05752
104.83723 2.07164
104.85649 2.08494
104.89583 2.05956
104.93454 2.03317
104.97268 2.00577
105.01025 1.97740
105.05182 1.94769
105.09284 1.91673
105.13334 1.88454
105.17339 1.85113
105.19228 1.86233
105.21200 1.87258
105.23253 1.88188
105.25385 1.89021
105.25790 1.92814
105.26385 1.96481
105.27178 2.00021
105.28178 2.03434
105.31993 2.05635
105.36134 2.07521
105.40237 2.04678
105.44271 2.01725
105.48238 1.98665
105.52145 1.95500
105.56158 1.92780
105.60128 1.89939
105.64055 1.86979
105.67945 1.83900
105.69567 1.85505
105.71290 1.87012
105.73113 1.88418
105.75033 1.89722
105.75447 1.93497
105.76050 1.97148
105.76851 2.00673
105.77859 2.04071
105.82167 2.05361
105.86722 2.06345
105.90968 2.03241
105.95139 2.00021
105.99238 1.96687
106.03275 1.93239
106.07114 1.90827
106.10922 1.88299
106.14698 1.85655
106.18445 1.82897
106.19813 1.84967
106.21298 1.86933
106.22901 1.88793
106.24621 1.90546
106.25080 1.94236
106.25725 1.97805
106.26565 2.01251
106.27607 2.04574
106.32423 2.04924
106.37408 2.04970
106.41769 2.01657
106.46049 1.98221
106.50257 1.94664
106.54401 1.90985
106.58038 1.88935
106.61657 1.86772
106.65256 1.84499
106.68835 1.82116
106.69964 1.84621
106.71227 1.87015
106.72625 1.89296
106.74161 1.91464
106.74700 1.95006
106.75421 1.98429
106.76329 2.01735
106.77433 2.04920
106.82765 2.04317
106.88189 2.03406
106.92632 1.99940
106.96994 1.96344
107.01284 1.92620
107.05508 1.88769
107.08919 1.87127
107.12324 1.85377
107.15722 1.83522
107.19111 1.81562
107.20024 1.84463
107.21085 1.87245
107.22298 1.89908
107.23667 1.92451
107.24323 1.95781
107.25150 1.98999
107.26156 2.02103
107.27346 2.05092
107.33192 2.03539
107.39058 2.01667
107.43550 1.98106
107.47962 1.94410
107.52303 1.90581
107.56582 1.86619
107.59743 1.85427
107.62914 1.84132
107.66091 1.82735
107.69273 1.81237
107.69994 1.84486
107.70878 1.87609
107.71930 1.90606
107.73153 1.93477
107.73957 1.96537
107.74922 1.99492
107.76052 2.02338
107.77354 2.05075
107.80533 2.03874
107.83703 2.02588
107.86862 2.01219
107.90008 1.99767
107.94513 1.96173
107.98943 1.92441
108.03306 1.88571
108.07609 1.84564
108.10503 1.83857
108.13421 1.83050
108.16362 1.82143
108.19321 1.81139
108.19882 1.84680
108.20618 1.88089
108.21533 1.91367
108.22635 1.94512
108.23616 1.97250
108.24746 1.99888
108.26026 2.02424
108.27462 2.04856
108.30892 2.03208
108.34297 2.01469
108.37676 1.99641
108.41027 1.97726
108.45511 1.94162
108.49925 1.90459
108.54277 1.86616
108.58573 1.82634
108.61186 1.82437
108.63841 1.82142
108.66534 1.81749
108.69261 1.81259
108.69693 1.85031
108.70311 1.88667
108.71120 1.92166
108.72126 1.95527
108.73313 1.97895
108.74632 2.00169
108.76086 2.02347
108.77677 2.04426
108.81342 2.02355
108.84969 2.00187
108.88557 1.97922
108.92108 1.95564
108.96534 1.92097
109.00898 1.88489
109.05204 1.84742
109.09462 1.80855
109.11787 1.81185
109.14169 1.81416
109.16607 1.81550
109.19097 1.81585
109.19438 1.85522
109.19971 1.89319
109.20704 1.92976
109.21643 1.96493
109.23057 1.98450
109.24588 2.00318
109.26235 2.02095
109.27999 2.03779
109.31882 2.01317
109.35715 1.98749
109.39499 1.96078
109.43237 1.93305
109.47569 1.89999
109.51847 1.86555
109.56077 1.82973
109.60263 1.79252
109.62296 1.80115
109.64404 1.80877
109.66587 1.81539
109.68838 1.82101
109.69125 1.86134
109.69610 1.90024
109.70298 1.93774
109.71198 1.97381
109.72860 1.98893
109.74621 2.00319
109.76478 2.01660
109.78432 2.02913
109.82510 2.00098
109.86529 1.97168
109.90491 1.94127
109.94400 1.90975
109.98604 1.87896
110.02764 1.84681
110.06883 1.81332
110.10965 1.77846
110.12709 1.79238
110.14547 1.80526
110.16476 1.81709
110.18495 1.82786
110.18767 1.86843
110.19238 1.90758
110.19914 1.94532
110.20805 1.98165
110.24735 2.00162
110.28974 2.01827
110.33222 1.98704
110.37403 1.95457
110.41523 1.92090
110.45586 1.88603
110.49627 1.85813
110.53635 1.82891
110.57611 1.79839
110.61559 1.76657
110.63023 1.78563
110.64598 1.80359
110.66283 1.82044
110.68079 1.83617
110.68376 1.87626
110.68869 1.91496
110.69567 1.95227
110.70477 1.98820
110.74936 1.99835
110.79623 2.00526
110.84012 1.97145
110.88330 1.93632
110.92583 1.89990
110.96777 1.86218
111.00624 1.83776
111.04450 1.81208
111.08254 1.78515
111.12037 1.75698
111.13235 1.78092
111.14562 1.80369
111.16018 1.82528
111.17603 1.84567
111.17963 1.88458
111.18516 1.92214
111.19267 1.95835
111.20225 1.99321
111.25226 1.99332
111.30377 1.99019
111.34875 1.95434
111.39300 1.91712
111.43659 1.87851
111.47960 1.83851
111.51583 1.81812
111.55198 1.79654
111.58802 1.77376
111.62396 1.74979
111.63347 1.77826
111.64444 1.80546
111.65689 1.83140
111.67082 1.85607
111.67544 1.89311
111.68189 1.92887
111.69026 1.96333
111.70060 1.99650
111.75606 1.98648
111.81228 1.97315
111.85801 1.93588
111.90302 1.89715
111.94738 1.85698
111.99118 1.81534
112.02492 1.79948
112.05870 1.78247
112.09251 1.76433
112.12632 1.74506
112.13362 1.77759
112.14253 1.80876
112.15308 1.83859
112.16531 1.86707
112.17129 1.90161
112.17901 1.93493
112.18853 1.96702
112.19991 1.99787
112.23032 1.98827
112.26077 1.97780
112.29124 1.96647
112.32170 1.95429
112.36783 1.91623
112.41326 1.87666
112.45807 1.83558
112.50236 1.79297
112.53338 1.78206
112.56458 1.77005
112.59595 1.75696
112.62745 1.74278
112.63283 1.77882
112.63996 1.81343
112.64889 1.84661
112.65966 1.87836
112.66734 1.90980
112.67663 1.94009
112.68759 1.96922
112.70025 1.99717
112.73337 1.98271
112.76637 1.96731
112.79923 1.95100
112.83194 1.93379
112.87810 1.89560
112.92360 1.85586
112.96853 1.81458
113.01297 1.77173
113.04109 1.76611
113.06956 1.75943
113.09833 1.75169
113.12738 1.74290
113.13118 1.78183
113.13685 1.81926
113.14445 1.85519
113.15402 1.88963
113.16370 1.91742
113.17484 1.94414
113.18749 1.96977
113.20168 1.99430
113.23739 1.97517
113.27283 1.95505
113.30800 1.93394
113.34290 1.91185
113.38871 1.87421
113.43392 1.83502
113.47862 1.79426
113.52287 1.75191
113.54796 1.75183
113.57357 1.75071
113.59965 1.74854
113.62617 1.74532
113.62874 1.78646
113.63330 1.82603
113.63988 1.86406
113.64855 1.90055
113.66049 1.92422
113.67375 1.94689
113.68833 1.96854
113.70424 1.98916
113.74237 1.96566
113.78012 1.94108
113.81747 1.91542
113.85447 1.88871
113.89955 1.85232
113.94410 1.81438
113.98820 1.77488
114.03192 1.73380
114.05392 1.73941
114.07660 1.74396
114.09993 1.74745
114.12388 1.74988
114.12564 1.79250
114.12944 1.83352
114.13534 1.87296
114.14340 1.91083
114.15784 1.92998
114.17342 1.94818
114.19013 1.96543
114.20796 1.98170
114.24831 1.95419
114.28817 1.92550
114.32755 1.89564
114.36650 1.86462
114.41047 1.83018
114.45401 1.79421
114.49716 1.75671
114.53998 1.71766
114.55888 1.72899
114.57862 1.73922
114.59922 1.74836
114.62061 1.75640
114.62197 1.79973
114.62539 1.84146
114.63095 1.88160
114.63872 1.92017
114.65585 1.93446
114.67393 1.94786
114.69293 1.96034
114.71285 1.97192
114.75517 1.94082
114.79691 1.90843
114.83814 1.87478
114.87887 1.83986
114.92136 1.80806
114.96351 1.77476
115.00536 1.73998
115.04695 1.70370
115.06279 1.72067
115.07967 1.73648
115.09757 1.75114
115.11649 1.76463
115.11786 1.80791
115.12129 1.84961
115.12687 1.88973
115.13466 1.92829
115.15461 1.93747
115.17533 1.94580
115.19675 1.95325
115.21889 1.95981
115.26290 1.92562
115.30628 1.89004
115.34910 1.85309
115.39142 1.81476
115.43207 1.78624
115.47249 1.75630
115.51270 1.72493
115.55273 1.69212
115.56562 1.71453
115.57974 1.73570
115.59508 1.75562
115.61164 1.77431
115.61343 1.81678
115.61727 1.85769
115.62321 1.89708
115.63133 1.93493
115.67764 1.94191
115.72606 1.94546
115.77145 1.90872
115.81618 1.87050
115.86034 1.83080
115.90399 1.78961
115.94247 1.76501
115.98084 1.73905
116.01910 1.71174
116.05726 1.68306
116.06737 1.71058
116.07890 1.73677
116.09184 1.76162
116.10622 1.78514
116.10884 1.82605
116.11345 1.86546
116.12010 1.90340
116.12886 1.93986
116.18092 1.93613
116.23432 1.92894
116.28074 1.89025
116.32650 1.85000
116.37169 1.80817
116.41641 1.76475
116.45242 1.74464
116.48844 1.72325
116.52446 1.70057
116.56048 1.67661
116.56805 1.70881
116.57722 1.73958
116.58799 1.76891
116.60038 1.79680
116.60423 1.83544
116.60997 1.87266
116.61765 1.90848
116.62734 1.94288
116.65616 1.93609
116.68515 1.92841
116.71431 1.91984
116.74359 1.91038
116.79069 1.87039
116.83714 1.82877
116.88305 1.78549
116.92851 1.74053
116.96178 1.72542
116.99520 1.70909
117.02874 1.69155
117.06238 1.67279
117.06769 1.70915
117.07477 1.74396
117.08363 1.77723
117.09429 1.80897
117.09974 1.84467
117.10695 1.87905
117.11598 1.91209
117.12687 1.94380
117.15860 1.93175
117.19035 1.91875
117.22209 1.90482
117.25380 1.88995
117.30119 1.84935
117.34798 1.80705
117.39426 1.76304
117.44013 1.71727
117.47044 1.70760
117.50103 1.69676
117.53188 1.68476
117.56297 1.67160
117.56637 1.71149
117.57167 1.74972
117.57891 1.78632
117.58811 1.82132
117.59548 1.85347
117.60449 1.88439
117.61516 1.91406
117.62752 1.94248
117.66207 1.92535
117.69649 1.90718
117.73075 1.88801
117.76485 1.86783
117.81214 1.82733
117.85889 1.78509
117.90518 1.74110
117.95110 1.69532
117.97827 1.69142
118.00588 1.68639
118.03389 1.68024
118.06228 1.67295
118.06414 1.71566
118.06803 1.75663
118.07396 1.79591
118.08201 1.83349
118.09162 1.86155
118.10270 1.88847
118.11527 1.91423
118.12935 1.93882
118.16657 1.91684
118.20352 1.89374
118.24021 1.86955
118.27662 1.84426
118.32342 1.80458
118.36973 1.76316
118.41565 1.71998
118.46126 1.67499
118.48516 1.67711
118.50967 1.67810
118.53476 1.67797
118.56039 1.67671
118.56112 1.72148
118.56397 1.76446
118.56896 1.80568
118.57616 1.84517
118.58828 1.86867
118.60168 1.89110
118.61638 1.91246
118.63238 1.93273
118.67209 1.90623
118.71142 1.87852
118.75038 1.84961
118.78900 1.81949
118.83490 1.78138
118.88039 1.74154
118.92555 1.69996
118.97045 1.65658
118.99104 1.66484
119.01241 1.67194
119.03454 1.67790
119.05739 1.68270
119.05742 1.72873
119.05962 1.77294
119.06403 1.81537
119.07072 1.85604
119.08556 1.87458
119.10150 1.89212
119.11853 1.90865
119.13666 1.92417
119.17861 1.89357
119.22011 1.86164
119.26116 1.82838
119.30184 1.79380
119.34643 1.75799
119.39071 1.72050
119.43473 1.68131
119.47855 1.64037
119.49582 1.65476
119.51407 1.66794
119.53327 1.67992
119.55339 1.69068
119.55317 1.73716
119.55513 1.78180
119.55934 1.82467
119.56584 1.86578
119.58359 1.87905
119.60223 1.89137
119.62176 1.90273
119.64216 1.91314
119.68610 1.87890
119.72951 1.84322
119.77245 1.80609
119.81498 1.76750
119.85788 1.73472
119.90057 1.70033
119.94307 1.66429
119.98544 1.62658
119.99947 1.64697
120.01468 1.66607
120.03104 1.68388
120.04853 1.70039
120.04850 1.74648
120.05064 1.79077
120.05500 1.83331
120.06167 1.87412
120.08244 1.88189
120.10392 1.88874
120.12608 1.89467
120.14889 1.89967
120.19451 1.86235
120.23956 1.82345
120.28412 1.78298
120.32827 1.74091
120.36911 1.71187
120.40983 1.68128
120.45046 1.64913
120.49102 1.61540
120.50196 1.64153
120.51427 1.66626
120.52794 1.68959
120.54296 1.71153
120.54356 1.75641
120.54628 1.79956
120.55118 1.84102
120.55832 1.88079
120.58221 1.88291
120.60660 1.88414
120.63147 1.88444
120.65680 1.88384
120.70375 1.84402
120.75013 1.80251
120.79603 1.75931
120.84152 1.71438
120.87995 1.68973
120.91838 1.66361
120.95680 1.63603
120.99523 1.60697
121.00328 1.63845
121.01290 1.66840
121.02409 1.69684
121.03683 1.72376
121.03849 1.76666
121.04219 1.80791
121.04799 1.84754
121.05593 1.88555
121.08295 1.88199
121.11030 1.87750
121.13793 1.87209
121.16583 1.86576
121.21376 1.82408
121.26113 1.78063
121.30803 1.73538
121.35457 1.68827
121.39027 1.66861
121.42609 1.64757
121.46201 1.62516
121.49802 1.60136
121.50347 1.63769
121.51066 1.67234
121.51962 1.70535
121.53034 1.73673
121.53346 1.77691
121.53851 1.81554
121.54554 1.85264
121.55460 1.88821
121.58473 1.87900
121.61502 1.86881
121.64542 1.85766
121.67592 1.84555
121.72444 1.80273
121.77243 1.75805
121.81999 1.71147
121.86723 1.66294
121.89993 1.64880
121.93287 1.63336
121.96604 1.61663
121.99940 1.59860
122.00256 1.63915
122.00765 1.67789
122.01467 1.71487
122.02364 1.75011
122.02861 1.78688
122.03536 1.82222
122.04394 1.85612
122.05440 1.88858
122.08758 1.87385
122.12075 1.85807
122.15389 1.84126
122.18698 1.82342
122.23568 1.78018
122.28390 1.73502
122.33174 1.68790
122.37931 1.63876
122.40878 1.63058
122.43864 1.62117
122.46884 1.61052
122.49938 1.59863
122.50064 1.64269
122.50397 1.68482
122.50939 1.72508
122.51693 1.76351
122.52408 1.79626
122.53286 1.82769
122.54329 1.85778
122.55542 1.88654
122.59152 1.86649
122.62746 1.84530
122.66326 1.82299
122.69890 1.79957
122.74737 1.75667
122.79541 1.71182
122.84314 1.66498
122.89065 1.61607
122.91671 1.61420
122.94331 1.61113
122.97042 1.60684
122.99801 1.60135
122.99780 1.64813
122.99977 1.69289
123.00395 1.73570
123.01038 1.77660
123.02001 1.80478
123.03110 1.83174
123.04365 1.85747
123.05770 1.88197
123.09655 1.85690
123.13514 1.83058
123.17347 1.80303
123.21156 1.77424
123.25936 1.73247
123.30682 1.68874
123.35402 1.64302
123.40106 1.59523
123.42360 1.59990
123.44686 1.60334
123.47079 1.60557
123.49538 1.60659
123.49414 1.65524
123.49517 1.70182
123.49850 1.74640
123.50416 1.78902
123.51654 1.81216
123.53018 1.83418
123.54509 1.85506
123.56127 1.87480
123.60266 1.84509
123.64369 1.81401
123.68441 1.78155
123.72481 1.74772
123.77153 1.70786
123.81798 1.66608
123.86424 1.62233
123.91039 1.57655
123.92938 1.58784
123.94925 1.59786
123.97001 1.60663
123.99160 1.61413
123.98981 1.66378
123.99032 1.71134
123.99318 1.75687
123.99845 1.80043
124.01379 1.81816
124.03019 1.83484
124.04765 1.85046
124.06616 1.86502
124.10983 1.83111
124.15308 1.79570
124.19596 1.75877
124.23851 1.72030
124.28372 1.68315
124.32875 1.64412
124.37366 1.60320
124.41850 1.56032
124.43396 1.57818
124.45050 1.59470
124.46813 1.60987
124.48681 1.62370
124.48494 1.67346
124.48537 1.72115
124.48818 1.76682
124.49339 1.81053
124.51186 1.82255
124.53119 1.83358
124.55135 1.84360
124.57235 1.85262
124.61801 1.81504
124.66321 1.77582
124.70801 1.73493
124.75249 1.69233
124.79577 1.65865
124.83898 1.62318
124.88213 1.58590
124.92527 1.54676
124.93729 1.57102
124.95063 1.59380
124.96525 1.61513
124.98115 1.63500
124.97968 1.68399
124.98048 1.73094
124.98362 1.77594
124.98914 1.81902
125.01084 1.82513
125.03321 1.83028
125.05621 1.83445
125.07982 1.83765
125.12714 1.79700
125.17398 1.75455
125.22042 1.71029
125.26657 1.66416
125.30755 1.63469
125.34853 1.60353
125.38954 1.57067
125.43061 1.53608
125.43939 1.56639
125.44968 1.59508
125.46149 1.62217
125.47480 1.64768
125.47419 1.69503
125.47580 1.74044
125.47965 1.78396
125.48582 1.82564
125.51082 1.82574
125.53630 1.82486
125.56221 1.82302
125.58853 1.82021
125.63714 1.77712
125.68528 1.73212
125.73305 1.68515
125.78056 1.63616
125.81887 1.61159
125.85728 1.58545
125.89580 1.55773
125.93444 1.52839
125.94022 1.56429
125.94773 1.59840
125.95698 1.63076
125.96794 1.66139
125.96864 1.70628
125.97144 1.74935
125.97640 1.79063
125.98356 1.83015
126.01187 1.82421
126.04047 1.81728
126.06934 1.80934
126.09842 1.80042
126.14794 1.75559
126.19701 1.70874
126.24575 1.65981
126.29428 1.60870
126.32958 1.58968
126.36509 1.56919
126.40082 1.54722
126.43675 1.52376
126.43985 1.56465
126.44489 1.60357
126.45185 1.64059
126.46076 1.67574
126.46319 1.71741
126.46758 1.75739
126.47399 1.79569
126.48246 1.83235
126.51403 1.82046
126.54573 1.80750
126.57753 1.79349
126.60941 1.77843
126.65941 1.73262
126.70902 1.68470
126.75834 1.63459
126.80753 1.58220
126.83953 1.56927
126.87188 1.55497
126.90455 1.53928
126.93753 1.52219
126.93834 1.56734
126.94126 1.61038
126.94629 1.65136
126.95345 1.69035
126.95798 1.72810
126.96432 1.76430
126.97252 1.79895
126.98259 1.83207
127.01734 1.81439
127.05206 1.79556
127.08675 1.77557
127.12139 1.75445
127.17146 1.70844
127.22119 1.66026
127.27068 1.60982
127.32010 1.55703
127.34859 1.55065
127.37756 1.54294
127.40698 1.53392
127.43684 1.52357
127.43580 1.57216
127.43702 1.61849
127.44050 1.66265
127.44627 1.70471
127.45324 1.73796
127.46185 1.76978
127.47212 1.80018
127.48406 1.82916
127.52180 1.80600
127.55939 1.78158
127.59685 1.75589
127.63417 1.72894
127.68385 1.68354
127.73327 1.63594
127.78253 1.58606
127.83176 1.53378
127.85659 1.53419
127.88208 1.53330
127.90817 1.53110
127.93485 1.52761
127.93243 1.57875
127.93237 1.62753
127.93471 1.67406
127.93945 1.71842
127.94913 1.74666
127.96024 1.77361
127.97283 1.79925
127.98687 1.82359
128.02741 1.79531
128.06770 1.76562
128.10778 1.73453
128.14766 1.70203
128.19652 1.65804
128.24520 1.61185
128.29379 1.56340
128.34240 1.51256
128.36349 1.51996
128.38540 1.52604
128.40811 1.53079
128.43158 1.53421
128.42826 1.58700
128.42738 1.63737
128.42896 1.68544
128.43304 1.73130
128.44567 1.75410
128.45954 1.77571
128.47466 1.79613
128.49103 1.81534
128.53412 1.78234
128.57691 1.74778
128.61944 1.71166
128.66173 1.67395
128.70934 1.63219
128.75686 1.58827
128.80432 1.54214
128.85187 1.49368
128.86919 1.50814
128.88753 1.52120
128.90686 1.53286
128.92715 1.54313
128.92343 1.59663
128.92218 1.64771
128.92343 1.69647
128.92721 1.74302
128.94300 1.76002
128.95982 1.77593
128.97768 1.79071
128.99654 1.80438
129.04193 1.76714
129.08697 1.72819
129.13170 1.68749
129.17623 1.64501
129.22217 1.60630
129.26806 1.56551
129.31400 1.52258
129.36002 1.47743
129.37361 1.49886
129.38846 1.51877
129.40450 1.53717
129.42171 1.55406
129.41809 1.60734
129.41692 1.65823
129.41826 1.70685
129.42212 1.75327
129.44120 1.76422
129.46112 1.77411
129.48186 1.78295
129.50339 1.79073
129.55077 1.74981
129.59776 1.70701
129.64448 1.66228
129.69098 1.61556
129.73480 1.58069
129.77867 1.54386
129.82263 1.50500
129.86674 1.46405
129.87675 1.49222
129.88820 1.51870
129.90111 1.54351
129.91544 1.56668
129.91239 1.61882
129.91177 1.66865
129.91359 1.71628
129.91790 1.76177
129.94038 1.76648
129.96350 1.77017
129.98724 1.77283
130.01156 1.77446
130.06056 1.73047
130.10921 1.68443
130.15759 1.63630
130.20581 1.58597
130.24712 1.55572
130.28856 1.52362
130.33016 1.48964
130.37194 1.45373
130.37856 1.48824
130.38686 1.52087
130.39684 1.55165
130.40850 1.58062
130.40653 1.63074
130.40687 1.67866
130.40958 1.72448
130.41469 1.76826
130.44062 1.76666
130.46700 1.76402
130.49380 1.76035
130.52099 1.75565
130.57127 1.70927
130.62119 1.66069
130.67090 1.60984
130.72052 1.55661
130.75893 1.53170
130.79757 1.50508
130.83644 1.47672
130.87554 1.44658
130.87906 1.48690
130.88451 1.52512
130.89185 1.56130
130.90109 1.59550
130.90064 1.64276
130.90237 1.68797
130.90634 1.73120
130.91259 1.77250
130.94196 1.76461
130.97161 1.75563
131.00150 1.74557
131.03163 1.73444
131.08276 1.68638
131.13359 1.63601
131.18426 1.58323
131.23491 1.52789
131.27009 1.50899
131.30559 1.48849
131.34140 1.46639
131.37753 1.44266
131.37830 1.48811
131.38123 1.53124
131.38625 1.57216
131.39340 1.61093
131.39489 1.65456
131.39842 1.69630
131.40400 1.73621
131.41171 1.77432
131.44446 1.76022
131.47734 1.74497
131.51031 1.72855
131.54339 1.71099
131.59494 1.66204
131.64627 1.61068
131.69750 1.55679
131.74878 1.50021
131.78042 1.48789
131.81251 1.47407
131.84502 1.45876
131.87792 1.44195
131.87637 1.49174
131.87716 1.53902
131.88026 1.58391
131.88564 1.62651
131.88944 1.66582
131.89511 1.70340
131.90266 1.73930
131.91214 1.77354
131.94816 1.75344
131.98417 1.73206
132.02017 1.70942
132.05616 1.68551
132.10771 1.63648
132.15910 1.58498
132.21044 1.53087
132.26192 1.47399
132.28980 1.46871
132.31825 1.46202
132.34724 1.45390
132.37675 1.44434
132.37335 1.49759
132.37243 1.54816
132.37398 1.59622
132.37800 1.64186
132.38446 1.67621
132.39259 1.70902
132.40241 1.74029
132.41392 1.77004
132.45305 1.74421
132.49207 1.71697
132.53100 1.68831
132.56983 1.65823
132.62092 1.60997
132.67190 1.55921
132.72294 1.50581
132.77414 1.44961
132.79806 1.45174
132.82272 1.45246
132.84807 1.45177
132.87412 1.44967
132.86938 1.50542
132.86722 1.55838
132.86765 1.60873
132.87067 1.65659
132.88008 1.68547
132.89095 1.71295
132.90330 1.73903
132.91710 1.76372
132.95914 1.73254
133.00099 1.69977
133.04268 1.66541
133.08426 1.62943
133.13442 1.58281
133.18455 1.53370
133.23478 1.48197
133.28525 1.42746
133.30511 1.43721
133.32590 1.44549
133.34758 1.45233
133.37013 1.45772
133.36456 1.51496
133.36166 1.56937
133.36141 1.62112
133.36382 1.67033
133.37643 1.69330
133.39028 1.71499
133.40538 1.73541
133.42172 1.75455
133.46642 1.71844
133.51088 1.68058
133.55514 1.64091
133.59929 1.59942
133.64805 1.55531
133.69686 1.50877
133.74582 1.45969
133.79506 1.40790
133.81084 1.42531
133.82778 1.44115
133.84581 1.45544
133.86492 1.46818
133.85907 1.52590
133.85592 1.58080
133.85543 1.63304
133.85764 1.68275
133.87364 1.69946
133.89068 1.71499
133.90872 1.72934
133.92778 1.74250
133.97484 1.70200
134.02163 1.65954
134.06824 1.61507
134.11477 1.56853
134.16166 1.52781
134.20868 1.48476
134.25590 1.43928
134.30342 1.39124
134.31520 1.41620
134.32836 1.43941
134.34286 1.46091
134.35868 1.48072
134.35310 1.53792
134.35016 1.59235
134.34989 1.64418
134.35229 1.69352
134.37180 1.70372
134.39217 1.71280
134.41332 1.72076
134.43525 1.72761
134.48434 1.68330
134.53318 1.63683
134.58186 1.58814
134.63050 1.53712
134.67509 1.50066
134.71985 1.46200
134.76486 1.42107
134.81020 1.37774
134.81812 1.40995
134.82769 1.44020
134.83886 1.46852
134.85159 1.49498
134.84679 1.55066
134.84456 1.60369
134.84493 1.65422
134.84791 1.70235
134.87104 1.70588
134.89482 1.70832
134.91918 1.70967
134.94412 1.70993
134.99488 1.66247
135.04541 1.61267
135.09584 1.56042
135.14630 1.50560
135.18812 1.47422
135.23020 1.44081
135.27259 1.40529
135.31530 1.36760
135.31964 1.40660
135.32585 1.44337
135.33393 1.47799
135.34384 1.51054
135.34032 1.56377
135.33927 1.61451
135.34069 1.66288
135.34463 1.70897
135.37141 1.70579
135.39865 1.70149
135.42630 1.69608
135.45433 1.68957
135.50636 1.63969
135.55821 1.58728
135.61001 1.53223
135.66194 1.47436
135.70060 1.44887
135.73960 1.42149
135.77896 1.39219
135.81867 1.36092
135.81972 1.40609
135.82293 1.44874
135.82825 1.48901
135.83564 1.52699
135.83388 1.57690
135.83445 1.62450
135.83732 1.66990
135.84256 1.71316
135.87298 1.70329
135.90367 1.69226
135.93463 1.68005
135.96581 1.66668
136.01868 1.61514
136.07143 1.56093
136.12422 1.50391
136.17723 1.44385
136.21234 1.42495
136.24791 1.40432
136.28389 1.38194
136.32028 1.35776
136.31847 1.40831
136.31906 1.45608
136.32198 1.50124
136.32721 1.54391
136.32765 1.58969
136.33021 1.63338
136.33494 1.67504
136.34182 1.71471
136.37578 1.69830
136.40989 1.68061
136.44412 1.66165
136.47847 1.64142
136.53173 1.58906
136.58494 1.53391
136.63829 1.47581
136.69193 1.41451
136.72319 1.40283
136.75500 1.38954
136.78732 1.37463
136.82015 1.35808
136.81595 1.41311
136.81436 1.46512
136.81530 1.51432
136.81876 1.56086
136.82178 1.60181
136.82672 1.64086
136.83362 1.67807
136.84246 1.71348
136.87986 1.69074
136.91729 1.66659
136.95473 1.64102
136.99220 1.61402
137.04538 1.56170
137.09861 1.50652
137.15201 1.44830
137.20583 1.38678
137.23298 1.38284
137.26080 1.37735
137.28927 1.37032
137.31835 1.36174
137.31229 1.42025
137.30900 1.47556
137.30842 1.52790
137.31050 1.57745
137.31645 1.61293
137.32410 1.64671
137.33348 1.67884
137.34457 1.70932
137.38522 1.68058
137.42580 1.65024
137.46635 1.61830
137.50687 1.58473
137.55949 1.53336
137.61223 1.47910
137.66523 1.42177
137.71870 1.36110
137.74154 1.36527
137.76522 1.36790
137.78972 1.36899
137.81498 1.36854
137.80762 1.42946
137.80315 1.48706
137.80150 1.54160
137.80263 1.59325
137.81179 1.62274
137.82244 1.65071
137.83457 1.67718
137.84818 1.70217
137.89185 1.66781
137.93541 1.63166
137.97888 1.59368
138.02235 1.55384
138.07393 1.50434
138.12566 1.45198
138.17774 1.39659
138.23033 1.33790
138.24877 1.35040
138.26823 1.36128
138.28871 1.37055
138.31018 1.37821
138.30210 1.44044
138.29698 1.49930
138.29472 1.55506
138.29534 1.60790
138.30795 1.63095
138.32182 1.65265
138.33695 1.67299
138.35331 1.69197
138.39973 1.65248
138.44603 1.61097
138.49224 1.56740
138.53846 1.52168
138.58848 1.47500
138.63873 1.42554
138.68936 1.37314
138.74053 1.31756
138.75454 1.33842
138.76982 1.35751
138.78636 1.37483
138.80410 1.39042
138.79591 1.45283
138.79066 1.51192
138.78829 1.56792
138.78880 1.62104
138.80505 1.63733
138.82236 1.65237
138.84067 1.66617
138.85997 1.67871
138.90884 1.63465
138.95757 1.58834
139.00626 1.53969
139.05503 1.48859
139.10298 1.44568
139.15124 1.40012
139.19993 1.35177
139.24912 1.30043
139.25880 1.32951
139.27001 1.35655
139.28276 1.38162
139.29696 1.40476
139.28921 1.46628
139.28436 1.52456
139.28236 1.57985
139.28319 1.63232
139.30323 1.64162
139.32407 1.64974
139.34572 1.65668
139.36814 1.66243
139.41910 1.61443
139.46995 1.56394
139.52082 1.51085
139.57187 1.45498
139.61728 1.41677
139.66305 1.37609
139.70925 1.33281
139.75598 1.28678
139.76150 1.32372
139.76887 1.35831
139.77803 1.39065
139.78896 1.42084
139.78221 1.48040
139.77828 1.53689
139.77709 1.59053
139.77865 1.64146
139.80252 1.64364
139.82703 1.64466
139.85212 1.64451
139.87779 1.64320
139.93044 1.59196
139.98305 1.53801
140.03576 1.48118
140.08876 1.42127
140.13115 1.38867
140.17395 1.35380
140.21721 1.31656
140.26098 1.27684
140.26265 1.32108
140.26646 1.36262
140.27237 1.40162
140.28031 1.43819
140.27512 1.49481
140.27256 1.54857
140.27264 1.59965
140.27532 1.64818
140.30306 1.64321
140.33126 1.63704
140.35986 1.62968
140.38885 1.62113
140.44281 1.56742
140.49676 1.51079
140.55091 1.45103
140.60548 1.38789
140.64440 1.36177
140.68378 1.33358
140.72366 1.30326
140.76407 1.27072
140.76228 1.32152
140.76291 1.36926
140.76593 1.41415
140.77125 1.45636
140.76810 1.50913
140.76739 1.55928
140.76912 1.60695
140.77331 1.65226
140.80488 1.64020
140.83674 1.62687
140.86889 1.61226
140.90126 1.59637
140.95604 1.54102
141.01092 1.48256
141.06609 1.42077
141.12179 1.35532
141.15684 1.33648
141.19243 1.31574
141.22855 1.29308
141.26523 1.26845
141.26045 1.32490
141.25836 1.37796
141.25891 1.42789
141.26202 1.47490
141.26134 1.52298
141.26289 1.56870
141.26669 1.61219
141.27273 1.65349
141.30803 1.63451
141.34351 1.61413
141.37914 1.59233
141.41492 1.56911
141.47005 1.51299
141.52538 1.45364
141.58109 1.39077
141.63746 1.32405
141.66828 1.31317
141.69973 1.30054
141.73182 1.28615
141.76451 1.26996
141.75726 1.33103
141.75296 1.38842
141.75151 1.44244
141.75283 1.49334
141.75502 1.53600
141.75923 1.57658
141.76543 1.61514
141.77364 1.65172
141.81254 1.62608
141.85152 1.59885
141.89057 1.57002
141.92972 1.53958
141.98471 1.48362
142.03997 1.42434
142.09572 1.36145
142.15223 1.29457
142.17852 1.29222
142.20560 1.28820
142.23342 1.28249
142.26197 1.27509
142.25288 1.33965
142.24690 1.40030
142.24394 1.45741
142.24391 1.51124
142.24932 1.54787
142.25650 1.58265
142.26543 1.61562
142.27612 1.64682
142.31842 1.61486
142.36074 1.58110
142.40309 1.54551
142.44552 1.50804
142.49985 1.45321
142.55453 1.39503
142.60979 1.33321
142.66586 1.26736
142.68743 1.27397
142.70996 1.27887
142.73341 1.28207
142.75776 1.28359
142.74743 1.35042
142.74035 1.41323
142.73639 1.47239
142.73546 1.52820
142.74439 1.55825
142.75482 1.58667
142.76677 1.61349
142.78021 1.63872
142.82566 1.60088
142.87110 1.56099
142.91658 1.51899
142.96217 1.47480
143.01530 1.42209
143.06888 1.36608
143.12307 1.30647
143.17813 1.24290
143.19486 1.25869
143.21277 1.27264
143.23185 1.28478
143.25202 1.29513
143.24110 1.36301
143.23350 1.42684
143.22903 1.48700
143.22769 1.54379
143.24036 1.56686
143.25429 1.58847
143.26949 1.60863
143.28591 1.62736
143.33423 1.58416
143.38254 1.53863
143.43092 1.49069
143.47950 1.44020
143.53091 1.39064
143.58282 1.33788
143.63537 1.28165
143.68879 1.22163
143.70068 1.24662
143.71404 1.26953
143.72882 1.29041
143.74495 1.30931
143.73411 1.37703
143.72652 1.44075
143.72212 1.50087
143.72079 1.55766
143.73737 1.57342
143.75499 1.58786
143.77363 1.60097
143.79325 1.61275
143.84410 1.56479
143.89498 1.51421
143.94599 1.46089
143.99732 1.40462
144.04647 1.35924
144.09615 1.31082
144.14649 1.25915
144.19768 1.20392
144.20483 1.23792
144.21379 1.26948
144.22445 1.29871
144.23679 1.32570
144.22662 1.39206
144.21965 1.45459
144.21576 1.51364
144.21492 1.56947
144.23554 1.57771
144.25698 1.58471
144.27921 1.59045
144.30219 1.59493
144.35520 1.54288
144.40829 1.48792
144.46164 1.42988
144.51542 1.36848
144.56176 1.32830
144.60868 1.28530
144.65625 1.23932
144.70462 1.19010
144.70728 1.23266
144.71207 1.27236
144.71893 1.30937
144.72776 1.34382
144.71888 1.40770
144.71305 1.46798
144.71017 1.52497
144.71023 1.57890
144.73495 1.57953
144.76028 1.57892
144.78622 1.57707
144.81270 1.57397
144.86745 1.51857
144.92238 1.46000
144.97767 1.39799
145.03358 1.33223
145.07659 1.29826
145.12021 1.26172
145.16448 1.22249
145.20950 1.18039
145.20801 1.23085
145.20902 1.27798
145.21242 1.32202
145.21812 1.36317
145.21107 1.42353
145.20689 1.48057
145.20550 1.53456
145.20687 1.58569
145.23567 1.57870
145.26494 1.57043
145.29463 1.56086
145.32472 1.54999
145.38078 1.49206
145.43711 1.43070
145.49394 1.36560
145.55155 1.29635
145.59075 1.26955
145.63059 1.24044
145.67108 1.20893
145.71227 1.17492
145.70709 1.23240
145.70476 1.28607
145.70513 1.33627
145.70810 1.38326
145.70342 1.43913
145.70134 1.49203
145.70187 1.54213
145.70494 1.58960
145.73780 1.57510
145.77097 1.55919
145.80442 1.54188
145.83817 1.52315
145.89506 1.46357
145.95233 1.40034
146.01023 1.33310
146.06907 1.26136
146.10400 1.24261
146.13962 1.22179
146.17592 1.19885
146.21291 1.17370
146.20458 1.23714
146.19943 1.29633
146.19727 1.35170
146.19798 1.40357
146.19609 1.45413
146.19658 1.50203
146.19940 1.54743
146.20455 1.59044
146.24134 1.56861
146.27834 1.54521
146.31555 1.52023
146.35295 1.49365
146.41017 1.43335
146.46787 1.36922
146.52631 1.30089
146.58589 1.22779
146.61615 1.21789
146.64719 1.20608
146.67896 1.19234
146.71148 1.17662
146.70065 1.24482
146.69324 1.30840
146.68906 1.36788
146.68798 1.42364
146.68931 1.46813
146.69273 1.51030
146.69822 1.55024
146.70578 1.58804
146.74635 1.55918
146.78705 1.52853
146.82791 1.49606
146.86895 1.46171
146.92596 1.40168
146.98356 1.33773
147.04201 1.26943
147.10172 1.19619
147.12699 1.19579
147.15315 1.19355
147.18019 1.18945
147.20807 1.18349
147.19541 1.25512
147.18637 1.32189
147.18072 1.38437
147.17834 1.44298
147.18321 1.48078
147.18990 1.51656
147.19840 1.55038
147.20869 1.58229
147.25281 1.54679
147.29704 1.50922
147.34142 1.46953
147.38602 1.42763
147.44227 1.36890
147.49920 1.30622
147.55708 1.23916
147.61628 1.16712
147.63631 1.17669
147.65745 1.18434
147.67964 1.19010
147.70286 1.19398
147.68908 1.26769
147.67902 1.33642
147.67247 1.40076
147.66928 1.46115
147.67798 1.49175
147.68824 1.52059
147.70001 1.54770
147.71331 1.57311
147.76073 1.53143
147.80826 1.48737
147.85599 1.44085
147.90402 1.39171
147.95894 1.33536
148.01462 1.27512
148.07129 1.21056
148.12932 1.14111
148.14399 1.16091
148.16004 1.17857
148.17740 1.19415
148.19603 1.20770
148.18844 1.24558
148.18185 1.28212
148.17617 1.31742
148.17142 1.35156
148.16753 1.38461
148.16452 1.41663
148.16234 1.44766
148.16101 1.47775
148.17378 1.50074
148.18782 1.52218
148.20312 1.54209
148.21966 1.56046
148.27007 1.51315
148.32063 1.46314
148.37147 1.41026
148.42274 1.35431
148.47577 1.30145
148.52959 1.24484
148.58442 1.18409
148.64057 1.11866
148.64989 1.14870
148.66092 1.17623
148.67358 1.20136
148.68782 1.22419
148.68040 1.26173
148.67394 1.29797
148.66840 1.33300
148.66374 1.36691
148.65997 1.39975
148.65706 1.43158
148.65498 1.46244
148.65373 1.49239
148.67070 1.50748
148.68873 1.52117
148.70775 1.53345
148.72775 1.54434
148.78080 1.49205
148.83406 1.43670
148.88774 1.37806
148.94201 1.31583
148.99254 1.26760
149.04388 1.21583
149.09622 1.16019
149.14982 1.10022
149.15392 1.14024
149.16013 1.17725
149.16835 1.21142
149.17848 1.24293
149.16557 1.31479
149.15623 1.38206
149.15027 1.44524
149.14759 1.50471
149.16889 1.51173
149.19100 1.51742
149.21391 1.52177
149.23756 1.52479
149.29285 1.46823
149.34846 1.40825
149.40461 1.34456
149.46160 1.27673
149.50903 1.23425
149.55730 1.18852
149.60652 1.13928
149.65689 1.08615
149.65605 1.13561
149.65776 1.18145
149.66188 1.22396
149.66828 1.26339
149.65698 1.33212
149.64905 1.39660
149.64434 1.45726
149.64277 1.51442
149.66843 1.51329
149.69472 1.51083
149.72160 1.50703
149.74904 1.50189
149.80613 1.44185
149.86366 1.37805
149.92193 1.31010
149.98126 1.23747
150.02504 1.20188
150.06962 1.16336
150.11512 1.12172
150.16165 1.07670
150.15630 1.13479
150.15395 1.18860
150.15440 1.23856
150.15750 1.28501
150.14840 1.34953
150.14241 1.41018
150.13944 1.46733
150.13939 1.52124
150.16941 1.51199
150.19988 1.50133
150.23079 1.48925
150.26213 1.47576
150.29129 1.44492
150.32056 1.41311
150.34998 1.38028
150.37958 1.34637
150.40940 1.31133
150.43950 1.27508
150.46992 1.23753
150.50073 1.19858
150.54029 1.17097
150.58065 1.14077
150.62188 1.10783
150.66403 1.07200
150.65471 1.13766
150.64884 1.19838
150.64615 1.25477
150.64641 1.30724
150.64002 1.36656
150.63648 1.42244
150.63568 1.47516
150.63758 1.52493
150.67186 1.50769
150.70650 1.48889
150.74146 1.46852
150.77676 1.44657
150.80632 1.41492
150.83603 1.38223
150.86591 1.34845
150.89602 1.31352
150.92641 1.27737
150.95710 1.23992
150.98819 1.20104
151.01973 1.16064
151.05455 1.14203
151.09018 1.12112
151.12667 1.09782
151.16404 1.07204
151.15142 1.14400
151.14263 1.21044
151.13733 1.27212
151.13529 1.32954
151.13209 1.38280
151.13142 1.43305
151.13321 1.48050
151.13742 1.52529
151.17587 1.50029
151.21457 1.47351
151.25354 1.44494
151.29282 1.41452
151.32251 1.38254
151.35239 1.34948
151.38248 1.31528
151.41283 1.27986
151.44348 1.24316
151.47452 1.20507
151.50598 1.16547
151.53797 1.12423
151.56756 1.11555
151.59807 1.10476
151.62946 1.09182
151.66174 1.07669
151.64658 1.15350
151.63551 1.22437
151.62820 1.29013
151.62440 1.35139
151.62478 1.39785
151.62738 1.44171
151.63213 1.48311
151.63902 1.52217
151.68142 1.48973
151.72407 1.45524
151.76697 1.41864
151.81019 1.37984
151.83974 1.34805
151.86951 1.31515
151.89951 1.28108
151.92981 1.24576
151.96045 1.20911
151.99150 1.17101
152.02304 1.13135
152.05512 1.08998
152.07913 1.09199
152.10417 1.09194
152.13024 1.08983
152.15729 1.08565
152.14824 1.12658
152.14035 1.16580
152.13352 1.20348
152.12772 1.23973
152.12289 1.27466
152.11902 1.30835
152.11605 1.34087
152.11398 1.37230
152.11828 1.41133
152.12448 1.44815
152.13253 1.48284
152.14241 1.51545
152.18855 1.47599
152.23494 1.43415
152.28163 1.38980
152.32873 1.34282
152.35785 1.31177
152.38719 1.27960
152.41682 1.24625
152.44676 1.21164
152.47707 1.17568
152.50780 1.13826
152.53905 1.09927
152.57088 1.05853
152.58901 1.07181
152.60840 1.08287
152.62905 1.09178
152.65088 1.09854
152.64135 1.14037
152.63297 1.18047
152.62570 1.21900
152.61947 1.25608
152.61425 1.29182
152.60998 1.32630
152.60667 1.35961
152.60426 1.39180
152.61276 1.42293
152.62283 1.45215
152.63447 1.47951
152.64764 1.50504
152.69723 1.45908
152.74713 1.41034
152.79742 1.35865
152.84828 1.30378
152.90529 1.24320
152.96346 1.17794
153.02317 1.10735
153.08492 1.03051
153.09702 1.05536
153.11073 1.07763
153.12600 1.09745
153.14274 1.11488
153.13313 1.15680
153.12468 1.19703
153.11733 1.23571
153.11101 1.27295
153.10570 1.30887
153.10134 1.34355
153.09794 1.37706
153.09545 1.40947
153.10836 1.43231
153.12255 1.45348
153.13802 1.47302
153.15473 1.49093
153.20746 1.43904
153.26056 1.38396
153.31421 1.32543
153.36865 1.26310
153.42357 1.20636
153.47969 1.14512
153.53733 1.07878
153.59695 1.00650
153.60301 1.04294
153.61115 1.07622
153.62124 1.10655
153.63316 1.13410
153.62388 1.17536
153.61572 1.21500
153.60863 1.25314
153.60254 1.28991
153.59745 1.32539
153.59331 1.35968
153.59008 1.39283
153.58776 1.42491
153.60520 1.43920
153.62369 1.45199
153.64319 1.46329
153.66368 1.47310
153.71915 1.41597
153.77514 1.35520
153.83186 1.29043
153.88964 1.22118
153.94183 1.16954
153.99519 1.11369
154.05003 1.05310
154.10671 0.98706
154.10692 1.03475
154.10973 1.07851
154.11495 1.11871
154.12244 1.15561
154.11386 1.19549
154.10634 1.23386
154.09984 1.27083
154.09430 1.30651
154.08972 1.34098
154.08604 1.37430
154.08327 1.40655
154.08136 1.43778
154.10344 1.44337
154.12633 1.44753
154.15002 1.45027
154.17446 1.45159
154.20330 1.42127
154.23229 1.38998
154.26143 1.35766
154.29076 1.32427
154.32034 1.28974
154.35021 1.25399
154.38040 1.21694
154.41101 1.17849
154.45980 1.13323
154.50974 1.08414
154.56103 1.03078
154.61397 0.97260
154.60868 1.03087
154.60658 1.08430
154.60738 1.13347
154.61087 1.17880
154.59680 1.25313
154.58651 1.32234
154.57977 1.38706
154.57640 1.44775
154.60314 1.44460
154.63051 1.44001
154.65848 1.43398
154.68704 1.42650
154.71680 1.39440
154.74676 1.36123
154.77689 1.32692
154.80729 1.29142
154.83800 1.25463
154.86906 1.21647
154.90053 1.17682
154.93252 1.13555
154.97725 1.09796
155.02306 1.05697
155.07011 1.01225
155.11859 0.96342
155.10833 1.03124
155.10185 1.09329
155.09875 1.15036
155.09878 1.20304
155.08733 1.27230
155.07933 1.33700
155.07461 1.39762
155.07303 1.45455
155.10439 1.44273
155.13624 1.42936
155.16856 1.41443
155.20135 1.39793
155.23180 1.36450
155.26246 1.32991
155.29338 1.29408
155.32460 1.25693
155.35618 1.21837
155.38820 1.17828
155.42072 1.13652
155.45386 1.09291
155.49388 1.06428
155.53493 1.03267
155.57709 0.99788
155.62050 0.95966
155.60595 1.03572
155.59573 1.10510
155.58935 1.16886
155.58647 1.22772
155.57817 1.29092
155.57299 1.35012
155.57074 1.40570
155.57136 1.45795
155.60726 1.43762
155.64355 1.41555
155.68023 1.39170
155.71732 1.36605
155.74819 1.33177
155.77930 1.29625
155.81073 1.25941
155.84251 1.22114
155.87470 1.18135
155.90742 1.13988
155.94073 1.09657
155.97474 1.05122
156.00942 1.03276
156.04513 1.01170
156.08188 0.98792
156.11971 0.96129
156.11005 1.00368
156.10168 1.04401
156.09451 1.08250
156.08845 1.11931
156.08345 1.15458
156.07943 1.18844
156.07637 1.22097
156.07423 1.25227
156.06956 1.30854
156.06761 1.36137
156.06829 1.41104
156.07150 1.45774
156.11178 1.42917
156.15241 1.39857
156.19343 1.36590
156.23485 1.33106
156.26585 1.29645
156.29715 1.26053
156.32879 1.22322
156.36083 1.18441
156.39336 1.14397
156.42647 1.10175
156.46024 1.05754
156.49482 1.01113
156.52360 1.00397
156.55345 0.99445
156.58437 0.98251
156.61634 0.96809
156.60533 1.01302
156.59573 1.05574
156.58739 1.09648
156.58025 1.13543
156.57422 1.17275
156.56925 1.20857
156.56531 1.24300
156.56233 1.27613
156.56167 1.32474
156.56338 1.37044
156.56733 1.41340
156.57351 1.45378
156.61798 1.41732
156.66281 1.37849
156.70806 1.33715
156.75381 1.29319
156.78465 1.25879
156.81582 1.22306
156.84738 1.18588
156.87938 1.14715
156.91192 1.10673
156.94508 1.06443
156.97896 1.02007
157.01373 0.97337
157.03612 0.97848
157.05975 0.98123
157.08458 0.98164
157.11057 0.97969
157.09872 1.02623
157.08831 1.07046
157.07923 1.11264
157.07137 1.15297
157.06468 1.19163
157.05909 1.22874
157.05456 1.26443
157.05104 1.29877
157.05472 1.33914
157.06039 1.37705
157.06798 1.41262
157.07746 1.44594
157.12586 1.40205
157.17470 1.35535
157.22405 1.30565
157.27408 1.25272
157.30445 1.21913
157.33517 1.18418
157.36631 1.14778
157.39794 1.10980
157.43013 1.07010
157.46297 1.02850
157.49657 0.98479
157.53109 0.93870
157.54674 0.95681
157.56394 0.97227
157.58259 0.98518
157.60266 0.99558
157.59043 1.04277
157.57967 1.08764
157.57025 1.13046
157.56208 1.17143
157.55509 1.21072
157.54919 1.24846
157.54437 1.28477
157.54059 1.31974
157.54887 1.35139
157.55880 1.38096
157.57032 1.40853
157.58339 1.43414
157.63544 1.38336
157.68801 1.32928
157.74127 1.27161
157.79548 1.20997
157.82505 1.17780
157.85501 1.14429
157.88539 1.10934
157.91626 1.07284
157.94773 1.03463
157.97984 0.99455
158.01273 0.95239
158.04654 0.90787
158.05523 0.93941
158.06594 0.96767
158.07854 0.99286
158.09290 1.01515
158.08080 1.06207
158.07011 1.10675
158.06075 1.14943
158.05263 1.19031
158.04565 1.22954
158.03979 1.26726
158.03498 1.30357
158.03120 1.33857
158.04427 1.36116
158.05868 1.38197
158.07437 1.40103
158.09131 1.41835
158.14666 1.36131
158.20268 1.30042
158.25962 1.23527
158.31784 1.16531
158.37510 1.10383
158.43411 1.03679
158.49539 0.96321
158.55968 0.88165
158.56141 0.92664
158.56579 0.96738
158.57260 1.00431
158.58165 1.03773
158.57010 1.08352
158.55991 1.12722
158.55099 1.16902
158.54324 1.20911
158.53663 1.24763
158.53110 1.28470
158.52659 1.32042
158.52308 1.35487
158.54106 1.36819
158.56012 1.37990
158.58018 1.39003
158.60123 1.39857
158.63027 1.36779
158.65948 1.33597
158.68892 1.30304
158.71860 1.26895
158.74860 1.23361
158.77894 1.19694
158.80969 1.15884
158.84095 1.11916
158.89521 1.06328
158.95118 1.00221
159.00929 0.93510
159.07019 0.86070
159.06518 0.91873
159.06359 0.97127
159.06503 1.01905
159.06924 1.06260
159.05866 1.10650
159.04934 1.14848
159.04122 1.18872
159.03419 1.22736
159.02825 1.26455
159.02332 1.30038
159.01938 1.33494
159.01640 1.36830
159.03937 1.37223
159.06318 1.37462
159.08777 1.37550
159.11313 1.37484
159.14339 1.34174
159.17386 1.30746
159.20461 1.27194
159.23569 1.23508
159.26713 1.19679
159.29905 1.15695
159.33149 1.11541
159.36456 1.07199
159.41507 1.02319
159.46720 0.96969
159.52127 0.91080
159.57778 0.84557
159.56649 0.91576
159.55944 0.97904
159.55610 1.03655
159.55605 1.08905
159.54678 1.13037
159.53868 1.16998
159.53167 1.20802
159.52568 1.24463
159.52069 1.27990
159.51665 1.31393
159.51353 1.34678
159.51132 1.37852
159.53927 1.37306
159.56789 1.36603
159.59712 1.35742
159.62697 1.34722
159.65820 1.31223
159.68970 1.27594
159.72154 1.23825
159.75378 1.19907
159.78649 1.15825
159.81976 1.11566
159.85370 1.07110
159.88842 1.02433
159.93441 0.98412
159.98187 0.93980
160.03105 0.89087
160.08227 0.83664
160.06539 0.91766
160.05358 0.99032
160.04608 1.05622
160.04241 1.11639
160.02821 1.19120
160.01793 1.26049
160.01125 1.32501
160.00798 1.38526
160.04086 1.37052
160.07429 1.35404
160.10822 1.33583
160.14269 1.31584
160.17464 1.27942
160.20692 1.24159
160.23960 1.20222
160.27276 1.16120
160.30648 1.11836
160.34088 1.07352
160.37607 1.02642
160.41223 0.97679
160.45290 0.94673
160.49491 0.91316
160.53841 0.87575
160.58358 0.83409
160.57197 0.88050
160.56199 0.92418
160.55344 0.96547
160.54622 1.00464
160.54020 1.04192
160.53530 1.07747
160.53149 1.11144
160.52866 1.14395
160.51817 1.21162
160.51111 1.27457
160.50727 1.33333
160.50649 1.38829
160.54419 1.36446
160.58237 1.33864
160.62105 1.31079
160.66023 1.28083
160.69261 1.24350
160.72541 1.20463
160.75865 1.16412
160.79246 1.12181
160.82691 1.07750
160.86215 1.03098
160.89832 0.98195
160.93563 0.93003
160.97020 0.91168
161.00605 0.89031
161.04320 0.86576
161.08175 0.83781
161.06822 0.88792
161.05647 0.93497
161.04633 0.97938
161.03763 1.02148
161.03023 1.06152
161.02407 1.09969
161.01905 1.13618
161.01511 1.17110
161.00876 1.23080
161.00539 1.28652
161.00482 1.33863
161.00696 1.38741
161.04932 1.35480
161.09216 1.31983
161.13552 1.28240
161.17948 1.24238
161.21203 1.20467
161.24503 1.16535
161.27853 1.12427
161.31268 1.08127
161.34757 1.03613
161.38333 0.98859
161.42015 0.93830
161.45826 0.88484
161.48600 0.87965
161.51503 0.87174
161.54534 0.86105
161.57694 0.84749
161.56206 0.90014
161.54912 0.94952
161.53784 0.99612
161.52809 1.04028
161.51973 1.08227
161.51266 1.12232
161.50679 1.16059
161.50207 1.19725
161.50025 1.24829
161.50095 1.29601
161.50404 1.34067
161.50947 1.38247
161.55626 1.34146
161.60360 1.29763
161.65158 1.25079
161.70035 1.20071
161.73273 1.16320
161.76563 1.12402
161.79908 1.08302
161.83323 1.04000
161.86819 0.99473
161.90410 0.94693
161.94118 0.89620
161.97969 0.84205
161.99993 0.85137
162.02166 0.85787
162.04484 0.86161
162.06942 0.86260
162.05381 0.91660
162.04018 0.96728
162.02825 1.01511
162.01790 1.06046
162.00897 1.10361
162.00136 1.14477
161.99499 1.18414
161.98979 1.22187
161.99280 1.26369
161.99790 1.30278
162.00501 1.33929
162.01406 1.37333
162.06503 1.32442
162.11667 1.27212
162.16915 1.21614
162.22270 1.15608
162.25459 1.11940
162.28702 1.08101
162.32008 1.04077
162.35387 0.99847
162.38850 0.95387
162.42417 0.90664
162.46105 0.85640
162.49945 0.80259
162.51166 0.82749
162.52582 0.84896
162.54180 0.86723
162.55952 0.88245
162.54379 0.93665
162.52998 0.98761
162.51789 1.03575
162.50735 1.08145
162.49824 1.12497
162.49045 1.16653
162.48389 1.20631
162.47852 1.24446
162.48660 1.27664
162.49638 1.30656
162.50779 1.33431
162.52079 1.35994
162.57563 1.30367
162.63130 1.24339
162.68810 1.17863
162.74638 1.10878
162.77745 1.07359
162.80905 1.03671
162.84133 0.99798
162.87433 0.95721
162.90823 0.91413
162.94316 0.86845
162.97934 0.81974
163.01704 0.76746
163.02089 0.80860
163.02743 0.84513
163.03643 0.87755
163.04766 0.90623
163.03234 0.95959
163.01886 1.00986
163.00704 1.05745
162.99672 1.10270
162.98779 1.14584
162.98016 1.18710
162.97375 1.22664
162.96849 1.26458
162.98180 1.28684
162.99646 1.30717
163.01244 1.32562
163.02968 1.34223
163.05873 1.31130
163.08801 1.27927
163.11756 1.24605
163.14743 1.21159
163.17766 1.17578
163.20833 1.13852
163.23949 1.09970
163.27123 1.05914
163.33149 0.99156
163.39435 0.91678
163.46070 0.83309
163.53197 0.73766
163.52740 0.79518
163.52656 0.84632
163.52898 0.89206
163.53426 0.93310
163.51983 0.98465
163.50713 1.03337
163.49599 1.07961
163.48628 1.12366
163.47788 1.16574
163.47073 1.20603
163.46476 1.24468
163.45990 1.28183
163.47854 1.29398
163.49825 1.30441
163.51899 1.31315
163.54072 1.32020
163.57129 1.28638
163.60216 1.25127
163.63336 1.21481
163.66497 1.17687
163.69704 1.13735
163.72969 1.09608
163.76298 1.05289
163.79705 1.00756
163.85407 0.94606
163.91361 0.87783
163.97642 0.80135
164.04376 0.71416
164.03102 0.78753
164.02330 0.85229
164.01973 0.91015
164.01974 0.96220
164.00664 1.01113
163.99513 1.05752
163.98504 1.10168
163.97627 1.14384
163.96874 1.18419
163.96238 1.22289
163.95712 1.26007
163.95293 1.29584
163.97693 1.29783
164.00178 1.29816
164.02745 1.29685
164.05391 1.29388
164.08577 1.25756
164.11801 1.21980
164.15066 1.18047
164.18382 1.13945
164.21755 1.09657
164.25202 1.05162
164.28731 1.00436
164.32362 0.95447
164.37652 0.90080
164.43173 0.84106
164.48992 0.77401
164.55200 0.69773
164.53175 0.78574
164.51786 0.86268
164.50904 0.93113
164.50451 0.99271
164.49313 1.03830
164.48316 1.08169
164.47445 1.12311
164.46694 1.16276
164.46057 1.20078
164.45527 1.23731
164.45101 1.27245
164.44773 1.30630
164.47708 1.29817
164.50713 1.28830
164.53785 1.27669
164.56922 1.26333
164.60214 1.22495
164.63550 1.18497
164.66935 1.14323
164.70384 1.09955
164.73906 1.05374
164.77514 1.00552
164.81228 0.95454
164.85070 0.90038
164.89852 0.85641
164.94841 0.80718
165.00082 0.75181
165.05641 0.68896
165.04191 0.74132
165.02963 0.78969
165.01923 0.83474
165.01049 0.87697
165.00323 0.91673
164.99729 0.95433
164.99257 0.98997
164.98898 1.02384
164.97962 1.06551
164.97148 1.10531
164.96447 1.14343
164.95851 1.17999
164.95357 1.21514
164.94961 1.24895
164.94658 1.28153
164.94444 1.31293
164.97907 1.29482
165.01431 1.27476
165.05014 1.25271
165.08660 1.22862
165.12030 1.18868
165.15453 1.14696
165.18937 1.10329
165.22493 1.05746
165.26136 1.00920
165.29886 0.95817
165.33762 0.90393
165.37797 0.84590
165.41970 0.81362
165.46323 0.77696
165.50884 0.73537
165.55690 0.68805
165.53958 0.74585
165.52482 0.79902
165.51224 0.84838
165.50151 0.89456
165.49242 0.93799
165.48480 0.97901
165.47852 1.01790
165.47350 1.05486
165.46038 1.12786
165.45116 1.19515
165.44551 1.25751
165.44318 1.31551
165.48296 1.28766
165.52333 1.25751
165.56433 1.22496
165.60600 1.18989
165.64021 1.14889
165.67503 1.10597
165.71054 1.06092
165.74691 1.01348
165.78430 0.96333
165.82291 0.91005
165.86305 0.85310
165.90510 0.79170
165.93967 0.77324
165.97585 0.75114
166.01376 0.72513
166.05354 0.69483
166.03418 0.75656
166.01762 0.81321
166.00342 0.86572
165.99123 0.91480
165.98079 0.96093
165.97193 1.00451
165.96450 1.04582
165.95841 1.08510
165.95009 1.14883
165.94508 1.20786
165.94311 1.26273
165.94405 1.31383
165.98879 1.27657
166.03419 1.23652
166.08033 1.19350
166.12734 1.14728
166.16175 1.10578
166.19685 1.06223
166.23276 1.01639
166.26960 0.96796
166.30761 0.91657
166.34705 0.86171
166.38824 0.80272
166.43167 0.73862
166.45799 0.73616
166.48591 0.73041
166.51544 0.72131
166.54661 0.70876
166.52602 0.77282
166.50836 0.83158
166.49314 0.88607
166.48000 0.93700
166.46869 0.98490
166.45901 1.03016
166.45082 1.07310
166.44402 1.11395
166.44084 1.16778
166.44041 1.21781
166.44255 1.26437
166.44713 1.30773
166.49659 1.26149
166.54687 1.21183
166.59809 1.15846
166.65053 1.10095
166.68483 1.05956
166.71990 1.01601
166.75584 0.97004
166.79283 0.92133
166.83111 0.86943
166.87096 0.81377
166.91278 0.75356
166.95719 0.68764
166.97420 0.70331
166.99315 0.71533
167.01395 0.72386
167.03652 0.72899
167.01548 0.79383
166.99740 0.85340
166.98173 0.90872
166.96816 0.96050
166.95642 1.00925
166.94635 1.05536
166.93778 1.09915
166.93060 1.14085
166.93284 1.18432
166.93731 1.22472
166.94388 1.26226
166.95248 1.29709
167.00640 1.24237
167.06133 1.18349
167.11757 1.11996
167.17549 1.05110
167.20933 1.01047
167.24399 0.96762
167.27959 0.92226
167.31634 0.87404
167.35446 0.82249
167.39428 0.76696
167.43626 0.70655
167.48108 0.63992
167.48782 0.67564
167.49738 0.70630
167.50944 0.73246
167.52378 0.75452
167.50305 0.81869
167.48514 0.87787
167.46957 0.93296
167.45605 0.98463
167.44433 1.03337
167.43423 1.07955
167.42562 1.12345
167.41840 1.16531
167.42625 1.19806
167.43587 1.22833
167.44719 1.25622
167.46015 1.28183
167.51819 1.21920
167.57755 1.15157
167.63866 1.07819
167.70209 0.99795
167.73347 0.96192
167.76560 0.92391
167.79858 0.88368
167.83257 0.84094
167.86775 0.79532
167.90437 0.74632
167.94279 0.69325
167.98351 0.63512