# sss file
-1.57080 3.14159
-1.56890 3.13779
-1.42115 3.13761
-1.41419 3.14159
-1.40565 3.14159
-1.27031 3.14158
-1.26713 3.13742
-1.12251 3.13723
-1.12047 3.14157
-0.97528 3.14156
-0.96848 3.13703
-0.82072 3.13684
-0.82015 3.14154
-0.67564 3.14151
-0.66981 3.13663
-0.52207 3.13642
-0.52140 3.14149
-0.37651 3.14146
-0.37116 3.13621
-0.22340 3.13599
-0.22333 3.14142
-0.07538 3.14138
-0.06935 3.13576
0.07527 3.13554
0.07533 3.14133
0.22325 3.14128
0.22933 3.13531
0.37710 3.13508
0.37709 3.14123
0.52161 3.14117
0.52800 3.13484
0.67578 3.13459
0.67566 3.14111
0.82011 3.14104
0.82670 3.13435
0.97448 3.13410
0.97418 3.14097
1.12184 3.14090
1.12854 3.13383
1.27318 3.13358
1.27272 3.14081
1.42034 3.14073
1.42726 3.13331
1.57504 3.13304
1.57444 3.14064
1.71896 3.14055
1.72598 3.13277
1.87379 3.13249
1.87297 3.14045
2.01748 3.14035
2.02473 3.13221
2.17253 3.13193
2.17155 3.14025
2.31923 3.14014
2.32663 3.13163
2.47128 3.13134
2.47012 3.14002
2.61783 3.13991
2.62538 3.13103
2.77006 3.13074
2.76871 3.13978
2.91640 3.13965
2.92416 3.13042
3.07197 3.13011
3.07044 3.13952
3.21501 3.13939
3.22294 3.12980
3.37076 3.12948
3.36901 3.13924
3.51675 3.13910
3.52487 3.12914
3.66955 3.12882
3.66763 3.13895
3.81535 3.13880
3.82366 3.12848
3.96835 3.12815
3.96626 3.13864
4.11400 3.13848
4.12247 3.12780
4.27030 3.12746
4.26800 3.13831
4.41261 3.13815
4.42128 3.12711
4.56912 3.12676
4.56665 3.13797
4.71126 3.13780
4.72010 3.12639
4.86793 3.12603
4.86530 3.13761
5.01303 3.13742
5.02204 3.12565
5.16673 3.12529
5.16391 3.13723
5.31164 3.13704
5.32085 3.12491
5.46868 3.12453
5.46568 3.13683
5.61028 3.13663
5.61966 3.12414
5.76750 3.12376
5.76431 3.13642
5.90891 3.13621
5.91848 3.12336
6.06632 3.12296
6.06295 3.13599
6.21070 3.13577
6.22046 3.12255
6.36516 3.12216
6.36161 3.13554
6.50937 3.13531
6.51930 3.12173
6.66715 3.12132
6.66341 3.13507
6.80803 3.13484
6.81814 3.12090
6.96600 3.12048
6.96208 3.13459
7.10670 3.13435
7.11700 3.12005
7.26486 3.11962
7.26076 3.13409
7.40853 3.13384
7.41901 3.11917
7.56372 3.11874
7.55945 3.13358
7.70723 3.13331
7.71788 3.11829
7.86575 3.11784
7.86130 3.13304
8.00593 3.13277
8.01676 3.11738
8.16463 3.11693
8.16000 3.13249
8.30464 3.13221
8.31565 3.11646
8.46352 3.11600
8.45871 3.13192
8.60650 3.13163
8.61769 3.11552
8.76243 3.11506
8.75743 3.13133
8.90522 3.13104
8.91660 3.11456
9.06448 3.11409
9.05931 3.13073
9.20396 3.13043
9.21552 3.11359
9.36341 3.11310
9.35805 3.13011
9.50270 3.12980
9.51444 3.11260
9.66234 3.11211
9.65679 3.12947
9.80459 3.12915
9.81652 3.11159
9.96127 3.11109
9.95555 3.12882
10.10336 3.12849
10.11546 3.11056
10.26022 3.11006
10.25431 3.12815
10.40212 3.12781
10.41441 3.10952
10.56232 3.10900
10.55623 3.12745
10.70091 3.12711
10.71337 3.10847
10.86128 3.10794
10.85502 3.12675
11.00284 3.12639
11.01548 3.10738
11.16025 3.10686
11.15380 3.12603
11.30163 3.12566
11.31446 3.10629
11.45923 3.10575
11.45260 3.12529
11.60044 3.12491
11.61344 3.10518
11.76137 3.10462
11.75456 3.12452
11.89925 3.12415
11.91244 3.10405
12.06036 3.10349
12.05337 3.12375
12.20122 3.12336
12.21459 3.10290
12.35937 3.10234
12.35220 3.12296
12.50004 3.12256
12.51360 3.10174
12.65838 3.10117
12.65103 3.12215
12.79888 3.12174
12.81261 3.10056
12.96055 3.09997
12.95302 3.12132
13.09773 3.12091
13.11164 3.09937
13.25959 3.09877
13.25187 3.12047
13.39973 3.12005
13.41382 3.09814
13.55862 3.09755
13.55073 3.11961
13.69859 3.11918
13.71287 3.09691
13.85767 3.09631
13.84960 3.11874
13.99746 3.11830
14.01192 3.09566
14.15988 3.09504
14.15162 3.11783
14.29634 3.11740
14.31099 3.09440
14.45894 3.09377
14.45051 3.11692
14.59838 3.11647
14.61320 3.09311
14.75802 3.09248
14.74940 3.11600
14.89728 3.11553
14.91228 3.09181
15.05710 3.09117
15.04830 3.11505
15.19619 3.11458
15.21137 3.09049
15.35934 3.08983
15.35036 3.11408
15.49510 3.11360
15.51046 3.08916
15.65844 3.08849
15.64928 3.11310
15.79717 3.11261
15.81272 3.08780
15.95755 3.08714
15.94821 3.11210
16.09610 3.11160
16.11183 3.08643
16.25667 3.08576
16.24714 3.11109
16.39504 3.11058
16.41095 3.08504
16.55894 3.08435
16.54924 3.11004
16.69399 3.10954
16.71008 3.08364
16.85808 3.08294
16.84819 3.10899
16.99610 3.10847
17.01237 3.08221
17.15722 3.08152
17.14715 3.10793
17.29507 3.10739
17.31152 3.08077
17.45637 3.08007
17.44613 3.10684
17.59404 3.10630
17.61068 3.07932
17.75868 3.07859
17.74825 3.10573
17.89303 3.10519
17.90984 3.07785
18.05785 3.07711
18.04724 3.10461
18.19202 3.10407
18.20901 3.07636
18.35703 3.07562
18.34624 3.10348
18.49417 3.10291
18.51135 3.07484
18.65622 3.07411
18.64524 3.10233
18.79317 3.10175
18.81054 3.07332
18.95856 3.07256
18.94740 3.10115
19.09220 3.10057
19.10973 3.07178
19.25776 3.07101
19.24643 3.09996
19.39122 3.09938
19.40894 3.07022
19.55698 3.06945
19.54546 3.09876
19.69341 3.09816
19.71131 3.06863
19.85620 3.06786
19.84450 3.09754
19.99245 3.09693
20.01053 3.06704
20.15858 3.06625
20.14670 3.09629
20.29150 3.09568
20.30977 3.06543
20.45781 3.06463
20.44575 3.09503
20.59056 3.09442
20.60901 3.06381
20.75706 3.06299
20.74482 3.09376
20.89278 3.09312
20.91141 3.06215
21.05632 3.06134
21.04390 3.09247
21.19186 3.09182
21.21067 3.06049
21.35873 3.05966
21.34613 3.09115
21.49095 3.09051
21.50994 3.05881
21.65800 3.05797
21.64522 3.08982
21.79005 3.08918
21.80922 3.05711
21.95728 3.05627
21.94432 3.08848
22.09230 3.08781
22.11165 3.05538
22.25657 3.05455
22.24343 3.08712
22.39141 3.08644
22.41095 3.05365
22.55902 3.05279
22.54569 3.08573
22.69053 3.08506
22.71025 3.05191
22.85833 3.05104
22.84482 3.08434
22.98966 3.08366
23.00956 3.05014
23.15765 3.04927
23.14395 3.08293
23.29195 3.08223
23.31203 3.04834
23.45697 3.04748
23.44310 3.08150
23.59110 3.08079
23.61136 3.04655
23.75637 3.04567
23.74232 3.08006
23.89040 3.07933
23.91084 3.04473
24.05901 3.04382
24.04477 3.07858
24.18970 3.07787
24.21033 3.04290
24.35850 3.04198
24.34409 3.07710
24.48902 3.07638
24.50983 3.04104
24.65800 3.04012
24.64341 3.07560
24.79149 3.07485
24.81249 3.03916
24.95751 3.03825
24.94274 3.07409
25.09083 3.07333
25.11200 3.03727
25.25703 3.03635
25.24208 3.07256
25.39017 3.07179
25.41153 3.03537
25.55971 3.03442
25.54457 3.07099
25.68952 3.07023
25.71106 3.03345
25.85925 3.03249
25.84393 3.06942
25.98888 3.06866
26.01060 3.03151
26.15880 3.03055
26.14329 3.06784
26.29140 3.06705
26.31330 3.02953
26.45835 3.02858
26.44266 3.06624
26.59078 3.06544
26.61286 3.02756
26.75791 3.02660
26.74204 3.06462
26.89016 3.06382
26.91243 3.02557
27.06064 3.02458
27.04458 3.06297
27.18956 3.06217
27.21200 3.02356
27.36022 3.02257
27.34398 3.06132
27.48896 3.06051
27.51159 3.02154
27.65980 3.02053
27.64339 3.05965
27.79152 3.05882
27.81433 3.01948
27.95940 3.01848
27.94280 3.05796
28.09094 3.05712
28.11393 3.01742
28.25901 3.01641
28.24223 3.05626
28.39037 3.05541
28.41354 3.01534
28.56178 3.01431
28.54481 3.05452
28.68980 3.05368
28.71316 3.01325
28.86140 3.01221
28.84425 3.05278
28.98925 3.05193
29.01279 3.01114
29.16103 3.01009
29.14370 3.05102
29.29186 3.05015
29.31558 3.00899
29.46067 3.00795
29.44316 3.04925
29.59132 3.04837
29.61523 3.00684
29.76032 3.00579
29.74263 3.04746
29.89079 3.04657
29.91488 3.00468
30.06313 3.00360
30.04526 3.04563
30.19027 3.04475
30.21454 3.00250
30.36280 3.00141
30.34474 3.04381
30.48976 3.04292
30.51421 3.00030
30.66247 2.99920
30.64424 3.04196
30.79241 3.04105
30.81705 2.99806
30.96216 2.99698
30.94374 3.04011
31.09192 3.03918
31.11673 2.99582
31.26185 2.99474
31.24325 3.03823
31.39143 3.03729
31.41643 2.99357
31.56471 2.99245
31.54592 3.03631
31.69095 3.03539
31.71614 2.99131
31.86442 2.99018
31.84545 3.03440
31.99049 3.03347
32.01585 2.98902
32.16413 2.98789
32.14498 3.03247
32.29318 3.03151
32.31873 2.98670
32.46386 2.98557
32.44453 3.03053
32.59273 3.02956
32.61847 2.98437
32.76360 2.98324
32.74408 3.02856
32.89229 3.02759
32.91820 2.98204
33.06650 2.98087
33.04680 3.02656
33.19185 3.02560
33.21795 2.97968
33.36626 2.97851
33.34637 3.02456
33.49143 3.02359
33.51771 2.97731
33.66602 2.97613
33.64595 3.02255
33.79417 3.02155
33.82064 2.97490
33.96579 2.97373
33.94554 3.02052
34.09376 3.01950
34.12041 2.97249
34.26557 2.97131
34.24514 3.01847
34.39336 3.01744
34.42020 2.97006
34.56851 2.96886
34.54790 3.01637
34.69297 3.01537
34.71999 2.96762
34.86831 2.96640
34.84751 3.01429
34.99259 3.01327
35.01979 2.96516
35.16812 2.96394
35.14713 3.01219
35.29537 3.01114
35.32276 2.96266
35.46793 2.96145
35.44677 3.01007
35.59501 3.00901
35.62258 2.96016
35.76776 2.95894
35.74640 3.00793
35.89465 3.00687
35.92241 2.95765
36.07074 2.95640
36.04921 3.00575
36.19431 3.00470
36.22224 2.95512
36.37059 2.95386
36.34887 3.00358
36.49397 3.00252
36.52209 2.95257
36.67044 2.95130
36.64854 3.00139
36.79679 3.00030
36.82510 2.94998
36.97030 2.94873
36.94821 2.99919
37.09647 2.99809
37.12496 2.94739
37.27016 2.94614
37.24790 2.99696
37.39616 2.99585
37.42484 2.94479
37.57320 2.94350
37.55074 2.99470
37.69586 2.99360
37.72472 2.94217
37.87308 2.94087
37.85044 2.99244
37.99557 2.99134
38.02461 2.93954
38.17298 2.93823
38.15015 2.99016
38.29843 2.98903
38.32766 2.93686
38.47288 2.93556
38.44987 2.98787
38.59816 2.98672
38.62757 2.93419
38.77279 2.93289
38.74960 2.98555
38.89789 2.98440
38.92749 2.93150
39.07587 2.93016
39.05249 2.98320
39.19763 2.98207
39.22741 2.92879
39.37580 2.92745
39.35224 2.98085
39.49738 2.97971
39.52735 2.92607
39.67574 2.92471
39.65199 2.97849
39.80029 2.97731
39.83045 2.92329
39.97568 2.92196
39.95175 2.97611
40.10006 2.97492
40.13040 2.92054
40.27564 2.91919
40.25152 2.97371
40.39983 2.97252
40.43036 2.91776
40.57876 2.91638
40.55446 2.97127
40.69962 2.97009
40.73033 2.91496
40.87874 2.91357
40.85425 2.96884
40.99941 2.96765
41.03031 2.91215
41.17872 2.91075
41.15405 2.96638
41.30237 2.96516
41.33345 2.90929
41.47871 2.90791
41.45385 2.96391
41.60218 2.96269
41.63345 2.90644
41.77871 2.90506
41.75367 2.96143
41.90200 2.96019
41.93345 2.90357
42.08188 2.90215
42.05665 2.95890
42.20183 2.95768
42.23347 2.90069
42.38190 2.89926
42.35648 2.95638
42.50167 2.95515
42.51778 2.92649
42.53349 2.89779
42.68193 2.89635
42.66891 2.92511
42.65632 2.95384
42.80467 2.95257
42.82087 2.92373
42.83668 2.89484
42.98196 2.89342
42.96885 2.92237
42.95617 2.95128
43.10453 2.95001
43.12082 2.92098
43.13672 2.89190
43.28201 2.89047
43.26880 2.91961
43.25603 2.94871
43.40439 2.94743
43.42077 2.91821
43.43677 2.88895
43.58522 2.88748
43.57192 2.91681
43.55906 2.94609
43.70426 2.94482
43.72073 2.91542
43.73683 2.88597
43.88528 2.88449
43.87189 2.91401
43.85893 2.94348
44.00414 2.94221
44.02071 2.91262
44.03690 2.88298
44.18536 2.88149
44.17187 2.91120
44.15882 2.94085
44.30719 2.93954
44.32385 2.90977
44.34013 2.87994
44.48544 2.87847
44.47186 2.90837
44.45871 2.93820
44.60709 2.93689
44.62384 2.90693
44.64022 2.87691
44.78552 2.87544
44.77186 2.90552
44.75862 2.93554
44.90699 2.93422
44.92384 2.90407
44.94031 2.87387
45.08878 2.87235
45.07502 2.90262
45.06169 2.93284
45.20691 2.93153
45.22385 2.90119
45.24042 2.87080
45.38889 2.86928
45.37504 2.89974
45.36161 2.93014
45.50684 2.92882
45.52386 2.89830
45.54053 2.86772
45.68901 2.86619
45.67506 2.89684
45.66154 2.92742
45.80993 2.92607
45.82705 2.89536
45.84381 2.86459
45.98913 2.86308
45.97510 2.89392
45.96148 2.92469
46.10987 2.92333
46.12708 2.89243
46.14394 2.86147
46.28927 2.85996
46.27514 2.89098
46.26142 2.92194
46.40982 2.92057
46.42713 2.88949
46.44408 2.85834
46.59257 2.85678
46.57835 2.88799
46.56453 2.91914
46.70978 2.91779
46.72718 2.88652
46.74423 2.85519
46.89272 2.85362
46.87841 2.88502
46.86450 2.91635
47.00975 2.91500
47.02724 2.88354
47.04439 2.85201
47.19289 2.85044
47.17848 2.88203
47.16448 2.91355
47.31289 2.91215
47.33047 2.88051
47.34771 2.84879
47.49306 2.84724
47.47856 2.87902
47.46446 2.91073
47.61287 2.90932
47.63055 2.87749
47.64789 2.84558
47.79324 2.84402
47.77864 2.87599
47.76445 2.90789
47.91287 2.90648
47.93064 2.87445
47.94807 2.84236
48.09659 2.84075
48.08189 2.87291
48.06761 2.90500
48.21287 2.90361
48.23074 2.87140
48.24827 2.83911
48.39679 2.83750
48.38200 2.86985
48.36762 2.90212
48.51289 2.90073
48.53085 2.86832
48.54847 2.83585
48.69699 2.83423
48.68211 2.86677
48.66764 2.89923
48.81607 2.89780
48.83412 2.86520
48.85184 2.83254
48.99707 2.83094
48.98209 2.86367
48.96752 2.89632
49.11582 2.89488
49.13396 2.86210
49.15178 2.82924
49.30016 2.82760
49.28509 2.86052
49.27043 2.89337
49.41557 2.89194
49.43381 2.85897
49.45172 2.82593
49.60012 2.82428
49.58495 2.85739
49.57019 2.89042
49.71849 2.88896
49.73682 2.85580
49.75483 2.82256
49.90007 2.82094
49.88481 2.85424
49.86995 2.88746
50.01826 2.88599
50.03669 2.85264
50.05479 2.81921
50.20004 2.81758
50.18468 2.85107
50.16973 2.88448
50.31804 2.88300
50.33656 2.84946
50.35476 2.81584
50.50318 2.81417
50.48773 2.84785
50.47267 2.88145
50.61783 2.87999
50.63645 2.84627
50.65474 2.81245
50.80316 2.81077
50.78761 2.84465
50.77247 2.87844
50.92079 2.87694
50.93950 2.84302
50.95789 2.80901
51.10315 2.80736
51.08751 2.84142
51.07227 2.87540
51.22060 2.87390
51.23940 2.83979
51.25789 2.80559
51.40632 2.80389
51.39058 2.83815
51.37524 2.87232
51.52042 2.87084
51.53931 2.83654
51.55790 2.80215
51.70633 2.80044
51.69050 2.83489
51.67506 2.86925
51.82340 2.86773
51.84239 2.83323
51.86108 2.79865
52.00635 2.79697
51.99042 2.83161
51.97489 2.86616
52.12323 2.86463
52.14232 2.82995
52.16110 2.79517
52.30954 2.79344
52.29352 2.82828
52.27789 2.86302
52.42308 2.86151
52.44226 2.82664
52.46114 2.79167
52.60958 2.78993
52.59346 2.82497
52.57774 2.85990
52.72293 2.85838
52.74221 2.82332
52.76118 2.78816
52.90963 2.78641
52.89342 2.82164
52.87760 2.85676
53.02595 2.85520
53.04532 2.81994
53.06440 2.78458
53.20969 2.78286
53.19338 2.81828
53.17746 2.85360
53.32582 2.85203
53.34529 2.81658
53.36446 2.78103
53.51292 2.77926
53.49651 2.81488
53.48049 2.85039
53.62570 2.84885
53.64526 2.81321
53.66454 2.77746
53.81299 2.77568
53.79649 2.81149
53.78038 2.84720
53.92875 2.84561
53.94840 2.80977
53.96778 2.77383
54.11308 2.77208
54.09649 2.80809
54.08028 2.84398
54.22864 2.84238
54.24839 2.80636
54.26787 2.77022
54.41634 2.76843
54.39964 2.80463
54.38333 2.84072
54.52856 2.83914
54.54840 2.80292
54.56797 2.76659
54.71644 2.76479
54.69965 2.80119
54.68325 2.83747
54.82847 2.83588
54.84841 2.79947
54.86808 2.76294
55.01656 2.76113
54.99967 2.79772
54.98317 2.83420
55.13155 2.83257
55.15159 2.79597
55.17136 2.75924
55.31669 2.75746
55.29970 2.79424
55.28310 2.83091
55.43149 2.82928
55.45162 2.79248
55.47149 2.75556
55.61998 2.75373
55.60289 2.79071
55.58620 2.82757
55.73143 2.82597
55.75166 2.78897
55.77163 2.75185
55.92012 2.75001
55.90294 2.78719
55.88614 2.82425
56.03454 2.82260
56.05487 2.78541
56.07494 2.74809
56.22028 2.74628
56.20300 2.78366
56.18610 2.82091
56.33451 2.81925
56.35493 2.78186
56.37509 2.74435
56.52360 2.74249
56.50622 2.78007
56.48923 2.81751
56.63448 2.81588
56.65500 2.77830
56.67526 2.74059
56.82377 2.73872
56.80629 2.77650
56.78920 2.81413
56.93762 2.81246
56.95824 2.77468
56.97860 2.73677
57.12395 2.73493
57.10638 2.77290
57.08919 2.81074
57.23761 2.80905
57.25832 2.77108
57.27878 2.73297
57.42414 2.73113
57.40647 2.76929
57.38919 2.80732
57.53760 2.80563
57.55842 2.76746
57.57898 2.72916
57.72750 2.72726
57.70973 2.76563
57.69235 2.80386
57.83762 2.80219
57.85853 2.76382
57.87919 2.72532
58.02771 2.72341
58.00984 2.76198
57.99236 2.80040
58.14079 2.79869
58.16180 2.76013
58.18256 2.72142
58.32793 2.71955
58.30996 2.75831
58.29238 2.79693
58.44082 2.79521
58.46192 2.75645
58.48279 2.71755
58.63132 2.71563
58.61326 2.75459
58.59557 2.79341
58.74085 2.79171
58.76205 2.75276
58.78302 2.71365
58.93156 2.71172
58.91339 2.75089
58.89561 2.78990
59.04406 2.78816
59.06536 2.74901
59.08643 2.70970
59.23181 2.70780
59.21354 2.74716
59.19566 2.78638
59.34411 2.78462
59.36551 2.74527
59.38668 2.70577
59.53207 2.70386
59.51370 2.74342
59.49572 2.78283
59.64418 2.78107
59.66567 2.74152
59.68694 2.70182
59.83550 2.69985
59.81703 2.73962
59.79895 2.77923
59.94425 2.77750
59.96584 2.73775
59.98722 2.69785
60.13577 2.69588
60.11721 2.73584
60.09903 2.77565
60.24749 2.77387
60.26918 2.73393
60.29066 2.69381
60.43606 2.69187
60.41739 2.73205
60.39911 2.77205
60.54758 2.77026
60.56937 2.73012
60.59095 2.68980
60.73952 2.68781
60.72075 2.72819
60.70237 2.76839
60.84768 2.76663
60.86957 2.72629
60.89125 2.68578
61.03983 2.68377
61.02096 2.72435
61.00248 2.76476
61.15095 2.76295
61.17295 2.72240
61.19473 2.68168
61.34014 2.67972
61.32117 2.72050
61.30259 2.76110
61.45107 2.75928
61.47317 2.71854
61.49505 2.67762
61.64363 2.67559
61.62456 2.71658
61.60588 2.75739
61.75120 2.75560
61.77339 2.71465
61.79538 2.67353
61.94397 2.67150
61.92480 2.71269
61.90601 2.75369
62.05134 2.75189
62.07363 2.71075
62.09572 2.66942
62.24431 2.66738
62.22504 2.70877
62.20615 2.74998
62.35465 2.74813
62.37704 2.70679
62.39923 2.66525
62.54467 2.66324
62.52529 2.70484
62.50631 2.74625
62.65480 2.74439
62.67729 2.70285
62.69959 2.66110
62.84820 2.65904
62.82871 2.70085
62.80963 2.74246
62.95498 2.74063
62.97757 2.69888
62.99996 2.65693
63.14857 2.65487
63.12899 2.69688
63.10980 2.73869
63.25831 2.73681
63.28100 2.69486
63.30351 2.65270
63.44896 2.65067
63.42928 2.69289
63.40999 2.73490
63.55849 2.73302
63.58129 2.69086
63.60390 2.64850
63.75252 2.64641
63.73273 2.68883
63.71333 2.73105
63.85869 2.72920
63.88159 2.68684
63.90430 2.64427
64.05292 2.64217
64.03303 2.68480
64.01353 2.72722
64.15890 2.72536
64.18189 2.68280
64.20471 2.64002
64.35334 2.63792
64.33334 2.68075
64.31374 2.72338
64.46227 2.72147
64.48537 2.67870
64.50829 2.63571
64.65376 2.63364
64.63366 2.67669
64.61397 2.71951
64.76249 2.71759
64.78570 2.67462
64.80872 2.63142
64.95736 2.62930
64.93716 2.67256
64.91735 2.71559
65.06274 2.71370
65.08603 2.67052
65.10916 2.62712
65.25781 2.62498
65.23750 2.66845
65.21759 2.71168
65.36613 2.70975
65.38954 2.66636
65.41278 2.62274
65.55826 2.62064
65.53786 2.66432
65.51785 2.70776
65.66639 2.70582
65.68989 2.66222
65.71324 2.61840
65.86189 2.61624
65.84138 2.66013
65.82126 2.70378
65.96665 2.70186
65.99026 2.65807
66.01371 2.61403
66.16237 2.61186
66.14175 2.65596
66.12153 2.69982
66.27009 2.69785
66.29380 2.65385
66.31736 2.60960
66.46285 2.60746
66.44213 2.65177
66.42180 2.69584
66.57037 2.69386
66.59418 2.64965
66.61785 2.60519
66.76335 2.60305
66.74252 2.64757
66.72210 2.69184
66.87066 2.68985
66.89458 2.64543
66.91835 2.60076
67.06702 2.59856
67.04608 2.64330
67.02555 2.68778
67.17096 2.68582
67.19498 2.64119
67.21886 2.59631
67.36754 2.59410
67.34650 2.63905
67.32586 2.68374
67.47444 2.68173
67.49856 2.63689
67.52255 2.59179
67.66807 2.58962
67.64692 2.63478
67.62617 2.67968
67.77475 2.67766
67.79899 2.63261
67.82308 2.58730
67.97177 2.58507
67.95052 2.63045
67.92966 2.67556
68.07509 2.67358
68.09942 2.62832
68.12362 2.58279
68.27232 2.58055
68.25096 2.62614
68.23000 2.67146
68.37859 2.66942
68.40304 2.62395
68.42734 2.57821
68.57288 2.57600
68.55141 2.62181
68.53034 2.66734
68.67894 2.66530
68.70349 2.61962
68.72791 2.57365
68.87344 2.57144
68.85187 2.61746
68.83070 2.66320
68.97930 2.66115
69.00396 2.61526
69.02848 2.56908
69.17719 2.56681
69.15550 2.61305
69.13423 2.65900
69.27967 2.65698
69.30443 2.61088
69.32906 2.56448
69.47778 2.56220
69.45598 2.60866
69.43460 2.65483
69.58322 2.65275
69.60808 2.60643
69.63283 2.55982
69.77838 2.55757
69.75648 2.60425
69.73499 2.65063
69.88361 2.64855
69.90857 2.60201
69.93343 2.55518
70.08216 2.55288
70.06014 2.59978
70.03855 2.64637
70.18400 2.64432
70.20908 2.59758
70.23405 2.55052
70.38278 2.54821
70.36066 2.59532
70.33895 2.64213
70.48758 2.64003
70.51276 2.59307
70.53784 2.54579
70.68341 2.54352
70.66118 2.59085
70.63937 2.63788
70.78800 2.63576
70.81329 2.58859
70.83848 2.54109
70.98721 2.53876
70.96488 2.58632
70.94296 2.63355
71.08843 2.63148
71.11383 2.58408
71.13913 2.53637
71.28787 2.53402
71.26542 2.58180
71.24339 2.62926
71.38887 2.62717
71.41437 2.57956
71.43979 2.53162
71.58854 2.52927
71.56598 2.57727
71.54384 2.62494
71.69248 2.62280
71.71810 2.57497
71.74362 2.52681
71.88921 2.52449
71.86654 2.57272
71.84429 2.62060
71.99295 2.61845
72.01867 2.57041
72.04430 2.52202
72.19306 2.51964
72.17028 2.56809
72.14793 2.61620
72.29342 2.61408
72.31925 2.56582
72.34500 2.51721
72.49376 2.51482
72.47087 2.56350
72.44840 2.61182
72.59706 2.60965
72.62300 2.56117
72.64886 2.51233
72.79447 2.50998
72.77146 2.55888
72.74889 2.60742
72.89755 2.60524
72.92361 2.55654
72.94958 2.50747
73.09835 2.50506
73.07523 2.55419
73.05255 2.60296
73.19805 2.60081
73.22422 2.55189
73.25030 2.50260
73.39908 2.50018
73.37585 2.54953
73.35305 2.59852
73.49856 2.59636
73.52484 2.54722
73.55104 2.49770
73.69983 2.49527
73.67648 2.54485
73.65357 2.59406
73.80225 2.59184
73.82863 2.54248
73.85495 2.49273
74.00058 2.49034
73.97712 2.54015
73.95410 2.58958
74.10279 2.58735
74.12927 2.53776
74.15571 2.48779
74.30451 2.48533
74.28093 2.53538
74.25780 2.58503
74.40333 2.58284
74.42993 2.53303
74.45648 2.48282
74.60529 2.48036
74.58159 2.53063
74.55835 2.58050
74.70705 2.57826
74.73376 2.52822
74.76042 2.47779
74.90607 2.47536
74.88226 2.52586
74.85891 2.57596
75.00761 2.57371
75.03444 2.52344
75.06122 2.47278
75.21003 2.47029
75.18611 2.52102
75.16264 2.57135
75.30819 2.56913
75.33512 2.51865
75.36202 2.46774
75.51084 2.46525
75.48680 2.51621
75.46322 2.56676
75.61194 2.56449
75.63899 2.51377
75.66600 2.46264
75.81167 2.46018
75.78751 2.51138
75.76381 2.56216
75.91253 2.55987
75.93969 2.50893
75.96682 2.45756
76.11250 2.45509
76.08822 2.50653
76.06441 2.55753
76.21314 2.55523
76.24041 2.50407
76.26767 2.45246
76.41650 2.44993
76.39211 2.50160
76.36819 2.55283
76.51375 2.55058
76.54114 2.49918
76.56851 2.44734
76.71735 2.44480
76.69285 2.49670
76.66881 2.54816
76.81755 2.54585
76.84505 2.49422
76.87254 2.44214
77.01823 2.43964
76.99360 2.49178
76.96944 2.54347
77.11818 2.54114
77.14580 2.48929
77.17341 2.43697
77.32227 2.43440
77.29752 2.48679
77.27325 2.53871
77.41883 2.53642
77.44657 2.48433
77.47430 2.43178
77.62315 2.42920
77.59829 2.48183
77.57391 2.53398
77.72266 2.53163
77.75050 2.47931
77.77835 2.42651
77.92405 2.42397
77.89907 2.47684
77.87457 2.52922
78.02333 2.52686
78.05129 2.47431
78.07926 2.42127
78.22497 2.41872
78.19987 2.47183
78.17525 2.52445
78.32401 2.52207
78.35209 2.46929
78.38018 2.41600
78.52906 2.41339
78.50383 2.46674
78.47910 2.51960
78.62470 2.51726
78.65290 2.46424
78.68112 2.41072
78.82999 2.40810
78.80465 2.46169
78.77980 2.51478
78.92857 2.51238
78.95689 2.45912
78.98522 2.40535
79.13095 2.40277
79.10548 2.45661
79.08051 2.50993
79.22928 2.50753
79.25772 2.45403
79.28617 2.40002
79.43507 2.39737
79.40949 2.45146
79.38439 2.50502
79.53001 2.50265
79.55856 2.44892
79.58715 2.39466
79.73604 2.39200
79.71034 2.44633
79.68512 2.50013
79.83391 2.49771
79.86258 2.44373
79.89129 2.38922
80.03703 2.38661
80.01120 2.44119
79.98586 2.49522
80.13466 2.49279
80.16345 2.43857
80.19228 2.38382
80.34119 2.38113
80.31524 2.43596
80.28978 2.49024
80.43541 2.48785
80.46433 2.43339
80.49328 2.37838
80.64220 2.37569
80.61612 2.43077
80.59055 2.48529
80.73618 2.48288
80.76521 2.42819
80.79430 2.37293
80.94322 2.37022
80.91702 2.42555
80.89132 2.48031
81.04013 2.47784
81.06929 2.42291
81.09849 2.36739
81.24425 2.36473
81.21792 2.42031
81.19211 2.47531
81.34092 2.47284
81.37020 2.41765
81.39953 2.36189
81.54847 2.35916
81.52201 2.41499
81.49607 2.47024
81.64172 2.46780
81.67112 2.41238
81.70058 2.35636
81.84953 2.35361
81.82294 2.40971
81.79688 2.46520
81.94571 2.46270
81.97522 2.40702
82.00482 2.35075
82.15060 2.34805
82.12388 2.40440
82.09770 2.46013
82.24653 2.45762
82.27617 2.40170
82.30589 2.34517
82.45485 2.34240
82.42801 2.39901
82.40170 2.45499
82.54737 2.45252
82.57713 2.39635
82.60698 2.33956
82.75595 2.33678
82.72897 2.39365
82.70254 2.44988
82.84822 2.44740
82.87811 2.39098
82.90809 2.33393
83.05706 2.33114
83.02995 2.38826
83.00340 2.44475
83.15225 2.44220
83.18226 2.38553
83.21237 2.32822
83.35818 2.32547
83.33094 2.38286
83.30426 2.43959
83.45312 2.43703
83.48325 2.38011
83.51350 2.32254
83.66248 2.31972
83.63512 2.37737
83.60831 2.43436
83.75400 2.43184
83.78426 2.37467
83.81464 2.31683
83.96363 2.31400
83.93613 2.37191
83.90920 2.42915
84.05806 2.42657
84.08845 2.36914
84.11896 2.31104
84.26479 2.30825
84.23716 2.36643
84.21010 2.42392
84.35897 2.42133
84.38949 2.36365
84.42013 2.30528
84.56914 2.30242
84.54137 2.36087
84.51418 2.41862
84.65989 2.41607
84.69053 2.35813
84.72131 2.29949
84.87032 2.29662
84.84243 2.35534
84.81510 2.41334
84.96398 2.41072
84.99476 2.35253
85.02567 2.29362
85.17152 2.29080
85.14349 2.34978
85.11604 2.40804
85.26493 2.40541
85.29583 2.34696
85.32688 2.28778
85.47273 2.28494
85.44457 2.34420
85.41699 2.40272
85.56588 2.40008
85.59692 2.34137
85.62810 2.28192
85.77713 2.27901
85.74883 2.33854
85.72112 2.39732
85.86685 2.39472
85.89801 2.33575
85.92933 2.27603
86.07837 2.27310
86.04993 2.33290
86.02209 2.39195
86.17099 2.38928
86.20229 2.33005
86.23375 2.27005
86.37962 2.26717
86.35105 2.32725
86.32307 2.38656
86.47199 2.38388
86.50342 2.32438
86.53501 2.26410
86.68406 2.26115
86.65534 2.32151
86.62723 2.38108
86.77299 2.37845
86.80455 2.31868
86.83628 2.25813
86.98534 2.25516
86.95649 2.31580
86.92825 2.37564
87.07717 2.37294
87.10886 2.31290
87.14075 2.25206
87.28664 2.24915
87.25764 2.31007
87.22927 2.37017
87.37820 2.36746
87.41003 2.30715
87.44205 2.24604
87.58794 2.24311
87.55881 2.30430
87.53030 2.36468
87.67924 2.36195
87.71120 2.30138
87.74336 2.23998
87.89244 2.23697
87.86316 2.29846
87.83452 2.35910
87.98029 2.35642
88.01238 2.29558
88.04469 2.23389
88.19378 2.23087
88.16435 2.29265
88.13557 2.35356
88.28452 2.35081
88.31675 2.28970
88.34921 2.22772
88.49512 2.22475
88.46556 2.28681
88.43664 2.34800
88.58560 2.34523
88.61797 2.28384
88.65056 2.22158
88.79966 2.21853
88.76995 2.28088
88.74089 2.34235
88.88669 2.33963
88.91919 2.27796
88.95194 2.21541
89.10104 2.21235
89.07119 2.27499
89.04199 2.33673
89.19096 2.33394
89.22361 2.27199
89.25650 2.20914
89.40243 2.20613
89.37243 2.26906
89.34310 2.33109
89.49207 2.32828
89.52486 2.26606
89.55790 2.20292
89.70702 2.19982
89.67687 2.26305
89.64739 2.32536
89.79320 2.32260
89.82613 2.26010
89.85931 2.19666
90.00844 2.19356
89.97814 2.25708
89.94852 2.31966
90.09434 2.31690
90.11085 2.28562
90.12741 2.25411
90.14403 2.22237
90.16074 2.19037
90.30988 2.18725
90.29457 2.21929
90.27943 2.25108
90.26447 2.28262
90.24968 2.31394
90.39866 2.31110
90.41524 2.27968
90.43188 2.24803
90.44858 2.21614
90.46536 2.18399
90.61133 2.18093
90.59594 2.21312
90.58073 2.24505
90.56569 2.27674
90.55083 2.30820
90.69983 2.30534
90.71648 2.27378
90.73318 2.24199
90.74996 2.20995
90.76682 2.17765
90.91597 2.17450
90.90051 2.20684
90.88522 2.23893
90.87011 2.27076
90.85517 2.30236
91.00101 2.29956
91.01773 2.26786
91.03451 2.23592
91.05136 2.20373
91.06829 2.17127
91.21745 2.16811
91.20191 2.20061
91.18655 2.23284
91.17137 2.26482
91.15636 2.29657
91.30537 2.29369
91.32216 2.26184
91.33902 2.22975
91.35594 2.19741
91.37296 2.16480
91.51895 2.16169
91.50333 2.19434
91.48789 2.22673
91.47265 2.25886
91.45757 2.29074
91.60658 2.28785
91.62344 2.25586
91.64036 2.22363
91.65737 2.19113
91.67446 2.15836
91.82364 2.15517
91.80794 2.18798
91.79243 2.22052
91.77710 2.25280
91.76194 2.28483
91.90780 2.28199
91.92473 2.24985
91.94173 2.21747
91.95881 2.18482
91.97598 2.15190
92.12516 2.14869
92.10939 2.18166
92.09380 2.21435
92.07839 2.24678
92.06317 2.27895
92.20904 2.27609
92.22604 2.24382
92.24311 2.21128
92.26027 2.17849
92.27752 2.14540
92.42671 2.14218
92.41085 2.17531
92.39519 2.20815
92.37971 2.24073
92.36441 2.27305
92.51345 2.27011
92.53052 2.23769
92.54767 2.20501
92.56492 2.17205
92.58225 2.13880
92.72827 2.13563
92.71233 2.16892
92.69659 2.20192
92.68104 2.23465
92.66567 2.26711
92.81471 2.26417
92.83186 2.23160
92.84908 2.19876
92.86640 2.16565
92.88381 2.13224
93.03302 2.12899
93.01700 2.16244
93.00118 2.19560
92.98555 2.22848
92.97010 2.26109
93.11599 2.25820
93.13321 2.22548
93.15051 2.19249
93.16790 2.15922
93.18540 2.12565
93.33461 2.12238
93.31851 2.15600
93.30261 2.18931
93.28690 2.22234
93.27138 2.25510
93.42044 2.25213
93.43774 2.21926
93.45512 2.18612
93.47260 2.15269
93.49017 2.11896
93.63621 2.11574
93.62003 2.14952
93.60406 2.18299
93.58828 2.21618
93.57268 2.24909
93.72174 2.24610
93.73911 2.21308
93.75657 2.17979
93.77413 2.14620
93.79179 2.11231
93.94101 2.10900
93.92475 2.14295
93.90869 2.17658
93.89283 2.20992
93.87716 2.24298
94.02306 2.24005
94.04050 2.20688
94.05804 2.17343
94.07567 2.13968
94.09342 2.10562
94.24265 2.10230
94.22631 2.13641
94.21016 2.17020
94.19422 2.20370
94.17848 2.23691
94.32756 2.23390
94.34509 2.20058
94.36270 2.16697
94.38042 2.13306
94.39824 2.09883
94.54431 2.09556
94.52788 2.12984
94.51165 2.16380
94.49563 2.19745
94.47981 2.23082
94.62890 2.22779
94.64650 2.19431
94.66420 2.16055
94.68199 2.12647
94.69990 2.09207
94.84598 2.08879
94.82947 2.12324
94.81317 2.15736
94.79707 2.19117
94.78117 2.22469
94.93026 2.22165
94.94794 2.18802
94.96571 2.15409
94.98358 2.11986
95.00158 2.08529
95.15084 2.08192
95.13424 2.11654
95.11786 2.15082
95.10168 2.18480
95.08570 2.21847
95.23163 2.21548
95.24939 2.18169
95.26724 2.14761
95.28519 2.11321
95.30328 2.07847
95.45255 2.07508
95.43586 2.10987
95.41940 2.14432
95.40313 2.17846
95.38708 2.21229
95.53619 2.20922
95.55403 2.17528
95.57196 2.14103
95.59000 2.10646
95.60817 2.07154
95.75427 2.06821
95.73750 2.10318
95.72095 2.13780
95.70461 2.17209
95.68848 2.20607
95.83759 2.20299
95.85550 2.16889
95.87352 2.13448
95.89164 2.09974
95.90990 2.06465
96.05919 2.06123
96.04233 2.09638
96.02570 2.13116
96.00927 2.16562
95.99306 2.19977
96.13901 2.19673
96.15700 2.16248
96.17509 2.12790
96.19330 2.09300
96.21165 2.05773
96.36095 2.05429
96.34400 2.08961
96.32728 2.12457
96.31077 2.15919
96.29448 2.19350
96.44361 2.19038
96.46168 2.15597
96.47986 2.12123
96.49816 2.08615
96.51659 2.05070
96.66272 2.04732
96.64568 2.08282
96.62888 2.11795
96.61229 2.15273
96.59592 2.18720
96.74506 2.18407
96.76321 2.14949
96.78147 2.11458
96.79985 2.07933
96.81838 2.04371
96.96451 2.04031
96.94739 2.07599
96.93049 2.11129
96.91383 2.14624
96.89738 2.18087
97.04651 2.17772
97.06475 2.14298
97.08309 2.10791
97.10156 2.07249
97.12018 2.03668
97.26950 2.03320
97.25229 2.06905
97.23530 2.10453
97.21854 2.13965
97.20201 2.17444
97.34799 2.17135
97.36630 2.13645
97.38473 2.10121
97.40329 2.06561
97.42199 2.02962
97.57132 2.02612
97.55402 2.06215
97.53695 2.09781
97.52011 2.13310
97.50349 2.16805
97.65265 2.16487
97.67105 2.12981
97.68956 2.09440
97.70821 2.05862
97.72701 2.02245
97.87317 2.01900
97.85577 2.05522
97.83861 2.09105
97.82168 2.12651
97.80499 2.16163
97.95416 2.15844
97.97264 2.12321
97.99124 2.08762
98.00997 2.05167
98.02886 2.01532
98.17821 2.01177
98.16072 2.04818
98.14347 2.08419
98.12646 2.11983
98.10968 2.15511
98.25568 2.15197
98.27424 2.11657
98.29293 2.08082
98.31175 2.04468
98.33074 2.00815
98.48009 2.00459
98.46251 2.04118
98.44517 2.07737
98.42808 2.11318
98.41121 2.14863
98.56039 2.14541
98.57904 2.10984
98.59781 2.07391
98.61672 2.03759
98.63581 2.00086
98.78199 1.99736
98.76431 2.03415
98.74688 2.07052
98.72970 2.10650
98.71275 2.14211
98.86194 2.13888
98.88067 2.10314
98.89953 2.06704
98.91854 2.03054
98.93772 1.99362
99.08708 1.99002
99.06931 2.02700
99.05179 2.06355
99.03452 2.09971
99.01749 2.13550
99.16351 2.13232
99.18232 2.09641
99.20127 2.06013
99.22037 2.02345
99.23964 1.98633
99.38903 1.98272
99.37116 2.01989
99.35354 2.05663
99.33618 2.09297
99.31906 2.12893
99.46509 2.12573
99.48399 2.08965
99.50302 2.05319
99.52222 2.01632
99.54159 1.97902
99.69098 1.97538
99.67302 2.01274
99.65531 2.04967
99.63786 2.08619
99.62065 2.12232
99.76987 2.11904
99.78885 2.08278
99.80798 2.04614
99.82727 2.00908
99.84674 1.97158
99.99296 1.96800
99.97489 2.00556
99.95709 2.04268
99.93955 2.07938
99.92226 2.11568
100.07148 2.11238
100.09056 2.07595
100.10977 2.03913
100.12916 2.00188
100.14872 1.96418
100.29813 1.96051
100.27996 1.99827
100.26207 2.03557
100.24444 2.07246
100.22706 2.10894
100.37311 2.10569
100.39227 2.06909
100.41158 2.03208
100.43106 1.99464
100.45073 1.95675
100.60015 1.95305
100.58189 1.99101
100.56389 2.02851
100.54617 2.06557
100.52869 2.10223
100.67793 2.09890
100.69718 2.06212
100.71659 2.02493
100.73616 1.98729
100.75593 1.94919
100.90218 1.94556
100.88382 1.98372
100.86573 2.02141
100.84791 2.05866
100.83035 2.09550
100.97960 2.09215
100.99894 2.05519
101.01843 2.01781
101.03811 1.97998
101.05798 1.94168
101.20741 1.93794
101.18895 1.97631
101.17077 2.01420
101.15285 2.05164
101.13520 2.08865
101.28128 2.08537
101.30070 2.04822
101.32030 2.01065
101.34007 1.97263
101.36004 1.93412
101.50949 1.93037
101.49093 1.96894
101.47264 2.00703
101.45463 2.04465
101.43689 2.08185
101.58297 2.07855
101.60249 2.04122
101.62218 2.00346
101.64205 1.96524
101.66213 1.92652
101.81159 1.92275
101.79292 1.96153
101.77453 1.99982
101.75643 2.03763
101.73859 2.07502
101.88787 2.07162
101.90748 2.03411
101.92726 1.99616
101.94724 1.95773
101.96742 1.91881
102.11370 1.91509
102.09493 1.95408
102.07644 1.99257
102.05824 2.03058
102.04031 2.06814
102.18959 2.06473
102.20930 2.02704
102.22918 1.98889
102.24926 1.95026
102.26954 1.91113
102.41902 1.90731
102.40013 1.94652
102.38155 1.98521
102.36326 2.02341
102.34523 2.06117
102.49134 2.05781
102.51114 2.01993
102.53112 1.98159
102.55130 1.94276
102.57169 1.90341
102.72118 1.89957
102.70219 1.93899
102.68350 1.97788
102.66510 2.01629
102.64699 2.05423
102.79629 2.05078
102.81618 2.01271
102.83626 1.97417
102.85653 1.93513
102.87703 1.89556
103.02336 1.89178
103.00426 1.93142
102.98546 1.97052
102.96697 2.00913
102.94876 2.04726
103.09807 2.04379
103.11806 2.00553
103.13823 1.96679
103.15862 1.92754
103.17923 1.88775
103.32874 1.88387
103.30953 1.92373
103.29063 1.96305
103.27204 2.00185
103.25373 2.04017
103.39987 2.03677
103.41995 1.99831
103.44023 1.95937
103.46072 1.91991
103.48144 1.87990
103.63096 1.87600
103.61164 1.91608
103.59264 1.95561
103.57395 1.99461
103.55554 2.03313
103.70487 2.02963
103.72505 1.99098
103.74542 1.95183
103.76602 1.91216
103.78685 1.87192
103.93321 1.86809
103.91378 1.90839
103.89467 1.94813
103.87587 1.98734
103.85737 2.02605
104.00670 2.02253
104.02698 1.98368
104.04746 1.94433
104.06816 1.90445
104.08911 1.86399
104.23548 1.86013
104.21593 1.90066
104.19672 1.94061
104.17781 1.98002
104.15921 2.01893
104.30855 2.01540
104.32893 1.97635
104.34952 1.93679
104.37033 1.89669
104.39140 1.85600
104.54095 1.85204
104.52128 1.89280
104.50196 1.93297
104.48296 1.97260
104.46426 2.01170
104.61043 2.00823
104.63090 1.96898
104.65159 1.92922
104.67252 1.88889
104.69370 1.84797
104.84326 1.84398
104.82348 1.88498
104.80404 1.92537
104.78494 1.96521
104.76614 2.00452
104.91550 2.00095
104.93608 1.96149
104.95687 1.92152
104.97790 1.88097
104.99920 1.83981
105.14560 1.83589
105.12570 1.87712
105.10616 1.91773
105.08694 1.95778
105.06804 1.99729
105.21741 1.99370
105.23809 1.95405
105.25898 1.91385
105.28013 1.87308
105.30155 1.83169
105.45114 1.82765
105.43112 1.86913
105.41146 1.90997
105.39214 1.95023
105.37314 1.98995
105.51933 1.98642
105.54012 1.94656
105.56113 1.90615
105.58239 1.86515
105.60393 1.82352
105.75352 1.81946
105.73338 1.86117
105.71361 1.90225
105.69418 1.94272
105.67507 1.98265
105.82446 1.97902
105.84535 1.93895
105.86647 1.89832
105.88784 1.85709
105.90950 1.81522
106.05594 1.81122
106.03568 1.85317
106.01579 1.89448
105.99624 1.93518
105.97703 1.97531
106.12643 1.97166
106.14742 1.93138
106.16865 1.89054
106.19014 1.84907
106.21192 1.80695
106.35837 1.80293
106.33798 1.84513
106.31798 1.88667
106.29832 1.92759
106.27900 1.96793
106.42841 1.96427
106.44951 1.92378
106.47086 1.88270
106.49247 1.84101
106.51437 1.79864
106.66400 1.79450
106.64350 1.83696
106.62337 1.87873
106.60361 1.91988
106.58418 1.96044
106.73042 1.95683
106.75162 1.91613
106.77308 1.87483
106.79481 1.83289
106.81684 1.79027
106.96649 1.78611
106.94586 1.82882
106.92561 1.87084
106.90573 1.91221
106.88620 1.95298
107.03562 1.94928
107.05694 1.90835
107.07850 1.86682
107.10036 1.82465
107.12251 1.78177
107.26900 1.77768
107.24823 1.82064
107.22787 1.86289
107.20787 1.90449
107.18823 1.94549
107.33767 1.94176
107.35909 1.90062
107.38077 1.85886
107.40275 1.81644
107.42503 1.77330
107.57471 1.76910
107.55382 1.81232
107.53333 1.85482
107.51322 1.89666
107.49347 1.93787
107.63973 1.93421
107.66127 1.89284
107.68307 1.85085
107.70516 1.80818
107.72758 1.76479
107.87727 1.76055
107.85625 1.80404
107.83563 1.84679
107.81541 1.88886
107.79554 1.93029
107.94500 1.92653
107.96665 1.88494
107.98856 1.84271
108.01079 1.79979
108.03334 1.75613
108.17985 1.75196
108.15870 1.79571
108.13796 1.83871
108.11761 1.88102
108.09764 1.92268
108.24710 1.91889
108.26887 1.87708
108.29090 1.83461
108.31325 1.79144
108.33593 1.74750
108.48565 1.74322
108.46437 1.78724
108.44350 1.83050
108.42303 1.87305
108.40294 1.91494
108.54923 1.91122
108.57111 1.86917
108.59326 1.82646
108.61574 1.78303
108.63856 1.73883
108.78829 1.73451
108.76687 1.77881
108.74587 1.82233
108.72528 1.86512
108.70507 1.90724
108.85138 1.90349
108.87337 1.86122
108.89565 1.81826
108.91825 1.77458
108.94122 1.73010
109.09096 1.72575
109.06939 1.77033
109.04827 1.81410
109.02755 1.85714
109.00723 1.89950
109.15673 1.89565
109.17884 1.85314
109.20124 1.80993
109.22398 1.76598
109.24708 1.72122
109.39365 1.71694
109.37195 1.76180
109.35069 1.80583
109.32985 1.84912
109.30941 1.89171
109.45892 1.88784
109.48115 1.84509
109.50368 1.80164
109.52655 1.75742
109.54979 1.71237
109.69956 1.70798
109.67772 1.75312
109.65632 1.79743
109.63535 1.84097
109.61479 1.88380
109.76113 1.87999
109.78347 1.83700
109.80614 1.79329
109.82914 1.74881
109.85252 1.70348
110.00231 1.69905
109.98032 1.74448
109.95879 1.78906
109.93770 1.83286
109.91702 1.87593
110.06655 1.87202
110.08901 1.82878
110.11180 1.78481
110.13494 1.74005
110.15848 1.69442
110.30509 1.69006
110.28295 1.73579
110.26129 1.78064
110.24006 1.82470
110.21926 1.86801
110.36880 1.86408
110.39139 1.82060
110.41431 1.77637
110.43759 1.73133
110.46127 1.68541
110.61109 1.68092
110.58880 1.72695
110.56700 1.77208
110.54564 1.81640
110.52471 1.85997
110.67108 1.85609
110.69379 1.81237
110.71685 1.76787
110.74026 1.72255
110.76410 1.67633
110.91393 1.67182
110.89149 1.71814
110.86955 1.76356
110.84806 1.80815
110.82700 1.85196
110.97338 1.84807
110.99623 1.80408
111.01941 1.75933
111.04297 1.71372
111.06696 1.66719
111.21680 1.66265
111.19421 1.70929
111.17212 1.75499
111.15049 1.79984
111.12932 1.84391
111.27889 1.83991
111.30186 1.79567
111.32518 1.75063
111.34889 1.70474
111.37303 1.65790
111.51970 1.65342
111.49695 1.70037
111.47472 1.74636
111.45296 1.79149
111.43165 1.83581
111.58124 1.83178
111.60433 1.78729
111.62780 1.74198
111.65165 1.69579
111.67595 1.64864
111.82582 1.64404
111.80292 1.69130
111.78053 1.73759
111.75863 1.78299
111.73720 1.82758
111.88361 1.82361
111.90684 1.77886
111.93044 1.73327
111.95444 1.68679
111.97890 1.63932
112.12879 1.63468
112.10572 1.68226
112.08319 1.72886
112.06115 1.77454
112.03958 1.81938
112.18919 1.81531
112.21255 1.77029
112.23629 1.72442
112.26044 1.67763
112.28507 1.62983
112.43178 1.62526
112.40855 1.67317
112.38587 1.72006
112.36369 1.76603
112.34199 1.81114
112.49161 1.80705
112.51510 1.76176
112.53899 1.71560
112.56329 1.66850
112.58808 1.62037
112.73801 1.61567
112.71461 1.66392
112.69177 1.71112
112.66944 1.75738
112.64761 1.80276
112.79405 1.79873
112.81768 1.75317
112.84171 1.70672
112.86617 1.65932
112.89113 1.61086
113.04107 1.60612
113.01751 1.65470
112.99451 1.70222
112.97204 1.74877
112.95006 1.79443
113.09970 1.79028
113.12348 1.74444
113.14765 1.69770
113.17228 1.64997
113.19740 1.60117
113.34417 1.59650
113.32043 1.64542
113.29728 1.69326
113.27466 1.74010
113.25254 1.78604
113.40220 1.78187
113.42611 1.73574
113.45043 1.68871
113.47522 1.64066
113.50052 1.59151
113.64730 1.58681
113.62339 1.63608
113.60007 1.68424
113.57731 1.73138
113.55505 1.77760
113.70472 1.77340
113.72877 1.72700
113.75324 1.67965
113.77819 1.63128
113.80367 1.58178
113.95366 1.57694
113.92957 1.62657
113.90609 1.67506
113.88318 1.72251
113.86077 1.76901
114.00727 1.76488
114.03146 1.71819
114.05609 1.67054
114.08120 1.62184
114.10685 1.57198
114.25687 1.56711
114.23260 1.61710
114.20895 1.66592
114.18588 1.71368
114.16333 1.76047
114.31303 1.75623
114.33737 1.70924
114.36215 1.66128
114.38743 1.61223
114.41327 1.56201
114.56011 1.55720
114.53565 1.60755
114.51184 1.65672
114.48861 1.70479
114.46591 1.75188
114.61562 1.74760
114.64011 1.70032
114.66505 1.65204
114.69051 1.60266
114.71653 1.55206
114.86658 1.54711
114.84194 1.59784
114.81795 1.64735
114.79456 1.69575
114.77171 1.74313
114.91825 1.73893
114.94288 1.69135
114.96799 1.64274
114.99362 1.59301
115.01983 1.54204
115.16990 1.53705
115.14507 1.58816
115.12090 1.63803
115.09735 1.68674
115.07435 1.73443
115.22408 1.73011
115.24887 1.68222
115.27415 1.63328
115.29996 1.58320
115.32636 1.53183
115.47325 1.52692
115.44823 1.57842
115.42388 1.62863
115.40017 1.67768
115.37702 1.72567
115.52677 1.72132
115.55171 1.67312
115.57715 1.62386
115.60313 1.57341
115.62974 1.52166
115.77664 1.51670
115.75142 1.56860
115.72690 1.61917
115.70301 1.66856
115.67971 1.71686
115.82948 1.71248
115.85458 1.66397
115.88018 1.61437
115.90635 1.56355
115.93315 1.51140
116.08328 1.50630
116.05785 1.55860
116.03314 1.60955
116.00908 1.65928
115.98562 1.70789
116.13221 1.70358
116.15747 1.65475
116.18325 1.60481
116.20960 1.55362
116.23661 1.50106
116.38675 1.49592
116.36112 1.54863
116.33622 1.59995
116.31200 1.65002
116.28837 1.69897
116.43816 1.69453
116.46358 1.64538
116.48954 1.59508
116.51609 1.54351
116.54330 1.49053
116.69027 1.48546
116.66443 1.53858
116.63934 1.59029
116.61494 1.64071
116.59115 1.68998
116.74096 1.68551
116.76655 1.63603
116.79268 1.58538
116.81942 1.53342
116.84684 1.48003
116.99703 1.47480
116.97098 1.52836
116.94569 1.58045
116.92110 1.63124
116.89715 1.68084
117.04379 1.67644
117.06954 1.62662
117.09585 1.57561
117.12278 1.52326
117.15042 1.46943
117.30063 1.46416
117.27436 1.51815
117.24888 1.57065
117.22411 1.62180
117.19999 1.67173
117.34982 1.66720
117.37575 1.61705
117.40225 1.56566
117.42939 1.51291
117.45725 1.45864
117.60428 1.45344
117.57779 1.50787
117.55210 1.56077
117.52715 1.61229
117.50286 1.66256
117.65271 1.65801
117.67880 1.60751
117.70549 1.55575
117.73284 1.50259
117.76092 1.44787
117.91118 1.44251
117.88446 1.49740
117.85856 1.55071
117.83341 1.60261
117.80895 1.65324
117.95563 1.64875
117.98190 1.59790
118.00877 1.54576
118.03633 1.49218
118.06464 1.43701
118.21492 1.43160
118.18797 1.48695
118.16186 1.54069
118.13652 1.59297
118.11188 1.64395
118.25858 1.63942
118.28503 1.58822
118.31209 1.53569
118.33986 1.48169
118.36840 1.42605
118.51871 1.42059
118.49152 1.47642
118.46520 1.53058
118.43967 1.58325
118.41485 1.63459
118.56475 1.62994
118.59138 1.57837
118.61865 1.52544
118.64663 1.47101
118.67542 1.41488
118.82254 1.40949
118.79511 1.46580
118.76858 1.52040
118.74285 1.57347
118.71785 1.62517
118.86777 1.62048
118.89458 1.56855
118.92205 1.51522
118.95025 1.46034
118.97928 1.40373
119.12963 1.39817
119.10196 1.45498
119.07519 1.51003
119.04926 1.56351
119.02406 1.61558
119.17081 1.61097
119.19781 1.55865
119.22549 1.50492
119.25391 1.44959
119.28320 1.39247
119.43357 1.38687
119.40564 1.44418
119.37866 1.49968
119.35251 1.55358
119.32714 1.60603
119.47708 1.60128
119.50427 1.54858
119.53216 1.49442
119.56082 1.43863
119.59036 1.38100
119.73756 1.37546
119.70937 1.43329
119.68216 1.48925
119.65581 1.54357
119.63023 1.59641
119.78019 1.59162
119.80758 1.53853
119.83568 1.48395
119.86458 1.42769
119.89438 1.36953
120.04481 1.36382
120.01636 1.42218
119.98890 1.47863
119.96232 1.53338
119.93655 1.58661
120.08335 1.58189
120.11094 1.52841
120.13925 1.47339
120.16838 1.41665
120.19846 1.35796
120.34891 1.35219
120.32019 1.41109
120.29248 1.46803
120.26569 1.52322
120.23972 1.57685
120.38654 1.57210
120.41433 1.51821
120.44286 1.46275
120.47224 1.40551
120.50258 1.34627
120.65307 1.34045
120.62406 1.39991
120.59612 1.45734
120.56910 1.51297
120.54293 1.56701
120.69295 1.56212
120.72094 1.50782
120.74970 1.45190
120.77935 1.39416
120.80997 1.33435
120.95728 1.32860
120.92799 1.38862
120.89980 1.44656
120.87255 1.50265
120.84617 1.55711
120.99620 1.55218
121.02441 1.49746
121.05340 1.44108
121.08330 1.38282
121.11422 1.32244
121.26476 1.31650
121.23518 1.37711
121.20671 1.43557
121.17923 1.49214
121.15264 1.54702
121.29951 1.54216
121.32793 1.48701
121.35716 1.43016
121.38731 1.37138
121.41852 1.31040
121.56910 1.30440
121.53922 1.36562
121.51048 1.42461
121.48276 1.48165
121.45595 1.53696
121.60603 1.53195
121.63467 1.47637
121.66414 1.41903
121.69458 1.35970
121.72610 1.29811
121.87349 1.29218
121.84330 1.35401
121.81431 1.41355
121.78635 1.47107
121.75932 1.52682
121.90941 1.52178
121.93827 1.46575
121.96799 1.40792
121.99869 1.34804
122.03053 1.28583
122.18116 1.27970
122.15066 1.34217
122.12137 1.40226
122.09316 1.46029
122.06590 1.51650
122.21282 1.51152
122.24191 1.45504
122.27188 1.39670
122.30287 1.33626
122.33502 1.27341
122.48569 1.26722
122.45486 1.33033
122.42529 1.39100
122.39682 1.44954
122.36934 1.50620
122.51947 1.50108
122.54880 1.44413
122.57903 1.38527
122.61030 1.32424
122.64279 1.26073
122.79029 1.25460
122.75912 1.31838
122.72926 1.37963
122.70053 1.43869
122.67281 1.49582
122.82297 1.49065
122.85253 1.43323
122.88302 1.37385
122.91460 1.31223
122.94742 1.24804
123.09496 1.24184
123.06345 1.30630
123.03329 1.36816
123.00429 1.42775
122.97634 1.48536
123.12651 1.48015
123.15631 1.42224
123.18707 1.36232
123.21895 1.30009
123.25213 1.23520
123.40291 1.22880
123.37104 1.29398
123.34056 1.35646
123.31129 1.41660
123.28309 1.47470
123.43010 1.46956
123.46015 1.41116
123.49119 1.35068
123.52338 1.28783
123.55690 1.22222
123.70772 1.21574
123.67549 1.28165
123.64470 1.34476
123.61515 1.40546
123.58670 1.46406
123.73692 1.45877
123.76722 1.39986
123.79855 1.33880
123.83106 1.27530
123.86497 1.20895
124.01261 1.20253
123.98001 1.26919
123.94890 1.33295
123.91906 1.39423
123.89035 1.45334
124.04059 1.44800
124.07115 1.38857
124.10277 1.32694
124.13561 1.26277
124.16990 1.19566
124.32079 1.18902
124.28780 1.25646
124.25634 1.32090
124.22622 1.38277
124.19724 1.44241
124.34431 1.43713
124.37513 1.37718
124.40705 1.31495
124.44023 1.25011
124.47491 1.18221
124.62585 1.17549
124.59246 1.24372
124.56065 1.30885
124.53023 1.37132
124.50098 1.43149
124.65127 1.42606
124.68237 1.36556
124.71459 1.30272
124.74813 1.23717
124.78323 1.16844
124.93099 1.16178
124.89718 1.23084
124.86503 1.29668
124.83429 1.35977
124.80477 1.42049
124.95509 1.41501
124.98646 1.35395
125.01900 1.29048
125.05290 1.22421
125.08841 1.15465
125.23621 1.14791
125.20199 1.21782
125.16947 1.28438
125.13841 1.34811
125.10862 1.40939
125.25895 1.40386
125.29061 1.34223
125.32347 1.27812
125.35773 1.21110
125.39368 1.14067
125.54475 1.13369
125.51007 1.20450
125.47718 1.27182
125.44579 1.33621
125.41570 1.39806
125.56286 1.39260
125.59481 1.33040
125.62800 1.26562
125.66265 1.19784
125.69905 1.12652
125.85016 1.11944
125.81503 1.19116
125.78175 1.25926
125.75002 1.32431
125.71964 1.38676
125.87003 1.38113
125.90228 1.31832
125.93581 1.25285
125.97086 1.18428
126.00773 1.11201
126.15567 1.10499
126.12007 1.17765
126.08639 1.24655
126.05431 1.31230
126.02363 1.37535
126.17405 1.36966
126.20660 1.30624
126.24049 1.24008
126.27594 1.17069
126.31329 1.09746
126.46451 1.09018
126.42841 1.16383
126.39431 1.23357
126.36188 1.30003
126.33088 1.36371
126.47812 1.35809
126.51099 1.29405
126.54523 1.22716
126.58111 1.15692
126.61896 1.08269
126.77023 1.07531
126.73363 1.14998
126.69909 1.22057
126.66630 1.28777
126.63498 1.35208
126.78545 1.34629
126.81865 1.28159
126.85327 1.21395
126.88959 1.14284
126.92796 1.06755
127.07606 1.06022
127.03893 1.13595
127.00395 1.20743
126.97078 1.27538
126.93914 1.34034
127.08964 1.33449
127.12316 1.26913
127.15817 1.20072
127.19494 1.12871
127.23385 1.05235
127.38523 1.04473
127.34754 1.12158
127.31210 1.19398
127.27853 1.26272
127.24656 1.32836
127.39389 1.32258
127.42775 1.25653
127.46314 1.18734
127.50038 1.11439
127.53986 1.03690
127.69130 1.02916
127.65304 1.10716
127.61713 1.18051
127.58317 1.25005
127.55084 1.31638
127.69818 1.31054
127.73240 1.24380
127.76821 1.17379
127.80593 1.09987
127.84600 1.02120
127.99749 1.01335
127.95863 1.09254
127.92222 1.16688
127.88785 1.23724
127.85517 1.30429
128.00576 1.29826
128.04034 1.23078
128.07657 1.15992
128.11479 1.08499
128.15548 1.00509
128.30383 0.99726
128.26434 1.07771
128.22742 1.15306
128.19262 1.22429
128.15957 1.29206
128.31019 1.28597
128.34513 1.21775
128.38181 1.14602
128.42056 1.07005
128.46188 0.98886
128.61352 0.98073
128.57337 1.06250
128.53591 1.13893
128.50066 1.21104
128.46723 1.27958
128.61469 1.27355
128.65002 1.20457
128.68713 1.13193
128.72642 1.05488
128.76842 0.97235
128.92014 0.96407
128.87930 1.04721
128.84130 1.12475
128.80559 1.19778
128.77177 1.26710
128.92245 1.26087
128.95818 1.19109
128.99578 1.11751
129.03564 1.03931
129.07835 0.95536
129.22690 0.94711
129.18534 1.03169
129.14676 1.11038
129.11058 1.18436
129.07636 1.25448
129.22709 1.24818
129.26323 1.17758
129.30130 1.10304
129.34175 1.02366
129.38519 0.93823
129.53707 0.92963
129.49475 1.01574
129.45556 1.09565
129.41887 1.17062
129.38423 1.24158
129.53179 1.23535
129.56834 1.16391
129.60693 1.08836
129.64799 1.00776
129.69222 0.92077
129.84417 0.91200
129.80105 0.99970
129.76124 1.08086
129.72404 1.15686
129.68898 1.22867
129.83976 1.22223
129.87676 1.14991
129.91588 1.07330
129.95759 0.99141
130.00264 0.90277
130.15146 0.89401
130.10750 0.98339
130.06703 1.06586
130.02931 1.14292
129.99380 1.21562
130.14462 1.20910
130.18208 1.13588
130.22173 1.05819
130.26411 0.97495
130.31003 0.88458
130.45893 0.87563
130.41408 0.96678
130.37293 1.05063
130.33465 1.12880
130.29868 1.20241
130.44956 1.19581
130.48748 1.12166
130.52768 1.04284
130.57077 0.95819
130.61760 0.86599
130.76986 0.85664
130.72407 0.94970
130.68218 1.03499
130.64332 1.11433
130.60688 1.18890
130.75457 1.18236
130.79297 1.10724
130.83377 1.02724
130.87760 0.94112
130.92540 0.84698
131.07776 0.83741
131.03096 0.93246
130.98832 1.01927
130.94886 1.09981
130.91192 1.17536
131.06287 1.16860
131.10178 1.09247
131.14320 1.01123
131.18782 0.92353
131.23666 0.82731
131.38590 0.81771
131.33804 0.91489
131.29460 1.00329
131.25452 1.08508
131.21707 1.16166
131.36806 1.15481
131.40749 1.07763
131.44956 0.99511
131.49499 0.90578
131.54493 0.80735
131.69753 0.79729
131.64853 0.89677
131.60424 0.98687
131.56349 1.06998
131.52551 1.14763
131.67334 1.14084
131.71331 1.06258
131.75603 0.97872
131.80233 0.88766
131.85345 0.78688
132.00620 0.77654
131.95598 0.87845
131.91080 0.97033
131.86937 1.05481
131.83083 1.13356
131.98192 1.12653
132.02245 1.04714
132.06590 0.96185
132.11312 0.86894
132.16552 0.76561
132.31515 0.75520
132.26362 0.85973
132.21750 0.95349
132.17535 1.03941
132.13624 1.11930
132.28737 1.11218
132.32849 1.03161
132.37268 0.94485
132.42087 0.85001
132.47462 0.74396
132.62443 0.73324
132.57149 0.84057
132.52437 0.93633
132.48147 1.02376
132.44176 1.10485
132.59294 1.09762
132.63468 1.01583
132.67964 0.92753
132.72886 0.83062
132.78408 0.72164
132.93730 0.71032
132.88282 0.82075
132.83464 0.91865
132.79093 1.00768
132.75059 1.09004
132.89862 1.08287
132.94099 0.99979
132.98675 0.90986
133.03707 0.81075
133.09389 0.69858
133.24732 0.68688
133.19118 0.80063
133.14186 0.90079
133.09731 0.99151
133.05632 1.07517
133.20761 1.06773
133.25066 0.98331
133.29730 0.89163
133.34880 0.79015
133.40738 0.67446
133.55774 0.66259
133.49978 0.77998
133.44925 0.88257
133.40382 0.97504
133.36214 1.06008
133.51349 1.05252
133.55724 0.96670
133.60480 0.87320
133.65755 0.76921
133.71805 0.64969
133.87194 0.63708
133.81195 0.75852
133.76010 0.86374
133.71371 0.95811
133.67131 1.04459
133.81950 1.03708
133.86304 0.95168
133.91042 0.85854
133.96308 0.75475
134.02363 0.63512