# sss file
-1.57080 3.14159
-3.15726 3.13613
-6.27458 3.13075
-7.85398 3.14159
-9.43187 3.12529
-12.54925 3.11990
-12.55839 3.09818
-15.69846 3.09818
-15.72658 3.11440
-18.84395 3.10901
-18.85853 3.09818
-21.97861 3.09818
-22.00129 3.10356
-25.11867 3.09816
-25.13868 3.09818
-28.25875 3.09818
-28.27601 3.09270
-31.41337 3.08728
-31.43882 3.09818
-34.55889 3.09818
-34.57071 3.08182
-37.68809 3.07643
-37.69725 3.05474
-40.81732 3.05474
-40.84543 3.07097
-43.98279 3.06554
-43.99739 3.05474
-47.11746 3.05474
-47.14013 3.06008
-50.25751 3.05468
-50.27754 3.05474
-53.39761 3.05474
-53.41484 3.04922
-56.54923 3.04379
-56.57414 3.05474
-59.69442 3.05474
-59.70463 3.03833
-62.82386 3.03293
-62.83052 3.01127
-65.95392 3.01127
-65.97869 3.02747
-69.11665 3.02203
-69.12717 3.01127
-72.25238 3.01127
-72.27024 3.01657
-75.39386 3.01116
-75.40850 3.01127
-78.53589 3.01127
-78.54710 3.00570
-81.67265 3.00028
-81.69160 3.01127
-84.83367 3.01127
-84.83839 2.99479
-87.96506 2.98938
-87.96674 2.96773
-91.09687 2.96773
-91.11702 2.98391
-94.24512 2.97848
-94.25140 2.96773
-97.38284 2.96773
-97.39677 2.97302
-100.52609 2.96759
-100.53709 2.96773
-103.66966 2.96773
-103.67745 2.96212
-106.81808 2.95667
-106.83390 2.96773
-109.96713 2.96773
-109.96886 2.95119
-113.09983 2.94576
-113.09873 2.92411
-116.23283 2.92411
-116.25037 2.94028
-119.38215 2.93484
-119.38599 2.92411
-122.52084 2.92411
-122.53244 2.92936
-125.66492 2.92392
-125.67376 2.92411
-128.80931 2.92411
-128.81500 2.91844
-131.94815 2.91299
-131.96204 2.92411
-135.09819 2.92411
-135.09802 2.90750
-138.23174 2.90205
-138.22886 2.88038
-141.36565 2.88038
-141.38151 2.89656
-144.51573 2.89110
-144.51797 2.88038
-147.65513 2.88038
-147.66519 2.88562
-150.79992 2.88015
-150.80733 2.88038
-153.94494 2.88038
-153.94922 2.87466
-157.08439 2.86919
-157.09699 2.88038
-160.23502 2.88038
-160.23354 2.86369
-163.36896 2.85822
-163.36485 2.83653
-166.50332 2.83653
-166.51802 2.85272
-169.64736 2.84725
-169.64849 2.83653
-172.78727 2.83653
-172.79624 2.84175
-175.93261 2.83626
-175.93899 2.83653
-179.07810 2.83653
-179.08135 2.83075
-182.21796 2.82526
-182.22962 2.83653
-185.36913 2.83653
-185.36668 2.81975
-188.50343 2.81425
-188.49839 2.79253
-191.63238 2.79253
-191.64622 2.80875
-194.78341 2.80324
-194.78370 2.79253
-197.92373 2.79253
-197.93188 2.79772
-201.06933 2.79222
-201.07495 2.79253
-204.21525 2.79253
-204.21771 2.78669
-207.35008 2.78118
-207.36105 2.79253
-210.50152 2.79253
-210.49830 2.77565
-213.63616 2.77013
-213.63042 2.74836
-216.77123 2.74836
-216.78441 2.76459
-219.91765 2.75908
-219.91730 2.74836
-223.05805 2.74836
-223.06556 2.75353
-226.20405 2.74800
-226.20908 2.74837
-229.34524 2.74836
-229.34707 2.74246
-232.48563 2.73692
-232.49608 2.74837
-235.63752 2.74836
-235.63369 2.73136
-238.76777 2.72583
-238.76147 2.70400
-241.90295 2.70400
-241.91563 2.72026
-245.05439 2.71471
-245.05352 2.70400
-248.19084 2.70400
-248.19784 2.70915
-251.33709 2.70359
-251.34167 2.70400
-254.48326 2.70400
-254.48458 2.69802
-257.61973 2.69246
-257.62977 2.70400
-260.77156 2.70400
-260.76721 2.68688
-263.90376 2.68131
-263.89697 2.65941
-267.03774 2.65941
-267.05002 2.67572
-270.18584 2.67015
-270.18453 2.65941
-273.32665 2.65941
-273.33325 2.66455
-276.47288 2.65896
-276.47708 2.65941
-279.61535 2.65941
-279.61626 2.65336
-282.75287 2.64777
-282.76257 2.65941
-285.90399 2.65941
-285.89921 2.64216
-289.03669 2.63656
-289.02952 2.61458
-292.17134 2.61458
-292.18327 2.63094
-295.32258 2.62533
-295.32093 2.61458
-298.46116 2.61458
-298.46741 2.61971
-301.60435 2.61409
-301.60823 2.61458
-304.74974 2.61458
-304.75027 2.60845
-307.89010 2.60282
-307.89955 2.61458
-311.03950 2.61458
-311.03434 2.59718
-314.17218 2.59155
-314.16465 2.56948
-317.30567 2.56948
-317.31733 2.58590
-320.45651 2.58025
-320.45454 2.56948
-323.59361 2.56948
-323.59955 2.57459
-326.73955 2.56894
-326.74317 2.56948
-329.88288 2.56948
-329.88311 2.56327
-333.02349 2.55760
-333.03273 2.56948
-336.17280 2.56948
-336.16729 2.55192
-339.30791 2.54625
-339.30006 2.52407
-342.44044 2.52407
-342.45189 2.54056
-345.58964 2.53488
-345.58741 2.52407
-348.72831 2.52407
-348.73401 2.52918
-351.87249 2.52349
-351.87590 2.52407
-355.01780 2.52407
-355.01774 2.51778
-358.15573 2.51207
-358.16481 2.52407
-361.30687 2.52407
-361.30106 2.50635
-364.44066 2.50064
-364.43253 2.47834
-367.57569 2.47834
-367.58696 2.49490
-370.72530 2.48918
-370.72284 2.47834
-373.86255 2.47834
-373.86803 2.48344
-377.00872 2.47770
-377.01197 2.47834
-380.15271 2.47834
-380.15242 2.47195
-383.29200 2.46620
-383.30094 2.47834
-386.44284 2.47834
-386.43673 2.46043
-387.57661 2.45834
-387.58945 2.47834
-387.72284 2.47834
-387.71555 2.45808
-389.57585 2.45467
-389.56744 2.43224
-390.67645 2.43224
-390.68945 2.45263
-390.88019 2.45227
-390.87298 2.43224
-392.70916 2.43224
-392.72030 2.44889
-393.80347 2.44690
-393.79891 2.43224
-394.03219 2.43224
-394.04208 2.44646
-395.85941 2.44312
-395.85674 2.43224
-396.92037 2.43224
-396.92761 2.44115
-397.19397 2.44066
-397.19253 2.43224
-398.99691 2.43224
-399.00221 2.43734
-400.05044 2.43540
-400.05160 2.43224
-400.34548 2.43224
-400.34954 2.43485
-402.14140 2.43155
-402.14449 2.43224
-403.17651 2.43224
-403.17792 2.42964
-403.50084 2.42904
-403.50515 2.43224
-405.28689 2.43224
-405.28636 2.42575
-406.30394 2.42387
-406.31085 2.43224
-406.65579 2.43224
-406.65399 2.42322
-408.42521 2.41995
-408.43404 2.43224
-409.43844 2.43224
-409.43405 2.41809
-409.79895 2.41741
-409.80904 2.43224
-411.57613 2.43224
-411.56977 2.41414
-412.55927 2.41231
-412.57189 2.43224
-412.95687 2.43224
-412.94920 2.41158
-414.71051 2.40832
-414.70187 2.38574
-415.67892 2.38574
-415.69196 2.40651
-416.09515 2.40576
-416.08780 2.38574
-417.84372 2.38574
-417.85472 2.40250
-418.82227 2.40070
-418.81741 2.38574
-419.23471 2.38574
-419.24442 2.39992
-420.99335 2.39667
-420.99051 2.38574
-421.94754 2.38574
-421.95471 2.39489
-422.38750 2.39409
-422.38592 2.38574
-424.13168 2.38574
-424.13682 2.39084
-425.08275 2.38908
-425.08368 2.38574
-425.53244 2.38574
-425.53628 2.38823
-427.27526 2.38500
-427.27820 2.38574
-428.21643 2.38574
-428.21775 2.38325
-428.67874 2.38239
-428.68298 2.38574
-430.42102 2.38574
-430.42029 2.37915
-431.34929 2.37742
-431.35599 2.38574
-431.82712 2.38574
-431.82504 2.37653
-433.56104 2.37329
-433.56979 2.38574
-434.48926 2.38574
-434.48471 2.37157
-434.96805 2.37067
-434.97812 2.38574
-436.71100 2.38574
-436.70434 2.36743
-437.61438 2.36573
-437.62689 2.38574
-438.12237 2.38574
-438.11440 2.36479
-439.84448 2.36156
-439.83560 2.33881
-440.73898 2.33881
-440.75202 2.35987
-441.25454 2.35893
-441.24698 2.33881
-442.97748 2.33881
-442.98839 2.35568
-443.88239 2.35401
-443.87726 2.33881
-444.39142 2.33881
-444.40101 2.35304
-446.12726 2.34980
-446.12424 2.33881
-447.01413 2.33881
-447.02126 2.34813
-447.54015 2.34716
-447.53842 2.33881
-449.26694 2.33881
-449.27193 2.34391
-450.15245 2.34225
-450.15317 2.33881
-450.68295 2.33881
-450.68662 2.34125
-452.41107 2.33801
-452.41391 2.33881
-453.28906 2.33881
-453.29025 2.33636
-453.82497 2.33536
-453.82910 2.33881
-455.55530 2.33881
-455.55436 2.33211
-456.42146 2.33048
-456.42804 2.33881
-456.97290 2.33881
-456.97063 2.32944
-458.69520 2.32620
-458.70392 2.33881
-459.56406 2.33881
-459.55932 2.32457
-460.10867 2.32353
-460.11868 2.33881
-461.84445 2.33881
-461.83757 2.32027
-462.69369 2.31866
-462.70615 2.33881
-463.26077 2.33881
-463.25255 2.31760
-464.97761 2.31435
-464.96849 2.29141
-465.81913 2.29141
-465.83215 2.31273
-466.39323 2.31167
-466.38545 2.29141
-468.11024 2.29141
-468.12109 2.30841
-468.96624 2.30681
-468.96089 2.29141
-469.52720 2.29141
-469.53672 2.30573
-471.26027 2.30247
-471.25706 2.29141
-472.09666 2.29141
-472.10371 2.30087
-472.67373 2.29979
-472.67186 2.29141
-474.39976 2.29141
-474.40463 2.29651
-475.23881 2.29493
-475.23936 2.29141
-475.81456 2.29141
-475.81809 2.29383
-477.54393 2.29056
-477.54664 2.29141
-478.37520 2.29141
-478.37627 2.28898
-478.95708 2.28787
-478.96113 2.29141
-480.68919 2.29141
-480.68807 2.28459
-481.51126 2.28302
-481.51774 2.29141
-482.10139 2.29141
-482.09893 2.28190
-483.82861 2.27861
-483.83726 2.29141
-484.65477 2.29141
-484.64985 2.27705
-485.23645 2.27593
-485.24644 2.29141
-486.97856 2.29141
-486.97143 2.27263
-487.78590 2.27107
-487.79832 2.29141
-488.38774 2.29141
-488.37926 2.26994
-490.11229 2.26664
-490.10295 2.24349
-490.91163 2.24349
-490.92466 2.26508
-491.51668 2.26396
-491.50868 2.24349
-493.24635 2.24349
-493.25715 2.26063
-494.05838 2.25910
-494.05281 2.24349
-494.64985 2.24349
-494.65931 2.25795
-496.39532 2.25463
-496.39198 2.24349
-497.19191 2.24349
-497.19890 2.25309
-497.79599 2.25195
-497.79396 2.24349
-499.53419 2.24349
-499.53894 2.24861
-500.33359 2.24708
-500.33400 2.24349
-500.93605 2.24349
-500.93946 2.24592
-502.68022 2.24258
-502.68287 2.24349
-503.47389 2.24349
-503.47487 2.24105
-504.07509 2.23990
-504.07905 2.24349
-505.82545 2.24349
-505.82414 2.23654
-506.60992 2.23503
-506.61631 2.24349
-507.22084 2.24349
-507.21819 2.23386
-508.96291 2.23050
-508.97157 2.24349
-509.75593 2.24349
-509.75084 2.22898
-510.35479 2.22782
-510.36479 2.24349
-512.11448 2.24349
-512.10709 2.22444
-512.88607 2.22294
-512.89848 2.24349
-513.50517 2.24349
-513.49644 2.22176
-515.24646 2.21839
-515.23691 2.19501
-516.01236 2.19501
-516.02543 2.21688
-516.63154 2.21571
-516.62332 2.19501
-518.37931 2.19501
-518.39009 2.21231
-519.16266 2.21082
-519.15689 2.19501
-519.76358 2.19501
-519.77303 2.20963
-521.52945 2.20623
-521.52597 2.19501
-522.29666 2.19501
-522.30360 2.20474
-522.90897 2.20356
-522.90677 2.19501
-524.66861 2.19501
-524.67325 2.20014
-525.44033 2.19865
-525.44059 2.19501
-526.04654 2.19501
-526.04985 2.19747
-527.81412 2.19404
-527.81668 2.19501
-528.58036 2.19501
-528.58120 2.19255
-529.18657 2.19137
-529.19046 2.19501
-530.95853 2.19501
-530.95706 2.18793
-531.71792 2.18645
-531.72428 2.19501
-532.33023 2.19501
-532.32743 2.18526
-534.09793 2.18181
-534.10660 2.19501
-534.86405 2.19501
-534.85878 2.18033
-535.46415 2.17915
-535.47415 2.19501
-537.24845 2.19501
-537.24086 2.17568
-537.99500 2.17421
-538.00742 2.19501
-538.61167 2.19501
-538.60269 2.17302
-540.38147 2.16955
-540.37167 2.14593
-541.12295 2.14593
-541.13604 2.16807
-541.73969 2.16689
-541.73123 2.14593
-543.51376 2.14593
-543.52451 2.16340
-544.27304 2.16193
-544.26706 2.14593
-544.86929 2.14593
-544.87871 2.16074
-546.66553 2.15724
-546.66189 2.14593
-547.40713 2.14593
-547.41407 2.15577
-548.01571 2.15459
-548.01339 2.14593
-549.80398 2.14593
-549.80857 2.15107
-550.55106 2.14961
-550.55123 2.14593
-551.15145 2.14593
-551.15472 2.14842
-552.94757 2.14489
-552.95010 2.14593
-553.69332 2.14593
-553.69409 2.14342
-554.28981 2.14225
-554.29361 2.14593
-556.09439 2.14593
-556.09272 2.13870
-556.83028 2.13724
-556.83657 2.14593
-557.43228 2.14593
-557.42930 2.13606
-559.23221 2.13250
-559.24087 2.14593
-559.97720 2.14593
-559.97171 2.13104
-560.56487 2.12987
-560.57486 2.14593
-562.38345 2.14593
-562.37558 2.12629
-563.10923 2.12484
-563.12173 2.14593
-563.71353 2.14593
-563.70435 2.12366
-565.51505 2.12007
-565.50506 2.09618
-566.23943 2.09618
-566.25260 2.11861
-566.83991 2.11744
-566.83123 2.09618
-568.64764 2.09618
-568.65842 2.11384
-569.39012 2.11238
-569.38396 2.09618
-569.96795 2.09618
-569.97742 2.11122
-571.80001 2.10759
-571.79620 2.09618
-572.52465 2.09618
-572.53152 2.10614
-573.11371 2.10498
-573.11120 2.09618
-574.93896 2.09618
-574.94343 2.10134
-575.66927 2.09989
-575.66930 2.09618
-576.24828 2.09618
-576.25145 2.09873
-578.08306 2.09507
-578.08550 2.09618
-578.81207 2.09618
-578.81268 2.09362
-579.38730 2.09247
-579.39105 2.09618
-581.22826 2.09618
-581.22647 2.08880
-581.95041 2.08735
-581.95672 2.09618
-582.52813 2.09618
-582.52503 2.08620
-584.36608 2.08251
-584.37481 2.09618
-585.09759 2.09618
-585.09192 2.08106
-585.65898 2.07992
-585.66900 2.09618
-587.51757 2.09618
-587.50948 2.07621
-588.23153 2.07476
-588.24413 2.09618
-588.80798 2.09618
-588.79859 2.07362
-590.65085 2.06990
-590.64059 2.04570
-591.36019 2.04570
-591.37339 2.06844
-591.93313 2.06732
-591.92416 2.04570
-593.78268 2.04570
-593.79344 2.06357
-594.51232 2.06212
-594.50595 2.04570
-595.06076 2.04570
-595.07023 2.06100
-596.93420 2.05724
-596.93026 2.04570
-597.64804 2.04570
-597.65491 2.05578
-598.20550 2.05467
-598.20285 2.04570
-600.07235 2.04570
-600.07678 2.05089
-600.79382 2.04944
-600.79379 2.04570
-601.33944 2.04570
-601.34258 2.04833
-603.21752 2.04453
-603.21994 2.04570
-603.93588 2.04570
-603.93639 2.04307
-604.47601 2.04198
-604.47970 2.04570
-606.36386 2.04570
-606.36191 2.03815
-607.07713 2.03670
-607.08346 2.04570
-607.61630 2.04570
-607.61308 2.03561
-609.50081 2.03177
-609.50961 2.04570
-610.22555 2.04570
-610.21968 2.03031
-610.74820 2.02924
-610.75820 2.04570
-612.65389 2.04570
-612.64550 2.02537
-613.35986 2.02391
-613.37252 2.04570
-613.89468 2.04570
-613.88502 2.02284
-615.78408 2.01897
-615.77359 1.99444
-616.48868 1.99444
-616.50198 2.01750
-617.01829 2.01644
-617.00906 1.99444
-618.91714 1.99444
-618.92796 2.01254
-619.64232 2.01108
-619.63577 1.99444
-620.14554 1.99444
-620.15510 2.01003
-622.06830 2.00610
-622.06424 1.99444
-622.77932 1.99444
-622.78619 2.00463
-623.28836 2.00360
-623.28555 1.99444
-625.20779 1.99444
-625.21217 1.99965
-625.92475 1.99819
-625.92465 1.99444
-626.42203 1.99444
-626.42515 1.99716
-628.35249 1.99319
-628.35489 1.99444
-629.06820 1.99444
-629.06861 1.99172
-629.55840 1.99071
-629.56204 1.99444
-631.49844 1.99444
-631.49635 1.98671
-632.20978 1.98524
-632.21609 1.99444
-632.69803 1.99444
-632.69463 1.98424
-634.63574 1.98022
-634.64456 1.99444
-635.35891 1.99444
-635.35277 1.97874
-635.82738 1.97776
-635.83743 1.99444
-637.78738 1.99444
-637.77873 1.97372
-638.49405 1.97223
-638.50686 1.99444
-638.97342 1.99444
-638.96354 1.97126
-640.92000 1.96720
-640.90927 1.94231
-641.62533 1.94231
-641.63874 1.96571
-642.09627 1.96476
-642.08676 1.94231
-644.05209 1.94231
-644.06297 1.96066
-644.77829 1.95918
-644.77157 1.94231
-645.22274 1.94231
-645.23241 1.95823
-647.20253 1.95412
-647.19833 1.94231
-647.91610 1.94231
-647.92297 1.95262
-648.36513 1.95170
-648.36215 1.94231
-650.34286 1.94231
-650.34719 1.94756
-651.06422 1.94606
-651.06405 1.94231
-651.49643 1.94231
-651.49955 1.94515
-653.48673 1.94098
-653.48910 1.94231
-654.20858 1.94231
-654.20887 1.93947
-654.63226 1.93858
-654.63583 1.94231
-656.63266 1.94231
-656.63034 1.93439
-657.35139 1.93287
-657.35775 1.94231
-657.76974 1.94231
-657.76623 1.93200
-659.77133 1.92779
-659.78024 1.94231
-660.50204 1.94231
-660.49566 1.92626
-660.89898 1.92541
-660.90908 1.94231
-662.92288 1.94231
-662.91395 1.92116
-663.63828 1.91963
-663.65127 1.94231
-664.04348 1.94231
-664.03337 1.91880
-666.05492 1.91453
-666.04392 1.88924
-666.76902 1.88924
-666.78254 1.91299
-667.16446 1.91218
-667.15464 1.88924
-669.18656 1.88924
-669.19753 1.90787
-669.92515 1.90633
-669.91825 1.88924
-670.28739 1.88924
-670.29719 1.90554
-672.33848 1.90121
-672.33415 1.88924
-673.06419 1.88924
-673.07104 1.89965
-673.42827 1.89889
-673.42509 1.88924
-675.47679 1.88924
-675.48107 1.89452
-676.21528 1.89296
-676.21507 1.88924
-676.55784 1.88924
-676.56098 1.89222
-678.62201 1.88782
-678.62437 1.88924
-679.36100 1.88924
-679.36115 1.88625
-679.69149 1.88554
-679.69493 1.88924
-681.76744 1.88924
-681.76496 1.88111
-682.50525 1.87952
-682.51170 1.88924
-682.82750 1.88924
-682.82388 1.87884
-684.90527 1.87438
-684.91429 1.88924
-685.66014 1.88924
-685.65349 1.87277
-685.95309 1.87213
-685.96324 1.88924
-688.05796 1.88924
-688.04874 1.86762
-688.79696 1.86601
-688.81016 1.88924
-689.09580 1.88924
-689.08547 1.86539
-691.18904 1.86086
-691.17776 1.83513
-691.93313 1.83513
-691.94676 1.85923
-692.21308 1.85865
-692.20290 1.83513
-694.32144 1.83513
-694.33249 1.85407
-695.09180 1.85243
-695.08474 1.83513
-695.33389 1.83513
-695.34385 1.85189
-697.47277 1.84728
-697.46829 1.83513
-698.23635 1.83513
-698.24318 1.84560
-698.46986 1.84511
-698.46645 1.83513
-700.61196 1.83513
-700.61621 1.84045
-701.38978 1.83877
-701.38955 1.83513
-701.59426 1.83513
-701.59744 1.83832
-703.75647 1.83362
-703.75881 1.83513
-704.54275 1.83513
-704.54272 1.83191
-704.72026 1.83152
-704.72366 1.83513
-706.90249 1.83513
-706.89983 1.82676
-707.69547 1.82503
-707.70205 1.83513
-707.84853 1.83513
-707.84484 1.82470
-710.04123 1.81989
-710.05038 1.83513
-710.86215 1.83513
-710.85516 1.81811
-710.96185 1.81787
-710.97201 1.83513
-713.19369 1.83513
-713.18415 1.81300
-714.03008 1.81114
-714.04360 1.83513
-714.07412 1.83513
-714.06361 1.81107
-716.32401 1.80609
-716.31242 1.77988
-719.45726 1.77988
-719.46843 1.79916
-722.60827 1.79222
-722.60362 1.77988
-725.74693 1.77988
-725.75115 1.78525
-728.89249 1.77826
-728.89482 1.77988
-732.03813 1.77988
-732.03535 1.77125
-735.17667 1.76423
-735.18596 1.77988
-738.32951 1.77988
-738.31963 1.75718
-741.45965 1.75012
-741.44774 1.72335
-744.59276 1.72335
-744.60406 1.74302
-747.74406 1.73592
-747.73924 1.72335
-750.88279 1.72335
-750.88697 1.72878
-754.02695 1.72163
-754.02928 1.72335
-757.17430 1.72335
-757.17131 1.71445
-760.31127 1.70726
-760.32078 1.72335
-763.46580 1.72335
-763.45561 1.70003
-766.59536 1.69280
-766.58308 1.66542
-769.72761 1.66542
-769.73906 1.68552
-772.87995 1.67824
-772.87495 1.66542
-776.01808 1.66542
-776.02223 1.67092
-779.16309 1.66359
-779.16542 1.66542
-782.30995 1.66542
-782.30675 1.65622
-785.44758 1.64883
-785.45729 1.66542
-788.60182 1.66542
-788.59122 1.64141
-791.73063 1.63398
-791.71800 1.60593
-794.86253 1.60593
-794.87423 1.62651
-798.01502 1.61902
-798.00987 1.60593
-801.15440 1.60593
-801.15853 1.61150
-804.29954 1.60396
-804.30187 1.60593
-807.44664 1.60593
-807.44321 1.59638
-810.58284 1.58878
-810.59276 1.60593
-813.73753 1.60593
-813.72649 1.58115
-816.86743 1.57349
-816.85437 1.54467
-819.99914 1.54467
-820.01105 1.56580
-823.15197 1.55808
-823.14660 1.54467
-826.29004 1.54467
-826.29421 1.55033
-829.43510 1.54255
-829.43750 1.54467
-832.58227 1.54467
-832.57865 1.53474
-835.71950 1.52690
-835.72973 1.54467
-838.87402 1.54467
-838.86248 1.51902
-842.00391 1.51112
-841.99035 1.48142
-845.13445 1.48142
-845.14661 1.50317
-848.28800 1.49520
-848.28240 1.48142
-851.42778 1.48142
-851.43195 1.48718
-854.57203 1.47914
-854.57445 1.48142
-857.71984 1.48142
-857.71594 1.47106
-860.85599 1.46295
-860.86650 1.48142
-864.01189 1.48142
-863.99985 1.45479
-867.14115 1.44660
-867.12708 1.41591
-870.27119 1.41591
-870.28370 1.43837
-873.42495 1.43010
-873.41914 1.41591
-876.56452 1.41591
-876.56874 1.42179
-879.70892 1.41344
-879.71137 1.41591
-882.85712 1.41591
-882.85291 1.40505
-885.99323 1.39662
-886.00410 1.41591
-889.14985 1.41591
-889.13719 1.38814
-892.27868 1.37963
-892.26398 1.34778
-895.40851 1.34778
-895.42137 1.37106
-898.56282 1.36246
-898.55670 1.34778
-901.70245 1.34778
-901.70668 1.35380
-904.84687 1.34510
-904.84943 1.34778
-907.99518 1.34778
-907.99069 1.33635
-911.13204 1.32756
-911.14337 1.34778
-914.28912 1.34778
-914.27581 1.31871
-917.41589 1.30981
-917.40051 1.27662
-920.54627 1.27662
-920.55961 1.30086
-923.70062 1.29186
-923.69415 1.27662
-926.84033 1.27662
-926.84459 1.28280
-929.98621 1.27369
-929.98883 1.27662
-933.13385 1.27662
-933.12896 1.26452
-936.27053 1.25529
-936.28235 1.27662
-939.42853 1.27662
-939.41438 1.24600
-942.55589 1.23666
-942.53965 1.20186
-945.68583 1.20186
-945.69968 1.22725
-948.84113 1.21778
-948.83433 1.20186
-951.97935 1.20186
-951.98370 1.20824
-955.12508 1.19864
-955.12785 1.20186
-958.27518 1.20186
-958.26989 1.18896
-961.41121 1.17922
-961.42368 1.20186
-964.56986 1.20186
-964.55480 1.16941
-967.69603 1.15952
-967.67882 1.12278
-970.82500 1.12278
-970.83955 1.14956
-973.98156 1.13952
-973.97429 1.12278
-977.12078 1.12278
-977.12519 1.12940
-980.26657 1.11920
-980.26946 1.12278
-983.41704 1.12278
-983.41121 1.10891
-986.55251 1.09854
-986.56572 1.12278
-989.71331 1.12278
-989.69705 1.08808
-992.83827 1.07753
-992.81979 1.03838
-995.96737 1.03838
-995.98272 1.06688
-999.12493 1.05614
-999.11715 1.03838
-1002.26473 1.03838
-1002.26929 1.04529
-1005.41140 1.03435
-1005.41451 1.03838
-1008.56210 1.03838
-1008.55565 1.02329
-1011.69765 1.01213
-1011.71188 1.03838
-1014.85946 1.03838
-1014.84180 1.00085
-1017.98368 0.98946
-1017.96366 0.94722
-1021.11234 0.94722
-1021.12880 0.97794
-1024.27160 0.96629
-1024.26316 0.94722
-1027.41184 0.94722
-1027.41659 0.95451
-1030.55931 0.94260
-1030.56272 0.94722
-1033.71140 0.94722
-1033.70416 0.93055
-1036.84675 0.91835
-1036.86228 0.94722
-1040.01206 0.94722
-1039.99254 0.90599
-1043.13497 0.89348
-1043.11289 0.84711
-1046.26267 0.84711
-1046.28061 0.88079
-1049.42396 0.86795
-1049.41464 0.84711
-1052.56552 0.84711
-1052.57052 0.85490
-1055.71478 0.84168
-1055.71860 0.84711
-1058.86948 0.84711
-1058.86114 0.82825
-1062.00582 0.81461
-1062.02304 0.84711
-1065.17441 0.84711
-1065.15221 0.80075
-1068.29848 0.78666
-1068.27332 0.73439
-1071.42664 0.73439
-1071.44658 0.77232
-1074.59261 0.75772
-1074.58191 0.73439
-1077.73719 0.73439
-1077.74239 0.74284
-1080.89008 0.72767
-1080.89441 0.73439
-1084.05262 0.73439
-1084.04249 0.71218
-1087.19376 0.69636
-1087.21375 0.73439
-1090.37586 0.73439
-1090.34972 0.68016
-1093.50744 0.66357
-1093.49420 0.63512
-1096.67193 0.63512
-1096.67859 0.64649
-1098.74713 0.63512