# sss file
-1.57080 3.14159
-1.56890 3.13779
-1.27026 3.13742
-1.27425 3.14158
-0.97528 3.14156
-0.96848 3.13703
-0.67296 3.13663
-0.67214 3.14151
-0.37651 3.14146
-0.37116 3.13621
-0.07249 3.13577
-0.07238 3.14138
0.22325 3.14128
0.22933 3.13531
0.52486 3.13484
0.52477 3.14117
0.82011 3.14104
0.82670 3.13435
1.12540 3.13384
1.12500 3.14089
1.42034 3.14073
1.42726 3.13331
1.72284 3.13277
1.72205 3.14055
2.01748 3.14035
2.02473 3.13221
2.32348 3.13163
2.32239 3.14013
2.61783 3.13991
2.62538 3.13103
2.92101 3.13043
2.91954 3.13965
3.21501 3.13939
3.22294 3.12980
3.52173 3.12915
3.51991 3.13910
3.81535 3.13880
3.82366 3.12848
4.11933 3.12781
4.11712 3.13848
4.41261 3.13815
4.42128 3.12711
4.71696 3.12640
4.71441 3.13779
5.01303 3.13742
5.02204 3.12565
5.31770 3.12491
5.31478 3.13703
5.61028 3.13663
5.61966 3.12414
5.91534 3.12337
5.91207 3.13621
6.21070 3.13577
6.22046 3.12255
6.51615 3.12174
6.51251 3.13531
6.80803 3.13484
6.81814 3.12090
7.11385 3.12006
7.10985 3.13435
7.40853 3.13384
7.41901 3.11917
7.71473 3.11830
7.71037 3.13331
8.00593 3.13277
8.01676 3.11738
8.31251 3.11647
8.30778 3.13221
8.60650 3.13163
8.61769 3.11552
8.91346 3.11457
8.90837 3.13103
9.20396 3.13043
9.21552 3.11359
9.51130 3.11261
9.50585 3.12980
9.80459 3.12915
9.81652 3.11159
10.11231 3.11058
10.10650 3.12848
10.40212 3.12781
10.41441 3.10952
10.71022 3.10848
10.70405 3.12711
11.00284 3.12639
11.01548 3.10738
11.31131 3.10630
11.30478 3.12566
11.60044 3.12491
11.61344 3.10518
11.90929 3.10407
11.90239 3.12414
12.20122 3.12336
12.21459 3.10290
12.51045 3.10175
12.50319 3.12255
12.79888 3.12174
12.81261 3.10056
13.10849 3.09938
13.10087 3.12090
13.39973 3.12005
13.41382 3.09814
13.70972 3.09692
13.70174 3.11917
13.99746 3.11830
14.01192 3.09566
14.30784 3.09441
14.29949 3.11739
14.59838 3.11647
14.61320 3.09311
14.90913 3.09182
14.90042 3.11552
15.19619 3.11458
15.21137 3.09049
15.50732 3.08917
15.49825 3.11359
15.79717 3.11261
15.81272 3.08780
16.10868 3.08644
16.09925 3.11159
16.39504 3.11058
16.41095 3.08504
16.70693 3.08366
16.69714 3.10952
16.99610 3.10847
17.01237 3.08221
17.30837 3.08079
17.29822 3.10738
17.59404 3.10630
17.61068 3.07932
17.90669 3.07786
17.89617 3.10518
18.19202 3.10407
18.20901 3.07636
18.50820 3.07486
18.49732 3.10290
18.79317 3.10175
18.81054 3.07332
19.10659 3.07180
19.09534 3.10056
19.39122 3.09938
19.40894 3.07022
19.70816 3.06865
19.69656 3.09814
19.99245 3.09693
20.01053 3.06704
20.30662 3.06545
20.29465 3.09567
20.59056 3.09442
20.60901 3.06381
20.90826 3.06216
20.89593 3.09311
21.19186 3.09182
21.21067 3.06049
21.50679 3.05883
21.49410 3.09049
21.79005 3.08918
21.80922 3.05711
22.10850 3.05540
22.09545 3.08780
22.39141 3.08644
22.41095 3.05365
22.70710 3.05193
22.69368 3.08504
22.98966 3.08366
23.00956 3.05014
23.30888 3.04836
23.29510 3.08221
23.59110 3.08079
23.61136 3.04655
23.90769 3.04475
23.89355 3.07932
24.18970 3.07787
24.21033 3.04290
24.50668 3.04106
24.49217 3.07636
24.79149 3.07485
24.81249 3.03916
25.10885 3.03729
25.09398 3.07332
25.39017 3.07179
25.41153 3.03537
25.70790 3.03347
25.69267 3.07022
25.98888 3.06866
26.01060 3.03151
26.31015 3.02955
26.29455 3.06703
26.59078 3.06544
26.61286 3.02756
26.90927 3.02559
26.89331 3.06380
27.18956 3.06217
27.21200 3.02356
27.50843 3.02156
27.49211 3.06050
27.79152 3.05882
27.81433 3.01948
28.11078 3.01744
28.09409 3.05710
28.39037 3.05541
28.41354 3.01534
28.71001 3.01327
28.69296 3.05366
28.98925 3.05193
29.01279 3.01114
29.31243 3.00901
29.29501 3.05013
29.59132 3.04837
29.61523 3.00684
29.91173 3.00470
29.89394 3.04655
30.19027 3.04475
30.21454 3.00250
30.51106 3.00032
30.49291 3.04290
30.79241 3.04105
30.81705 2.99806
31.11358 2.99585
31.09507 3.03916
31.39143 3.03729
31.41643 2.99357
31.71298 2.99133
31.69411 3.03537
31.99049 3.03347
32.01585 2.98902
32.31558 2.98672
32.29633 3.03149
32.59273 3.02956
32.61847 2.98437
32.91505 2.98206
32.89544 3.02757
33.19185 3.02560
33.21795 2.97968
33.51456 2.97734
33.49458 3.02357
33.79417 3.02155
33.82064 2.97490
34.11726 2.97251
34.09691 3.01948
34.39336 3.01744
34.42020 2.97006
34.71683 2.96765
34.69612 3.01535
34.99259 3.01327
35.01979 2.96516
35.31960 2.96268
35.29853 3.01112
35.59501 3.00901
35.62258 2.96016
35.91925 2.95767
35.89781 3.00684
36.19431 3.00470
36.22224 2.95512
36.51893 2.95260
36.49712 3.00250
36.79679 3.00030
36.82510 2.94998
37.12181 2.94742
37.09963 2.99806
37.39616 2.99585
37.42484 2.94479
37.72156 2.94220
37.69901 2.99358
37.99557 2.99134
38.02461 2.93954
38.32450 2.93688
38.30159 2.98900
38.59816 2.98672
38.62757 2.93419
38.92433 2.93152
38.90104 2.98438
39.19763 2.98207
39.22741 2.92879
39.52419 2.92609
39.50054 2.97969
39.80029 2.97731
39.83045 2.92329
40.12724 2.92056
40.10321 2.97490
40.39983 2.97252
40.43036 2.91776
40.72717 2.91499
40.70278 2.97007
40.99941 2.96765
41.03031 2.91215
41.33029 2.90932
41.30553 2.96514
41.60218 2.96269
41.63345 2.90644
41.93029 2.90361
41.90516 2.96017
42.20183 2.95768
42.23347 2.90069
42.53033 2.89782
42.50482 2.95512
42.80467 2.95257
42.82087 2.92373
42.83668 2.89484
43.13356 2.89193
43.12040 2.92098
43.10768 2.94998
43.40439 2.94743
43.42077 2.91821
43.43677 2.88895
43.73367 2.88600
43.72033 2.91543
43.70741 2.94480
44.00414 2.94221
44.02071 2.91262
44.03690 2.88298
44.33697 2.87997
44.32344 2.90977
44.31034 2.93952
44.60709 2.93689
44.62384 2.90693
44.64022 2.87691
44.93715 2.87390
44.92344 2.90407
44.91015 2.93419
45.20691 2.93153
45.22385 2.90119
45.24042 2.87080
45.53737 2.86776
45.52347 2.89830
45.50999 2.92880
45.80993 2.92607
45.82705 2.89536
45.84381 2.86459
46.14078 2.86151
46.12669 2.89243
46.11303 2.92330
46.40982 2.92057
46.42713 2.88949
46.44408 2.85834
46.74107 2.85522
46.72680 2.88652
46.71294 2.91776
47.00975 2.91500
47.02724 2.88354
47.04439 2.85201
47.34455 2.84882
47.33009 2.88051
47.31604 2.91213
47.61287 2.90932
47.63055 2.87749
47.64789 2.84558
47.94491 2.84239
47.93027 2.87445
47.91603 2.90645
48.21287 2.90361
48.23074 2.87140
48.24827 2.83911
48.54531 2.83588
48.53048 2.86833
48.51605 2.90070
48.81607 2.89780
48.83412 2.86520
48.85184 2.83254
49.14862 2.82927
49.13359 2.86210
49.11897 2.89485
49.41557 2.89194
49.43381 2.85897
49.45172 2.82593
49.75167 2.82259
49.73646 2.85580
49.72164 2.88893
50.01826 2.88599
50.03669 2.85264
50.05479 2.81921
50.35161 2.81588
50.33621 2.84946
50.32120 2.88297
50.61783 2.87999
50.63645 2.84627
50.65474 2.81245
50.95473 2.80905
50.93914 2.84302
50.92395 2.87691
51.22060 2.87390
51.23940 2.83979
51.25789 2.80559
51.55474 2.80218
51.53896 2.83654
51.52357 2.87080
51.82340 2.86773
51.84239 2.83323
51.86108 2.79865
52.15794 2.79521
52.14197 2.82995
52.12639 2.86460
52.42308 2.86151
52.44226 2.82664
52.46114 2.79167
52.75803 2.78819
52.74186 2.82332
52.72609 2.85835
53.02595 2.85520
53.04532 2.81994
53.06440 2.78458
53.36131 2.78107
53.34495 2.81658
53.32898 2.85200
53.62570 2.84885
53.64526 2.81321
53.66454 2.77746
53.96462 2.77387
53.94806 2.80977
53.93190 2.84557
54.22864 2.84238
54.24839 2.80636
54.26787 2.77022
54.56481 2.76663
54.54807 2.80293
54.53171 2.83911
54.82847 2.83588
54.84841 2.79947
54.86808 2.76294
55.16820 2.75928
55.15126 2.79597
55.13471 2.83254
55.43149 2.82928
55.45162 2.79248
55.47149 2.75556
55.76847 2.75189
55.75134 2.78897
55.73459 2.82593
56.03454 2.82260
56.05487 2.78541
56.07494 2.74809
56.37193 2.74439
56.35460 2.78187
56.33766 2.81921
56.63448 2.81588
56.65500 2.77830
56.67526 2.74059
56.97544 2.73681
56.95791 2.77468
56.94077 2.81242
57.23761 2.80905
57.25832 2.77108
57.27878 2.73297
57.57582 2.72920
57.55810 2.76746
57.54076 2.80559
57.83762 2.80219
57.85853 2.76382
57.87919 2.72532
58.17940 2.72146
58.16148 2.76013
58.14395 2.79865
58.44082 2.79521
58.46192 2.75645
58.48279 2.71755
58.77986 2.71370
58.76174 2.75276
58.74401 2.79168
59.04406 2.78816
59.06536 2.74901
59.08643 2.70970
59.38352 2.70581
59.36520 2.74528
59.34727 2.78459
59.64418 2.78107
59.66567 2.74152
59.68694 2.70182
59.98405 2.69789
59.96554 2.73776
59.94741 2.77746
60.24749 2.77387
60.26918 2.73393
60.29066 2.69381
60.58779 2.68985
60.56907 2.73012
60.55074 2.77022
60.84768 2.76663
60.86957 2.72629
60.89125 2.68578
61.19157 2.68173
61.17265 2.72241
61.15411 2.76291
61.45107 2.75928
61.47317 2.71854
61.49505 2.67762
61.79222 2.67357
61.77310 2.71466
61.75436 2.75556
62.05134 2.75189
62.07363 2.71075
62.09572 2.66942
62.39607 2.66529
62.37675 2.70679
62.35781 2.74809
62.65480 2.74439
62.67729 2.70285
62.69959 2.66110
62.99680 2.65698
62.97727 2.69888
62.95813 2.74059
63.25831 2.73681
63.28100 2.69486
63.30351 2.65270
63.60073 2.64854
63.58100 2.69086
63.56166 2.73298
63.85869 2.72920
63.88159 2.68684
63.90430 2.64427
64.20155 2.64007
64.18161 2.68280
64.16206 2.72532
64.46227 2.72147
64.48537 2.67870
64.50829 2.63571
64.80556 2.63147
64.78541 2.67462
64.76566 2.71755
65.06274 2.71370
65.08603 2.67052
65.10916 2.62712
65.40961 2.62279
65.38926 2.66636
65.36930 2.70970
65.66639 2.70582
65.68989 2.66222
65.71324 2.61840
66.01054 2.61408
65.98998 2.65807
65.96981 2.70182
66.27009 2.69785
66.29380 2.65385
66.31736 2.60960
66.61468 2.60523
66.59391 2.64965
66.57353 2.69382
66.87066 2.68985
66.89458 2.64543
66.91835 2.60076
67.21569 2.59635
67.19471 2.64120
67.17412 2.68578
67.47444 2.68173
67.49856 2.63689
67.52255 2.59179
67.81991 2.58735
67.79871 2.63262
67.77792 2.67762
68.07509 2.67358
68.09942 2.62832
68.12362 2.58279
68.42418 2.57825
68.40276 2.62396
68.38176 2.66938
68.67894 2.66530
68.70349 2.61962
68.72791 2.57365
69.02531 2.56913
69.00368 2.61526
68.98247 2.66111
69.27967 2.65698
69.30443 2.61088
69.32906 2.56448
69.62966 2.55987
69.60782 2.60644
69.58638 2.65271
69.88361 2.64855
69.90857 2.60201
69.93343 2.55518
70.23088 2.55057
70.20882 2.59758
70.18717 2.64428
70.48758 2.64003
70.51276 2.59307
70.53784 2.54579
70.83531 2.54114
70.81303 2.58859
70.79117 2.63572
71.08843 2.63148
71.11383 2.58408
71.13913 2.53637
71.43662 2.53167
71.41411 2.57956
71.39204 2.62712
71.69248 2.62280
71.71810 2.57497
71.74362 2.52681
72.04113 2.52207
72.01841 2.57041
71.99611 2.61840
72.29342 2.61408
72.31925 2.56582
72.34500 2.51721
72.64570 2.51238
72.62274 2.56117
72.60022 2.60960
72.89755 2.60524
72.92361 2.55654
72.94958 2.50747
73.24713 2.50265
73.22396 2.55189
73.20122 2.60076
73.49856 2.59636
73.52484 2.54722
73.55104 2.49770
73.85178 2.49278
73.82838 2.54248
73.80541 2.59180
74.10279 2.58735
74.12927 2.53776
74.15571 2.48779
74.45331 2.48288
74.42968 2.53303
74.40650 2.58279
74.70705 2.57826
74.73376 2.52822
74.76042 2.47779
75.05805 2.47283
75.03419 2.52345
75.01078 2.57366
75.30819 2.56913
75.33512 2.51865
75.36202 2.46774
75.66283 2.46269
75.63873 2.51378
75.61510 2.56444
75.91253 2.55987
75.93969 2.50893
75.96682 2.45756
76.26450 2.45251
76.24017 2.50407
76.21630 2.55519
76.51375 2.55058
76.54114 2.49918
76.56851 2.44734
76.86937 2.44219
76.84481 2.49422
76.82071 2.54580
77.11818 2.54114
77.14580 2.48929
77.17341 2.43697
77.47113 2.43183
77.44632 2.48434
77.42200 2.53637
77.72266 2.53163
77.75050 2.47931
77.77835 2.42651
78.07610 2.42132
78.05105 2.47431
78.02649 2.52681
78.32401 2.52207
78.35209 2.46929
78.38018 2.41600
78.67794 2.41078
78.65266 2.46424
78.62787 2.51721
78.92857 2.51238
78.95689 2.45912
78.98522 2.40535
79.28301 2.40008
79.25748 2.45404
79.23244 2.50748
79.53001 2.50265
79.55856 2.44892
79.58715 2.39466
79.88812 2.38928
79.86235 2.44373
79.83707 2.49765
80.13466 2.49279
80.16345 2.43857
80.19228 2.38382
80.49012 2.37844
80.46409 2.43339
80.43858 2.48779
80.73618 2.48288
80.76521 2.42819
80.79430 2.37293
81.09533 2.36745
81.06905 2.42291
81.04329 2.47779
81.34092 2.47284
81.37020 2.41765
81.39953 2.36189
81.69742 2.35642
81.67089 2.41238
81.64489 2.46775
81.94571 2.46270
81.97522 2.40702
82.00482 2.35075
82.30273 2.34523
82.27595 2.40170
82.24969 2.45757
82.54737 2.45252
82.57713 2.39635
82.60698 2.33956
82.90492 2.33399
82.87788 2.39099
82.85139 2.44734
83.15225 2.44220
83.18226 2.38553
83.21237 2.32822
83.51033 2.32260
83.48303 2.38011
83.45628 2.43698
83.75400 2.43184
83.78426 2.37467
83.81464 2.31683
84.11580 2.31110
84.08823 2.36915
84.06123 2.42651
84.35897 2.42133
84.38949 2.36365
84.42013 2.30528
84.71814 2.29955
84.69031 2.35813
84.66305 2.41601
84.96398 2.41072
84.99476 2.35253
85.02567 2.29362
85.32371 2.28784
85.29561 2.34697
85.26809 2.40536
85.56588 2.40008
85.59692 2.34137
85.62810 2.28192
85.92616 2.27609
85.89779 2.33575
85.87001 2.39467
86.17099 2.38928
86.20229 2.33005
86.23375 2.27005
86.53184 2.26416
86.50319 2.32438
86.47515 2.38382
86.77299 2.37845
86.80455 2.31868
86.83628 2.25813
87.13757 2.25213
87.10865 2.31290
87.08034 2.37288
87.37820 2.36746
87.41003 2.30715
87.44205 2.24604
87.74019 2.24004
87.71098 2.30138
87.68240 2.36190
87.98029 2.35642
88.01238 2.29558
88.04469 2.23389
88.34603 2.22778
88.31654 2.28970
88.28769 2.35075
88.58560 2.34523
88.61797 2.28384
88.65056 2.22158
88.94877 2.21547
88.91899 2.27797
88.88985 2.33957
89.19096 2.33394
89.22361 2.27199
89.25650 2.20914
89.55472 2.20298
89.52464 2.26606
89.49524 2.32823
89.79320 2.32260
89.82613 2.26010
89.85931 2.19666
90.15757 2.19044
90.14230 2.22240
90.12720 2.25411
90.11227 2.28559
90.09751 2.31684
90.39866 2.31110
90.41524 2.27968
90.43188 2.24803
90.44858 2.21614
90.46536 2.18399
90.76364 2.17771
90.74822 2.20998
90.73297 2.24199
90.71790 2.27375
90.70300 2.30528
91.00101 2.29956
91.01773 2.26786
91.03451 2.23592
91.05136 2.20373
91.06829 2.17127
91.36978 2.16487
91.35420 2.19745
91.33880 2.22976
91.32359 2.26181
91.30855 2.29363
91.60658 2.28785
91.62344 2.25586
91.64036 2.22363
91.65737 2.19113
91.67446 2.15836
91.97281 2.15197
91.95708 2.18486
91.94153 2.21747
91.92616 2.24982
91.91097 2.28192
92.20904 2.27609
92.22604 2.24382
92.24311 2.21128
92.26027 2.17849
92.27752 2.14540
92.57907 2.13887
92.56317 2.17208
92.54747 2.20501
92.53196 2.23766
92.51662 2.27005
92.81471 2.26417
92.83186 2.23160
92.84908 2.19876
92.86640 2.16565
92.88381 2.13224
93.18223 2.12572
93.16617 2.15926
93.15031 2.19249
93.13464 2.22545
93.11916 2.25813
93.42044 2.25213
93.43774 2.21926
93.45512 2.18612
93.47260 2.15269
93.49017 2.11896
93.78861 2.11238
93.77239 2.14624
93.75637 2.17979
93.74055 2.21305
93.72492 2.24604
94.02306 2.24005
94.04050 2.20688
94.05804 2.17343
94.07567 2.13968
94.09342 2.10562
94.39506 2.09890
94.37867 2.13309
94.36250 2.16697
94.34652 2.20055
94.33074 2.23384
94.62890 2.22779
94.64650 2.19431
94.66420 2.16055
94.68199 2.12647
94.69990 2.09207
94.99840 2.08536
94.98185 2.11989
94.96551 2.15410
94.94937 2.18799
94.93344 2.22158
95.23163 2.21548
95.24939 2.18169
95.26724 2.14761
95.28519 2.11321
95.30328 2.07847
95.60499 2.07161
95.58827 2.10649
95.57176 2.14103
95.55546 2.17524
95.53937 2.20915
95.83759 2.20299
95.85550 2.16889
95.87352 2.13448
95.89164 2.09974
95.90990 2.06465
96.20847 2.05781
96.19157 2.09303
96.17489 2.12791
96.15843 2.16244
96.14218 2.19667
96.44361 2.19038
96.46168 2.15597
96.47986 2.12123
96.49816 2.08615
96.51659 2.05070
96.81520 2.04379
96.79812 2.07937
96.78127 2.11459
96.76464 2.14946
96.74823 2.18400
97.04651 2.17772
97.06475 2.14298
97.08309 2.10791
97.10156 2.07249
97.12018 2.03668
97.41881 2.02970
97.40156 2.06564
97.38453 2.10121
97.36774 2.13641
97.35117 2.17128
97.65265 2.16487
97.67105 2.12981
97.68956 2.09440
97.70821 2.05862
97.72701 2.02245
98.02568 2.01539
98.00824 2.05171
97.99104 2.08763
97.97407 2.12317
97.95734 2.15837
98.25568 2.15197
98.27424 2.11657
98.29293 2.08082
98.31175 2.04468
98.33074 2.00815
98.63263 2.00094
98.61500 2.03763
98.59761 2.07391
98.58047 2.10981
98.56357 2.14534
98.86194 2.13888
98.88067 2.10314
98.89953 2.06704
98.91854 2.03054
98.93772 1.99362
99.23646 1.98641
99.21864 2.02349
99.20107 2.06013
99.18376 2.09638
99.16669 2.13225
99.46509 2.12573
99.48399 2.08965
99.50302 2.05319
99.52222 2.01632
99.54159 1.97902
99.84356 1.97166
99.82554 2.00912
99.80779 2.04614
99.79029 2.08275
99.77304 2.11897
100.07148 2.11238
100.09056 2.07595
100.10977 2.03913
100.12916 2.00188
100.14872 1.96418
100.44754 1.95682
100.42933 1.99468
100.41139 2.03208
100.39371 2.06906
100.37629 2.10562
100.67793 2.09890
100.69718 2.06212
100.71659 2.02493
100.73616 1.98729
100.75593 1.94919
101.05480 1.94175
101.03638 1.98002
101.01825 2.01781
101.00038 2.05515
100.98278 2.09208
101.28128 2.08537
101.30070 2.04822
101.32030 2.01065
101.34007 1.97263
101.36004 1.93412
101.65894 1.92660
101.64032 1.96528
101.62199 2.00346
101.60394 2.04118
101.58615 2.07847
101.88787 2.07162
101.90748 2.03411
101.92726 1.99616
101.94724 1.95773
101.96742 1.91881
102.26636 1.91121
102.24753 1.95031
102.22899 1.98889
102.21075 2.02700
102.19277 2.06466
102.49134 2.05781
102.51114 2.01993
102.53112 1.98159
102.55130 1.94276
102.57169 1.90341
102.87386 1.89564
102.85481 1.93517
102.83607 1.97417
102.81762 2.01267
102.79946 2.05071
103.09807 2.04379
103.11806 2.00553
103.13823 1.96679
103.15862 1.92754
103.17923 1.88775
103.47826 1.87998
103.45899 1.91995
103.44005 1.95937
103.42140 1.99827
103.40305 2.03669
103.70487 2.02963
103.72505 1.99098
103.74542 1.95183
103.76602 1.91216
103.78685 1.87192
104.08593 1.86407
104.06644 1.90449
104.04728 1.94434
104.02842 1.98365
104.00987 2.02246
104.30855 2.01540
104.32893 1.97635
104.34952 1.93679
104.37033 1.89669
104.39140 1.85600
104.69051 1.84806
104.67079 1.88894
104.65141 1.92922
104.63236 1.96894
104.61361 2.00815
104.91550 2.00095
104.93608 1.96149
104.95687 1.92152
104.97790 1.88097
104.99920 1.83981
105.29837 1.83178
105.27841 1.87313
105.25881 1.91386
105.23953 1.95401
105.22058 1.99362
105.51933 1.98642
105.54012 1.94656
105.56113 1.90615
105.58239 1.86515
105.60393 1.82352
105.90632 1.81530
105.88612 1.85714
105.86629 1.89833
105.84680 1.93892
105.82764 1.97895
106.12643 1.97166
106.14742 1.93138
106.16865 1.89054
106.19014 1.84907
106.21192 1.80695
106.51118 1.79872
106.49074 1.84105
106.47067 1.88271
106.45097 1.92374
106.43159 1.96419
106.73042 1.95683
106.75162 1.91613
106.77308 1.87483
106.79481 1.83289
106.81684 1.79027
107.11933 1.78186
107.09863 1.82469
107.07833 1.86683
107.05839 1.90831
107.03880 1.94920
107.33767 1.94176
107.35909 1.90062
107.38077 1.85886
107.40275 1.81644
107.42503 1.77330
107.72440 1.76488
107.70344 1.80823
107.68289 1.85085
107.66272 1.89280
107.64291 1.93413
107.94500 1.92653
107.96665 1.88494
107.98856 1.84271
108.01079 1.79979
108.03334 1.75613
108.33275 1.74759
108.31153 1.79148
108.29073 1.83461
108.27031 1.87704
108.25028 1.91881
108.54923 1.91122
108.57111 1.86917
108.59326 1.82646
108.61574 1.78303
108.63856 1.73883
108.93803 1.73019
108.91654 1.77462
108.89548 1.81826
108.87482 1.86118
108.85456 1.90341
109.15673 1.89565
109.17884 1.85314
109.20124 1.80993
109.22398 1.76598
109.24708 1.72122
109.54661 1.71247
109.52482 1.75747
109.50350 1.80164
109.48260 1.84505
109.46209 1.88776
109.76113 1.87999
109.78347 1.83700
109.80614 1.79329
109.82914 1.74881
109.85252 1.70348
110.15530 1.69452
110.13322 1.74010
110.11163 1.78481
110.09047 1.82874
110.06973 1.87193
110.36880 1.86408
110.39139 1.82060
110.41431 1.77637
110.43759 1.73133
110.46127 1.68541
110.76092 1.67643
110.73855 1.72260
110.71667 1.76787
110.69526 1.81232
110.67426 1.85601
110.97338 1.84807
110.99623 1.80408
111.01941 1.75933
111.04297 1.71372
111.06696 1.66719
111.36985 1.65800
111.34718 1.70479
111.32501 1.75064
111.30332 1.79563
111.28207 1.83982
111.58124 1.83178
111.60433 1.78729
111.62780 1.74198
111.65165 1.69579
111.67595 1.64864
111.97571 1.63941
111.95272 1.68684
111.93026 1.73328
111.90830 1.77882
111.88679 1.82353
112.18919 1.81531
112.21255 1.77029
112.23629 1.72442
112.26044 1.67763
112.28507 1.62983
112.58490 1.62047
112.56158 1.66855
112.53881 1.71560
112.51657 1.76171
112.49479 1.80696
112.79405 1.79873
112.81768 1.75317
112.84171 1.70672
112.86617 1.65932
112.89113 1.61086
113.19421 1.60127
113.17056 1.65002
113.14748 1.69770
113.12494 1.74440
113.10289 1.79019
113.40220 1.78187
113.42611 1.73574
113.45043 1.68871
113.47522 1.64066
113.50052 1.59151
113.80048 1.58188
113.77648 1.63133
113.75308 1.67966
113.73024 1.72695
113.70790 1.77331
114.00727 1.76488
114.03146 1.71819
114.05609 1.67054
114.08120 1.62184
114.10685 1.57198
114.41008 1.56211
114.38572 1.61228
114.36199 1.66128
114.33883 1.70920
114.31621 1.75614
114.61562 1.74760
114.64011 1.70032
114.66505 1.65204
114.69051 1.60266
114.71653 1.55206
115.01664 1.54215
114.99190 1.59307
114.96783 1.64275
114.94435 1.69130
114.92143 1.73884
115.22408 1.73011
115.24887 1.68222
115.27415 1.63328
115.29996 1.58320
115.32636 1.53183
115.62655 1.52177
115.60142 1.57346
115.57699 1.62386
115.55318 1.67308
115.52995 1.72123
115.82948 1.71248
115.85458 1.66397
115.88018 1.61437
115.90635 1.56355
115.93315 1.51140
116.23341 1.50117
116.20789 1.55367
116.18308 1.60481
116.15894 1.65471
116.13539 1.70349
116.43816 1.69453
116.46358 1.64538
116.48954 1.59508
116.51609 1.54351
116.54330 1.49053
116.84365 1.48014
116.81770 1.53348
116.79252 1.58538
116.76801 1.63599
116.74414 1.68542
117.04379 1.67644
117.06954 1.62662
117.09585 1.57561
117.12278 1.52326
117.15042 1.46943
117.45405 1.45875
117.42767 1.51297
117.40208 1.56567
117.37722 1.61700
117.35301 1.66711
117.65271 1.65801
117.67880 1.60751
117.70549 1.55575
117.73284 1.50259
117.76092 1.44787
118.06144 1.43712
118.03461 1.49224
118.00861 1.54576
117.98337 1.59785
117.95882 1.64865
118.25858 1.63942
118.28503 1.58822
118.31209 1.53569
118.33986 1.48169
118.36840 1.42605
118.67222 1.41500
118.64491 1.47106
118.61848 1.52545
118.59285 1.57832
118.56794 1.62984
118.86777 1.62048
118.89458 1.56855
118.92205 1.51522
118.95025 1.46034
118.97928 1.40373
119.28000 1.39259
119.25220 1.44965
119.22532 1.50492
119.19928 1.55860
119.17400 1.61087
119.47708 1.60128
119.50427 1.54858
119.53216 1.49442
119.56082 1.43863
119.59036 1.38100
119.89118 1.36965
119.86286 1.42775
119.83552 1.48395
119.80906 1.53848
119.78339 1.59152
120.08335 1.58189
120.11094 1.52841
120.13925 1.47339
120.16838 1.41665
120.19846 1.35796
120.49939 1.34640
120.47052 1.40557
120.44270 1.46275
120.41579 1.51816
120.38972 1.57199
120.69295 1.56212
120.72094 1.50782
120.74970 1.45190
120.77935 1.39416
120.80997 1.33435
121.11101 1.32256
121.08158 1.38288
121.05325 1.44108
121.02589 1.49741
120.99940 1.55207
121.29951 1.54216
121.32793 1.48701
121.35716 1.43016
121.38731 1.37138
121.41852 1.31040
121.72289 1.29824
121.69285 1.35977
121.66399 1.41903
121.63615 1.47631
121.60923 1.53185
121.90941 1.52178
121.93827 1.46575
121.96799 1.40792
121.99869 1.34804
122.03053 1.28583
122.33181 1.27354
122.30115 1.33633
122.27173 1.39671
122.24339 1.45498
122.21602 1.51141
122.51947 1.50108
122.54880 1.44413
122.57903 1.38527
122.61030 1.32424
122.64279 1.26073
122.94421 1.24817
122.91289 1.31229
122.88287 1.37385
122.85401 1.43318
122.82617 1.49055
123.12651 1.48015
123.15631 1.42224
123.18707 1.36232
123.21895 1.30009
123.25213 1.23520
123.55370 1.22236
123.52166 1.28789
123.49103 1.35068
123.46162 1.41110
123.43329 1.46945
123.73692 1.45877
123.76722 1.39986
123.79855 1.33880
123.83106 1.27530
123.86497 1.20895
124.16669 1.19580
124.13390 1.26284
124.10261 1.32694
124.07263 1.38851
124.04379 1.44788
124.34431 1.43713
124.37513 1.37718
124.40705 1.31495
124.44023 1.25011
124.47491 1.18221
124.78001 1.16859
124.74642 1.23723
124.71444 1.30272
124.68385 1.36550
124.65447 1.42595
124.95509 1.41501
124.98646 1.35395
125.01900 1.29048
125.05290 1.22421
125.08841 1.15465
125.39046 1.14083
125.35602 1.21118
125.32331 1.27812
125.29209 1.34217
125.26215 1.40374
125.56286 1.39260
125.59481 1.33040
125.62800 1.26562
125.66265 1.19784
125.69905 1.12652
126.00451 1.11217
125.96915 1.18435
125.93566 1.25286
125.90376 1.31826
125.87323 1.38101
126.17405 1.36966
126.20660 1.30624
126.24049 1.24008
126.27594 1.17069
126.31329 1.09746
126.61574 1.08285
126.57940 1.15700
126.54508 1.22716
126.51247 1.29398
126.48132 1.35797
126.78545 1.34629
126.81865 1.28159
126.85327 1.21395
126.88959 1.14284
126.92796 1.06755
127.23063 1.05250
127.19322 1.12879
127.15801 1.20072
127.12465 1.26906
127.09284 1.33436
127.39389 1.32258
127.42775 1.25653
127.46314 1.18734
127.50038 1.11439
127.53986 1.03690
127.84277 1.02137
127.80421 1.09995
127.76806 1.17379
127.73389 1.24373
127.70139 1.31042
128.00576 1.29826
128.04034 1.23078
128.07657 1.15992
128.11479 1.08499
128.15548 1.00509
128.45866 0.98903
128.41884 1.07013
128.38165 1.14602
128.34663 1.21769
128.31339 1.28584
128.61469 1.27355
128.65002 1.20457
128.68713 1.13193
128.72642 1.05488
128.76842 0.97235
129.07512 0.95554
129.03392 1.03940
128.99563 1.11751
128.95968 1.19102
128.92566 1.26074
129.22709 1.24818
129.26323 1.17758
129.30130 1.10304
129.34175 1.02366
129.38519 0.93823
129.68898 0.92096
129.64627 1.00784
129.60677 1.08836
129.56984 1.16384
129.53500 1.23522
129.83976 1.22223
129.87676 1.14991
129.91588 1.07330
129.95759 0.99141
130.00264 0.90277
130.30679 0.88477
130.26239 0.97504
130.22158 1.05819
130.18358 1.13581
130.14784 1.20896
130.44956 1.19581
130.48748 1.12166
130.52768 1.04284
130.57077 0.95819
130.61760 0.86599
130.92216 0.84718
130.87588 0.94121
130.83362 1.02725
130.79447 1.10717
130.75778 1.18222
131.06287 1.16860
131.10178 1.09247
131.14320 1.01123
131.18782 0.92353
131.23666 0.82731
131.54168 0.80757
131.49326 0.90588
131.44940 0.99512
131.40899 1.07756
131.37128 1.15466
131.67334 1.14084
131.71331 1.06258
131.75603 0.97872
131.80233 0.88766
131.85345 0.78688
132.16226 0.76584
132.11139 0.86904
132.06575 0.96186
132.02396 1.04706
131.98513 1.12638
132.28737 1.11218
132.32849 1.03161
132.37268 0.94485
132.42087 0.85001
132.47462 0.74396
132.78082 0.72187
132.72713 0.83072
132.67948 0.92753
132.63618 1.01576
132.59616 1.09747
132.89862 1.08287
132.94099 0.99979
132.98675 0.90986
133.03707 0.81075
133.09389 0.69858
133.40411 0.67472
133.34707 0.79026
133.29715 0.89163
133.25216 0.98322
133.21083 1.06757
133.51349 1.05252
133.55724 0.96670
133.60480 0.87320
133.65755 0.76921
133.71805 0.64969
133.89486 0.63518
133.89803 0.63512