# sss file
0.00590 0.63512
-0.05599 0.75890
-0.07071 0.81512
-0.08300 0.86710
-0.11299 0.89293
-0.14225 0.91688
-0.18111 0.98692
-0.21793 1.05261
-0.18968 1.03205
-0.16088 1.00997
-0.13151 0.98628
-0.10152 0.96090
-0.06250 0.88809
-0.02052 0.80919
0.01215 0.77671
0.04595 0.74153
0.03472 0.79270
0.02575 0.83997
0.01874 0.88392
0.01347 0.92499
-0.01927 0.95761
-0.05127 0.98821
-0.04618 0.94771
-0.03949 0.90462
-0.07752 0.97657
-0.11332 1.04392
-0.11705 1.08210
-0.11945 1.11832
-0.15119 1.17850
-0.18170 1.23608
-0.21172 1.25935
-0.24141 1.28132
-0.27076 1.30203
-0.29980 1.32151
-0.26965 1.26781
-0.23860 1.21205
-0.20944 1.19070
-0.17987 1.16800
-0.17714 1.13145
-0.17313 1.09304
-0.20227 1.11533
-0.23095 1.13620
-0.26390 1.19476
-0.29578 1.25086
-0.32381 1.26838
-0.35147 1.28468
-0.31968 1.23038
-0.28696 1.17384
-0.28061 1.13263
-0.27288 1.08940
-0.30765 1.14921
-0.34125 1.20630
-0.37388 1.26104
-0.40568 1.31373
-0.40980 1.35138
-0.41278 1.38763
-0.38501 1.37284
-0.35692 1.35689
-0.35795 1.39091
-0.35787 1.42364
-0.38677 1.44048
-0.41539 1.45620
-0.44387 1.50375
-0.47194 1.55007
-0.44291 1.53554
-0.41366 1.51992
-0.38418 1.50321
-0.35450 1.48540
-0.32720 1.43668
-0.29931 1.38654
-0.26963 1.36624
-0.23969 1.34476
-0.23721 1.37448
-0.23368 1.40293
-0.26420 1.42527
-0.29450 1.44644
-0.32096 1.49512
-0.34689 1.54254
-0.31628 1.52261
-0.28552 1.50159
-0.25460 1.47946
-0.22353 1.45620
-0.19813 1.40621
-0.17198 1.35469
-0.17600 1.32706
-0.17898 1.29812
-0.15029 1.24291
-0.12054 1.18548
-0.08955 1.12549
-0.05710 1.06250
-0.05803 1.09667
-0.05775 1.12907
-0.08803 1.18896
-0.11705 1.24632
-0.08558 1.21837
-0.05374 1.18896
-0.02412 1.12907
0.00700 1.06619
0.04024 1.03205
0.07416 0.99592
0.07567 1.02640
0.07835 1.05509
0.04451 1.09122
0.01126 1.12549
-0.01774 1.18548
-0.04542 1.24291
-0.01297 1.21148
0.01988 1.17850
0.05319 1.14389
0.08701 1.10753
0.11660 1.04392
0.14815 0.97656
0.18434 0.93372
0.22160 0.88809
0.22486 0.91553
0.22928 0.94106
0.23481 0.96483
0.24138 0.98692
0.20483 1.03205
0.16912 1.07478
0.16232 1.05261
0.15653 1.02891
0.12728 1.09304
0.09977 1.15392
0.10760 1.17501
0.11635 1.19476
0.15068 1.15569
0.18558 1.11473
0.19518 1.13263
0.20564 1.14921
0.21694 1.16449
0.22906 1.17850
0.19431 1.22066
0.16003 1.26104
0.14786 1.24632
0.13650 1.23038
0.11398 1.28468
0.09263 1.33703
0.10562 1.35138
0.11941 1.36459
0.10071 1.41384
0.08299 1.46161
0.05006 1.49674
0.01721 1.53069
-0.01560 1.56353
-0.04840 1.59528
-0.03093 1.55007
-0.01268 1.50375
0.02013 1.47081
0.05306 1.43668
0.03929 1.42255
0.02634 1.40730
-0.00651 1.44048
-0.03922 1.47243
-0.05120 1.45512
-0.06229 1.43668
-0.04003 1.38654
-0.01687 1.33481
-0.00739 1.35469
0.00298 1.37338
0.03592 1.33979
0.06912 1.30482
0.05864 1.28693
0.04904 1.26781
0.04033 1.24745
0.03256 1.22581
-0.00043 1.25935
-0.03306 1.29141
-0.05787 1.34476
-0.08174 1.39638
-0.11387 1.42527
-0.14584 1.45295
-0.12205 1.40293
-0.09745 1.35138
-0.10386 1.32706
-0.10928 1.30147
-0.13552 1.35469
-0.16088 1.40621
-0.18547 1.45620
-0.20936 1.50483
-0.20079 1.52746
-0.19124 1.54900
-0.15914 1.52261
-0.12696 1.49512
-0.11612 1.51453
-0.10436 1.53285
-0.09169 1.55007
-0.07813 1.56622
-0.11082 1.59581
-0.14353 1.62435
-0.15687 1.60712
-0.16927 1.58882
-0.18946 1.63406
-0.20906 1.67834
-0.19506 1.69568
-0.18010 1.71196
-0.19747 1.75450
-0.21426 1.79626
-0.24802 1.82229
-0.28201 1.84737
-0.26455 1.80621
-0.24658 1.76436
-0.26123 1.74684
-0.27487 1.72829
-0.29449 1.77094
-0.31366 1.81286
-0.33239 1.85409
-0.35069 1.89469
-0.33363 1.91177
-0.31544 1.92780
-0.33143 1.96715
-0.34693 2.00598
-0.38319 2.02924
-0.41989 2.05157
-0.45705 2.07293
-0.49467 2.09331
-0.47652 2.05522
-0.45810 2.01668
-0.42192 1.99591
-0.38608 1.97416
-0.40384 1.95668
-0.42038 1.93816
-0.45561 1.95842
-0.49109 1.97768
-0.51138 2.01668
-0.53150 2.05522
-0.56868 2.07293
-0.60617 2.08958
-0.64393 2.10514
-0.68194 2.11959
-0.65851 2.08216
-0.63516 2.04430
-0.59886 2.02924
-0.56273 2.01311
-0.57629 1.99060
-0.58852 1.96715
-0.62347 1.98178
-0.65847 1.99532
-0.66809 1.96949
-0.67639 1.94278
-0.65049 1.90379
-0.62463 1.86419
-0.59876 1.82396
-0.57285 1.78303
-0.56683 1.81064
-0.55965 1.83732
-0.58439 1.87771
-0.60908 1.91749
-0.57540 1.90322
-0.54172 1.88789
-0.51817 1.84737
-0.49447 1.80621
-0.46186 1.78909
-0.42925 1.77094
-0.41898 1.79406
-0.40758 1.81619
-0.44100 1.83565
-0.47451 1.85409
-0.49680 1.89469
-0.51892 1.93470
-0.48431 1.91691
-0.44984 1.89810
-0.41554 1.87828
-0.38141 1.85746
-0.36140 1.81619
-0.34103 1.77424
-0.35310 1.75340
-0.36410 1.73156
-0.34182 1.68809
-0.31915 1.64376
-0.30962 1.66644
-0.29906 1.68809
-0.26659 1.66482
-0.23414 1.64053
-0.24521 1.62004
-0.25528 1.59850
-0.26435 1.57590
-0.27242 1.55223
-0.30380 1.57429
-0.33509 1.59527
-0.35919 1.64053
-0.38288 1.68484
-0.41470 1.70382
-0.44647 1.72175
-0.47818 1.73865
-0.50983 1.75450
-0.48467 1.71196
-0.45928 1.66860
-0.42839 1.65186
-0.39739 1.63406
-0.40305 1.60712
-0.40765 1.57913
-0.43779 1.59581
-0.46776 1.61142
-0.49435 1.65564
-0.52069 1.69893
-0.55117 1.71251
-0.58148 1.72502
-0.55439 1.68267
-0.52714 1.63945
-0.52874 1.60819
-0.52926 1.57590
-0.55756 1.62004
-0.58566 1.66320
-0.61362 1.70544
-0.64148 1.74684
-0.63899 1.77753
-0.63536 1.80732
-0.66226 1.84737
-0.68919 1.88676
-0.72124 1.89640
-0.75308 1.90493
-0.78467 1.91234
-0.81597 1.91863
-0.78687 1.88110
-0.75797 1.84290
-0.72770 1.83565
-0.69715 1.82729
-0.69939 1.79626
-0.70050 1.76436
-0.72957 1.77149
-0.75830 1.77753
-0.75682 1.74356
-0.75428 1.70870
-0.72419 1.66860
-0.69409 1.62759
-0.66390 1.58559
-0.63358 1.54254
-0.63757 1.57913
-0.64050 1.61465
-0.67000 1.65672
-0.69943 1.69785
-0.67146 1.69080
-0.64315 1.68267
-0.61439 1.64053
-0.58550 1.59743
-0.58380 1.56299
-0.58104 1.52746
-0.55096 1.48216
-0.52054 1.43559
-0.52435 1.47243
-0.52707 1.50806
-0.49960 1.49674
-0.47182 1.48432
-0.47013 1.44970
-0.46735 1.41383
-0.46344 1.37667
-0.45840 1.33813
-0.48419 1.34862
-0.50957 1.35799
-0.54113 1.40620
-0.57227 1.45295
-0.59754 1.45999
-0.62240 1.46594
-0.59093 1.42037
-0.55909 1.37338
-0.55079 1.33149
-0.54129 1.28804
-0.57432 1.33702
-0.60685 1.38434
-0.63897 1.43016
-0.67078 1.47459
-0.67819 1.51453
-0.68454 1.55330
-0.71534 1.59527
-0.74606 1.63621
-0.77138 1.63891
-0.79621 1.64053
-0.76499 1.60066
-0.73372 1.55976
-0.72601 1.51992
-0.71726 1.47892
-0.74918 1.52100
-0.78096 1.56191
-0.81265 1.60173
-0.84432 1.64053
-0.85200 1.67942
-0.85870 1.71740
-0.83333 1.71686
-0.80745 1.71522
-0.81154 1.75121
-0.81460 1.78634
-0.81660 1.82062
-0.81751 1.85409
-0.84672 1.85802
-0.87548 1.86082
-0.87283 1.82618
-0.86914 1.79075
-0.90022 1.82729
-0.93154 1.86307
-0.93497 1.89810
-0.93734 1.93240
-0.90767 1.93068
-0.87751 1.92780
-0.87682 1.96016
-0.87494 1.99178
-0.90705 1.99591
-0.93874 1.99887
-0.96995 2.03345
-1.00164 2.06742
-0.96873 2.06558
-0.93533 2.06253
-0.90153 2.05826
-0.86737 2.05278
-0.83835 2.01668
-0.80967 1.98002
-0.77662 1.97241
-0.74336 1.96365
-0.73659 1.99178
-0.72850 2.01907
-0.71903 2.04551
-0.70815 2.07109
-0.74475 2.08278
-0.78136 2.09330
-0.79053 2.06619
-0.79827 2.03827
-0.82614 2.07477
-0.85437 2.11078
-0.84567 2.13862
-0.83541 2.16566
-0.86304 2.20118
-0.89117 2.23627
-0.93178 2.24381
-0.97225 2.25002
-1.01248 2.25487
-1.05235 2.25835
-1.01983 2.22537
-0.98811 2.19188
-0.95028 2.18726
-0.91217 2.18133
-0.92019 2.15272
-0.92667 2.12337
-0.96237 2.12780
-0.99767 2.13098
-1.02974 2.16436
-1.06252 2.19718
-1.09893 2.19785
-1.13466 2.19718
-1.10032 2.16566
-1.06676 2.13352
-1.06688 2.10077
-1.06577 2.06742
-1.09921 2.09952
-1.13331 2.13098
-1.16814 2.16177
-1.20378 2.19188
-1.20554 2.22537
-1.20600 2.25835
-1.16869 2.26044
-1.13057 2.26114
-1.12622 2.29225
-1.12017 2.32276
-1.16175 2.32350
-1.20260 2.32276
-1.24039 2.35265
-1.27954 2.38190
-1.23651 2.38424
-1.19251 2.38503
-1.14774 2.38424
-1.10236 2.38190
-1.06830 2.34962
-1.03535 2.31688
-0.99240 2.31177
-0.94927 2.30522
-0.93480 2.33164
-0.91819 2.35721
-0.96430 2.36563
-1.01047 2.37257
-1.04255 2.40563
-1.07580 2.43829
-1.02612 2.43249
-0.97646 2.42508
-0.92702 2.41611
-0.87796 2.40563
-0.85204 2.37102
-0.82667 2.33611
-0.84587 2.31250
-0.86294 2.28796
-0.83620 2.25279
-0.80992 2.21726
-0.78404 2.18133
-0.75849 2.14501
-0.74467 2.16956
-0.72918 2.19321
-0.75309 2.22945
-0.77727 2.26533
-0.73491 2.25210
-0.69295 2.23764
-0.67119 2.20118
-0.64949 2.16436
-0.61017 2.14822
-0.57124 2.13098
-0.55148 2.15015
-0.53015 2.16826
-0.57003 2.18726
-0.61047 2.20518
-0.62995 2.24175
-0.64935 2.27801
-0.60662 2.26044
-0.56461 2.24175
-0.52333 2.22198
-0.48279 2.20118
-0.46767 2.16436
-0.45214 2.12717
-0.41401 2.10514
-0.37645 2.08216
-0.35279 2.09579
-0.32786 2.10827
-0.30169 2.11958
-0.27430 2.12971
-0.31181 2.15595
-0.35010 2.18133
-0.37769 2.16956
-0.40392 2.15659
-0.41683 2.19321
-0.42916 2.22945
-0.40002 2.24175
-0.36940 2.25279
-0.37782 2.28796
-0.38532 2.32276
-0.42789 2.34736
-0.47179 2.37102
-0.51707 2.39369
-0.56380 2.41530
-0.55161 2.38034
-0.53884 2.34510
-0.49480 2.32350
-0.45191 2.30088
-0.48269 2.28796
-0.51175 2.27377
-0.55443 2.29440
-0.59805 2.31396
-0.61438 2.34962
-0.63044 2.38503
-0.67802 2.40323
-0.72675 2.42018
-0.70739 2.38503
-0.68805 2.34962
-0.71352 2.33015
-0.73684 2.30958
-0.75906 2.34510
-0.78153 2.38034
-0.80431 2.41530
-0.82747 2.45002
-0.79805 2.47052
-0.76568 2.48979
-0.71296 2.47312
-0.66173 2.45510
-0.62528 2.47052
-0.58619 2.48449
-0.63801 2.50503
-0.69177 2.52429
-0.70625 2.55859
-0.72032 2.59271
-0.66157 2.57342
-0.60539 2.55275
-0.55169 2.53083
-0.50035 2.50775
-0.49488 2.47399
-0.48821 2.43996
-0.44189 2.41611
-0.39723 2.39132
-0.35735 2.39924
-0.31589 2.40563
-0.35917 2.43249
-0.40424 2.45850
-0.40553 2.49157
-0.40507 2.52429
-0.35789 2.49782
-0.31292 2.47052
-0.26996 2.44246
-0.22882 2.41369
-0.23234 2.38190
-0.23413 2.34962
-0.27393 2.34510
-0.31248 2.33910
-0.30876 2.30522
-0.30387 2.27095
-0.29790 2.23627
-0.29093 2.20118
-0.25947 2.20919
-0.22683 2.21591
-0.23057 2.25002
-0.23311 2.28368
-0.19520 2.25487
-0.15834 2.22537
-0.15658 2.19188
-0.15361 2.15788
-0.18534 2.15272
-0.21608 2.14630
-0.20921 2.11078
-0.20143 2.07477
-0.17338 2.08216
-0.14436 2.08834
-0.10953 2.05826
-0.07532 2.02745
-0.10365 2.02265
-0.13113 2.01668
-0.15771 2.00954
-0.18334 2.00123
-0.21861 2.02924
-0.25442 2.05643
-0.27928 2.04551
-0.30300 2.03345
-0.28965 1.99532
-0.27572 1.95668
-0.26120 1.91749
-0.24612 1.87771
-0.22662 1.89129
-0.20611 1.90379
-0.21919 1.94278
-0.23162 1.98119
-0.19664 1.95377
-0.16210 1.92551
-0.15037 1.88676
-0.13792 1.84737
-0.15843 1.83620
-0.17800 1.82396
-0.16299 1.78303
-0.14734 1.74138
-0.13105 1.69893
-0.11409 1.65564
-0.09803 1.66969
-0.08108 1.68267
-0.09635 1.72502
-0.11090 1.76655
-0.07768 1.73646
-0.04463 1.70544
-0.03034 1.66320
-0.01528 1.62004
0.01752 1.58720
0.05031 1.55330
0.06802 1.56299
0.08647 1.57159
0.10564 1.57913
0.12551 1.58558
0.09302 1.62166
0.06048 1.65672
0.04040 1.64916
0.02106 1.64053
0.00768 1.68267
-0.00489 1.72393
0.01615 1.73156
0.03794 1.73810
0.02796 1.77753
0.01885 1.81618
-0.01394 1.84905
-0.04703 1.88110
-0.03774 1.84290
-0.02761 1.80400
-0.04968 1.79626
-0.07093 1.78744
-0.08294 1.82729
-0.09419 1.86644
-0.10465 1.90493
-0.11432 1.94278
-0.08909 1.94972
-0.06301 1.95551
-0.02966 1.92379
0.00330 1.89129
0.02956 1.89469
0.05650 1.89696
0.02419 1.93068
-0.00851 1.96365
-0.01293 1.99886
-0.01630 2.03345
0.01650 2.00064
0.04882 1.96715
0.08071 1.93298
0.11223 1.89810
0.11566 1.86307
0.12013 1.82729
0.09385 1.82618
0.06819 1.82396
0.07546 1.78634
0.08366 1.74793
0.09277 1.70870
0.10279 1.66860
0.12496 1.67293
0.14777 1.67618
0.13942 1.71522
0.13203 1.75340
0.16367 1.71685
0.19520 1.67942
0.20288 1.64052
0.21154 1.60066
0.24342 1.56137
0.27538 1.52100
0.29802 1.52100
0.32119 1.51992
0.28960 1.56137
0.25811 1.60173
0.25099 1.64052
0.24486 1.67834
0.27582 1.63891
0.30679 1.59850
0.33784 1.55707
0.36901 1.51453
0.37642 1.47459
0.38490 1.43342
0.41717 1.38818
0.44982 1.34145
0.47288 1.33702
0.49642 1.33149
0.52041 1.32484
0.54484 1.31706
0.51266 1.36624
0.48096 1.41383
0.45627 1.42037
0.43202 1.42581
0.42480 1.46594
0.41867 1.50483
0.44414 1.49835
0.47000 1.49080
0.46616 1.52746
0.46339 1.56299
0.43404 1.60658
0.40484 1.64916
0.37574 1.69080
0.34669 1.73156
0.34776 1.69784
0.34991 1.66320
0.37972 1.62166
0.40963 1.57913
0.38330 1.58558
0.35736 1.59097
0.32691 1.63244
0.29651 1.67293
0.29292 1.70870
0.29038 1.74356
0.26055 1.78248
0.23060 1.82062
0.23260 1.78634
0.23565 1.75121
0.20897 1.75340
0.18278 1.75449
0.17806 1.79074
0.17437 1.82618
0.17172 1.86082
0.17014 1.89469
0.19981 1.89129
0.22988 1.88676
0.25928 1.84905
0.28851 1.81064
0.31801 1.80400
0.34781 1.79626
0.31950 1.83565
0.29109 1.87433
0.29412 1.90493
0.29836 1.93470
0.32596 1.89640
0.35344 1.85746
0.38084 1.81785
0.40821 1.77753
0.40572 1.74684
0.40433 1.71522
0.43265 1.67347
0.46108 1.63082
0.48964 1.62004
0.51846 1.60819
0.49068 1.65186
0.46308 1.69459
0.46572 1.72502
0.46948 1.75449
0.49603 1.71250
0.52274 1.66968
0.54965 1.62597
0.57681 1.58128
0.57526 1.55007
0.57478 1.51776
0.54650 1.53069
0.51849 1.54254
0.52013 1.50806
0.52285 1.47243
0.52666 1.43559
0.53158 1.39747
0.55748 1.38763
0.58375 1.37667
0.57985 1.41383
0.57707 1.44969
0.60697 1.40129
0.63739 1.35138
0.64152 1.31373
0.64682 1.27457
0.67943 1.22065
0.71297 1.16449
0.73955 1.14920
0.76659 1.13263
0.73288 1.19070
0.70022 1.24631
0.69573 1.28468
0.69243 1.32151
0.72339 1.26837
0.75521 1.21320
0.78803 1.15568
0.82205 1.09546
0.82927 1.05261
0.83802 1.00742
0.87637 0.93906
0.91709 0.86568
0.94638 0.84141
0.97649 0.81512
1.00749 0.78664
1.03949 0.75576
0.99500 0.83924
0.95401 0.91552
0.92405 0.94106
0.89476 0.96483
0.88632 1.00996
0.87946 1.05261
0.90896 1.02891
0.93902 1.00359
0.97633 0.93372
1.01619 0.85860
1.04856 0.82688
1.08192 0.79270
1.11643 0.75576
1.15227 0.71566
1.10703 0.80397
1.06594 0.88391
1.03307 0.91688
1.00102 0.94770
0.99593 0.98821
0.99233 1.02640
1.02431 0.99592
1.05698 0.96352
1.05473 0.99976
1.05383 1.03393
0.93351 1.27457
0.93015 1.24631
0.92785 1.21664
0.95783 1.15803
0.98917 1.09667
0.95765 1.12549
0.92661 1.15274
0.89589 1.21147
0.86631 1.26781
0.83605 1.29140
0.80610 1.31373
0.80579 1.28131
0.80661 1.24745
0.83603 1.22581
0.86583 1.20284
0.89732 1.14389
0.93015 1.08210
0.89986 1.10752
0.87005 1.13144
0.84070 1.15392
0.81179 1.17501
0.77982 1.23209
0.74883 1.28692
0.74740 1.32151
0.74710 1.35469
0.71848 1.40566
0.69048 1.45511
0.68933 1.42363
0.68925 1.39091
0.66076 1.40729
0.63256 1.42254
0.63181 1.45620
0.63214 1.48864
0.63354 1.51992
0.63601 1.55007
0.66591 1.53285
0.69598 1.51453
0.72260 1.46648
0.74976 1.41710
0.77976 1.39638
0.80999 1.37448
0.84047 1.35138
0.87120 1.32706
0.84426 1.37941
0.81808 1.43016
0.78728 1.45295
0.75667 1.47459
0.76168 1.50159
0.76772 1.52746
0.79892 1.50483
0.83026 1.48108
0.88027 1.38106
0.91168 1.35469
0.94334 1.32706
0.91793 1.37941
0.89335 1.43016
0.90136 1.45295
0.91033 1.47459
0.93333 1.42526
0.95713 1.37448
0.98181 1.32206
1.00747 1.26781
1.00178 1.24291
0.99710 1.21664
1.02573 1.15803
1.05576 1.09667
1.08900 1.06249
1.12287 1.02640
1.15745 0.98821
1.19288 0.94770
1.16006 1.01693
1.12934 1.08210
1.09552 1.11832
1.06225 1.15274
1.06708 1.17850
1.07293 1.20284
1.10627 1.16800
1.14010 1.13144
1.16862 1.06925
1.19898 1.00359
1.23502 0.96089
1.27206 0.91552
1.31029 0.86710
1.34999 0.81512
1.31446 0.89293
1.28201 0.96483
1.24532 1.00996
1.20952 1.05261
1.21632 1.07477
1.22409 1.09546
1.25971 1.05261
1.29616 1.00741
1.30468 1.02640
1.31413 1.04392
1.28828 1.10572
1.26414 1.16449
1.24150 1.22065
1.22021 1.27457
1.20723 1.26104
1.19506 1.24631
1.21801 1.19070
1.24238 1.13263
1.20752 1.17384
1.17319 1.21320
1.14983 1.26837
1.12766 1.32151
1.09442 1.35689
1.06143 1.39091
1.05018 1.37338
1.03981 1.35469
1.07268 1.32151
1.10584 1.28692
1.12969 1.23209
1.15480 1.17501
1.12095 1.21205
1.08753 1.24745
1.05449 1.28131
1.02177 1.31373
0.99779 1.36624
0.97473 1.41710
0.98492 1.43667
0.99600 1.45511
0.97537 1.50321
0.95551 1.55007
0.94284 1.53285
0.93108 1.51453
0.89875 1.54254
0.86646 1.56944
0.87792 1.58881
0.89033 1.60712
0.90367 1.62435
0.91794 1.64052
0.95074 1.61142
0.98350 1.58128
1.00177 1.53554
1.02082 1.48864
1.05359 1.45620
1.08649 1.42254
1.11955 1.38763
1.15282 1.35138
1.13333 1.40129
1.11483 1.44969
1.08189 1.48432
1.04905 1.51776
1.06441 1.53069
1.08056 1.54254
1.11341 1.50806
1.14632 1.47243
1.16319 1.48216
1.18079 1.49080
1.16636 1.53554
1.15284 1.57913
1.13367 1.57159
1.11521 1.56299
1.08247 1.59743
1.04969 1.63082
1.06826 1.64052
1.08760 1.64916
1.10768 1.65672
1.12849 1.66320
1.16090 1.62758
1.19326 1.59097
1.21447 1.59527
1.23630 1.59850
1.22687 1.63890
1.21839 1.67834
1.21087 1.71685
1.20432 1.75449
1.17922 1.75340
1.15473 1.75121
1.16298 1.71250
1.17215 1.67293
1.13997 1.70870
1.10766 1.74356
1.09856 1.78248
1.09037 1.82062
1.11538 1.82396
1.14105 1.82618
1.13566 1.86251
1.13127 1.89810
1.12791 1.93297
1.12562 1.96715
1.09602 1.96715
1.06702 1.96598
1.07139 1.93067
1.07676 1.89469
1.04411 1.92780
1.01106 1.96016
1.00553 1.99591
1.00101 2.03104
0.96720 2.06252
0.93279 2.09330
0.90284 2.08834
0.87382 2.08216
0.84577 2.07477
0.81874 2.06619
0.85440 2.03826
0.88949 2.00954
0.91607 2.01668
0.94355 2.02265
0.95038 1.98648
0.95811 1.94972
0.93288 1.94277
0.90853 1.93470
0.91924 1.89639
0.93070 1.85746
0.96425 1.82729
0.99752 1.79626
0.98645 1.83565
0.97618 1.87433
1.00017 1.88110
1.02496 1.88675
1.03326 1.84905
1.04244 1.81064
1.05248 1.77149
1.06335 1.73155
1.04231 1.72393
1.02204 1.71522
0.98904 1.74684
0.95585 1.77753
0.93629 1.76655
0.91762 1.75449
0.95085 1.72502
0.98392 1.69459
0.99906 1.65186
1.01494 1.60819
0.98209 1.63945
0.94917 1.66968
0.91615 1.69893
0.88301 1.72720
0.86649 1.76929
0.85058 1.81064
0.86920 1.82396
0.88877 1.83620
0.87535 1.87602
0.86261 1.91520
0.85056 1.95377
0.83921 1.99178
0.81558 1.98119
0.79300 1.96949
0.80648 1.93068
0.82058 1.89129
0.78600 1.91748
0.75106 1.94277
0.73609 1.98178
0.72164 2.02026
0.68526 2.04430
0.64837 2.06742
0.62730 2.05157
0.60754 2.03465
0.64402 2.01311
0.68009 1.99060
0.69661 1.95145
0.71357 1.91177
0.67861 1.93470
0.64336 1.95668
0.60781 1.97767
0.57196 1.99768
0.53341 2.07477
0.49576 2.09330
0.45774 2.11078
0.44103 2.08958
0.42581 2.06742
0.41204 2.04430
0.39969 2.02026
0.43536 2.00597
0.47091 1.99060
0.48447 2.01311
0.49940 2.03465
0.52040 1.99591
0.54156 1.95668
0.52828 1.93470
0.51626 1.91177
0.53911 1.87151
0.56213 1.83063
0.59520 1.81285
0.62822 1.79405
0.66119 1.77424
0.69410 1.75340
0.65214 1.83732
0.61835 1.85746
0.58443 1.87658
0.59736 1.89810
0.61148 1.91863
0.64614 1.89810
0.68058 1.87658
0.69975 1.83565
0.71932 1.79405
0.75271 1.77094
0.78597 1.74684
0.76716 1.78909
0.74884 1.83063
0.76519 1.84737
0.78261 1.86307
0.79918 1.82229
0.81628 1.78083
0.83393 1.73865
0.85214 1.69567
0.83814 1.67834
0.82511 1.65996
0.79244 1.68484
0.75972 1.70870
0.74813 1.68809
0.73758 1.66644
0.76978 1.64376
0.80199 1.62004
0.82391 1.57428
0.84641 1.52746
0.81459 1.55222
0.78285 1.57590
0.75117 1.59850
0.71956 1.62004
0.69617 1.66482
0.67317 1.70870
0.64097 1.72829
0.60879 1.74684
0.60073 1.72175
0.59378 1.69568
0.62512 1.67834
0.65653 1.65996
0.68091 1.61519
0.70569 1.56944
0.67485 1.58881
0.64415 1.60712
0.61357 1.62435
0.58314 1.64052
0.55715 1.68430
0.53139 1.72720
0.53737 1.75449
0.54448 1.78083
0.52013 1.82229
0.49592 1.86307
0.47180 1.90322
0.44776 1.94277
0.43812 1.91749
0.42973 1.89129
0.45503 1.85129
0.48037 1.81064
0.44844 1.82396
0.41662 1.83620
0.39022 1.87602
0.36379 1.91520
0.37081 1.94277
0.37911 1.96949
0.35370 2.00776
0.32816 2.04551
0.31870 2.01907
0.31061 1.99178
0.27650 2.00123
0.24257 2.00954
0.24893 2.03826
0.25667 2.06619
0.26584 2.09330
0.27650 2.11958
0.31399 2.10827
0.35140 2.09579
0.36526 2.11958
0.38068 2.14245
0.35802 2.17936
0.33524 2.21591
0.31229 2.25210
0.28913 2.28796
0.26993 2.26533
0.25267 2.24175
0.27775 2.20584
0.30253 2.16956
0.26316 2.18133
0.22368 2.19188
0.19668 2.22741
0.16919 2.26253
0.12732 2.27095
0.08549 2.27801
0.07495 2.25002
0.06618 2.22131
0.05909 2.19188
0.05357 2.16177
0.09012 2.15788
0.12701 2.15272
0.13503 2.18133
0.14467 2.20919
0.17335 2.17413
0.20153 2.13862
0.19283 2.11078
0.18562 2.08216
0.15041 2.08834
0.11551 2.09330
0.11187 2.06252
0.10954 2.03105
0.14227 2.02745
0.17539 2.02265
0.20474 1.98648
0.23377 1.94972
0.20190 1.95551
0.17038 1.96016
0.13926 1.96365
0.10859 1.96598
0.07726 2.00064
0.04547 2.03465
0.04555 2.06742
0.04688 2.09952
0.01470 2.13288
-0.01814 2.16566
-0.01956 2.13352
-0.01968 2.10077
-0.05201 2.09952
-0.08361 2.09703
-0.08611 2.13098
-0.08742 2.16436
-0.08746 2.19718
-0.08615 2.22945
-0.04890 2.22945
-0.01103 2.22809
-0.00515 2.25835
0.00244 2.28796
-0.03079 2.32055
-0.06507 2.35265
-0.07297 2.32276
-0.07902 2.29225
-0.11883 2.29225
-0.15787 2.29082
-0.15540 2.32276
-0.15127 2.35417
-0.14531 2.38503
-0.13736 2.41530
-0.09047 2.41369
-0.04307 2.41046
-0.00935 2.37800
0.02323 2.34510
0.06778 2.33910
0.11240 2.33164
0.15696 2.32276
0.20133 2.31250
0.17493 2.34736
0.14791 2.38190
0.10031 2.39132
0.05250 2.39924
0.07074 2.42508
0.09160 2.45002
0.14265 2.43995
0.19313 2.42836
0.21778 2.39369
0.24194 2.35874
0.28814 2.34510
0.33368 2.33015
0.31282 2.36563
0.29181 2.40084
0.32045 2.42018
0.35165 2.43829
0.42252 2.29656
0.39785 2.27801
0.37510 2.25835
0.39574 2.22198
0.41638 2.18528
0.45629 2.16826
0.49572 2.15015
0.53466 2.13098
0.57308 2.11078
0.55634 2.14822
0.53994 2.18528
0.49969 2.20518
0.45879 2.22401
0.48259 2.24175
0.50814 2.25835
0.54971 2.23764
0.59045 2.21591
0.60421 2.17936
0.61846 2.14245
0.65675 2.11958
0.69441 2.09579
0.73146 2.07109
0.76792 2.04551
0.75637 2.08278
0.74551 2.11958
0.70788 2.14501
0.66951 2.16956
0.69710 2.18133
0.72604 2.19188
0.76415 2.16566
0.80145 2.13862
0.83112 2.14629
0.86186 2.15272
0.85742 2.18726
0.85411 2.22131
0.85200 2.25487
0.85120 2.28796
0.81409 2.28368
0.77810 2.27801
0.78236 2.24381
0.78773 2.20919
0.74930 2.23627
0.70987 2.26253
0.70320 2.29728
0.69756 2.33164
0.65537 2.35721
0.61179 2.38189
0.57541 2.37102
0.54092 2.35874
0.58496 2.33611
0.62777 2.31250
0.63708 2.27730
0.64718 2.24175
0.60634 2.26533
0.56451 2.28796
0.52166 2.30958
0.47776 2.33015
0.46315 2.36563
0.44895 2.40084
0.48340 2.41530
0.52010 2.42836
0.51092 2.46277
0.50268 2.49692
0.46101 2.48449
0.42192 2.47052
0.37028 2.48979
0.31693 2.50775
0.35543 2.52429
0.39707 2.53932
0.44181 2.55275
0.48958 2.56448
0.54275 2.54122
0.59339 2.51689
0.59595 2.48361
0.59998 2.45002
0.64578 2.42508
0.68985 2.39924
0.73230 2.37257
0.77327 2.34510
0.77294 2.37800
0.77421 2.41045
0.73191 2.43829
0.68778 2.46535
0.73428 2.47052
0.78224 2.47399
0.82384 2.44497
0.86366 2.41530
0.90984 2.41530
0.95673 2.41368
0.96910 2.44246
0.98399 2.47052
0.93257 2.47399
0.88163 2.47573
0.84143 2.50593
0.79915 2.53553
0.85412 2.53553
0.90987 2.53364
0.96606 2.52989
1.02238 2.52429
1.05555 2.49157
1.08734 2.45850
1.13880 2.45002
1.18985 2.43995
1.21511 2.46277
1.24330 2.48449
1.27457 2.50503
1.30907 2.52429
1.25241 2.53932
1.19424 2.55275
1.16246 2.53082
1.13420 2.50775
1.10482 2.54122
1.07415 2.57441
1.10584 2.59788
1.14185 2.62014
1.11394 2.65352
1.08453 2.68669
1.00928 2.69659
0.93245 2.70415
0.85473 2.70926
0.77695 2.71183
0.82553 2.68182
0.87032 2.65123
0.93926 2.64668
1.00784 2.63992
0.97714 2.61476
0.95088 2.58859
0.88895 2.59271
0.82739 2.59477
0.78216 2.62447
0.73369 2.65352
0.66725 2.65123
0.60285 2.64668
0.65673 2.62014
0.70714 2.59271
0.69868 2.56152
0.69285 2.52989
0.64458 2.55663
0.59357 2.58248
0.53956 2.60732
0.48224 2.63104
0.48139 2.66395
0.48292 2.69659
0.55220 2.70415
0.62481 2.70926
0.64220 2.73981
0.66514 2.76976
0.57854 2.76681
0.49540 2.76098
0.42093 2.78487
0.33875 2.80710
0.42921 2.81708
0.52627 2.82390
0.62828 2.82736
0.73316 2.82736
0.79163 2.79740
0.84345 2.76681
0.93242 2.76098
1.01962 2.75238
1.07470 2.77423
1.13859 2.79423
1.04294 2.80710
0.94250 2.81708
0.89687 2.84897
0.84429 2.88047
0.96865 2.87226
1.08627 2.86038
1.19536 2.84527
1.29522 2.82736
1.30317 2.79423
1.31267 2.76098
1.24532 2.74535
1.18502 2.72760
1.20689 2.69409
1.22812 2.66045
1.24885 2.62666
1.26921 2.59271
1.31275 2.61050
1.36048 2.62666
1.34743 2.66045
1.33501 2.69409
1.40379 2.67459
1.46853 2.65352
1.47400 2.62014
1.48090 2.58655
1.53678 2.56448
1.58995 2.54122
1.63971 2.54985
1.69177 2.55663
1.64077 2.58248
1.58675 2.60732
1.58823 2.63992
1.59228 2.67221
1.65005 2.64668
1.70392 2.62014
1.75433 2.59271
1.80169 2.56448
1.79248 2.53364
1.78585 2.50231
1.82943 2.47399
1.87103 2.44497
1.91869 2.44581
1.96718 2.44497
2.01629 2.44246
2.06580 2.43829
2.03119 2.47052
1.99503 2.50231
1.94152 2.50502
1.88863 2.50593
1.90131 2.53553
1.91703 2.56448
1.97579 2.56152
2.03478 2.55663
2.06958 2.52429
2.10275 2.49157
2.15643 2.48361
2.20968 2.47399
2.26230 2.46277
2.31412 2.45002
2.29049 2.48449
2.26630 2.51873
2.20966 2.53082
2.15202 2.54122
2.18194 2.56448
2.21574 2.58655
2.27695 2.57341
2.33645 2.55858
2.37698 2.57642
2.42128 2.59270
2.40768 2.62666
2.39462 2.66045
2.38221 2.69409
2.37056 2.72760
2.30928 2.71183
2.25408 2.69409
2.27531 2.66045
2.29605 2.62666
2.22971 2.64104
2.16114 2.65352
2.13172 2.68669
2.10044 2.71964
2.01969 2.72894
1.93723 2.73570
1.90193 2.70926
1.87273 2.68182
1.94585 2.67819
2.01871 2.67221
2.05503 2.63992
2.08912 2.60732
2.02434 2.61476
1.95913 2.62014
1.89396 2.62339
1.82936 2.62447
1.78089 2.65352
1.72864 2.68182
1.74721 2.71183
1.77100 2.74119
1.71233 2.76976
1.64696 2.79740
1.62573 2.76681
1.61026 2.73570
1.53456 2.72894
1.46310 2.71965
1.46400 2.75238
1.46813 2.78487
1.47641 2.81708
1.49015 2.84897
1.59932 2.85462
1.71333 2.85653
1.78035 2.82736
1.83882 2.79740
1.93539 2.79265
2.03019 2.78487
2.12190 2.77423
2.20954 2.76098
2.18578 2.79423
2.16060 2.82736
2.05517 2.83979
1.94407 2.84897
2.01585 2.87226
2.10359 2.89328
2.22599 2.87839
2.33653 2.86038
2.34242 2.82736
2.35037 2.79423
2.43425 2.77423
2.51119 2.75238
2.51532 2.78487
2.52360 2.81708
2.62066 2.82390
2.72267 2.82736
2.69416 2.79740
2.67293 2.76681
2.65745 2.73570
2.64659 2.70415
2.57731 2.69659
2.51197 2.68669
2.51573 2.65352
2.52120 2.62014
2.57946 2.59788
2.63463 2.57441
2.68690 2.54985
2.73652 2.52429
2.73897 2.55663
2.74371 2.58859
2.69128 2.61476
2.63543 2.63992
2.69724 2.64668
2.76164 2.65123
2.81303 2.62339
2.86103 2.59477
2.84888 2.56448
2.83967 2.53364
2.88384 2.50502
2.92583 2.47573
2.96588 2.44581
3.00423 2.41530
3.01438 2.44497
3.02696 2.47399
2.98872 2.50502
2.94851 2.53553
3.00426 2.53364
3.06045 2.52989
3.09606 2.49782
3.13005 2.46535
3.18173 2.45850
3.23319 2.45002
3.25688 2.47399
3.28359 2.49692
3.31350 2.51873
3.34680 2.53932
3.28863 2.55275
3.22913 2.56448
3.19921 2.54122
3.17291 2.51689
3.14083 2.54985
3.10713 2.58248
3.13631 2.60732
3.16990 2.63104
3.13785 2.66395
3.10367 2.69659
3.02684 2.70415
2.94912 2.70926
2.99304 2.67819
3.03365 2.64668
3.00632 2.62014
2.98334 2.59271
2.94116 2.62339
2.89598 2.65352
2.84727 2.68303
2.79440 2.71183
2.81819 2.74119
2.84829 2.76976
2.93784 2.76681
3.02681 2.76098
3.07739 2.78487
3.13733 2.80710
3.03689 2.81708
2.93301 2.82390
2.87644 2.85462
2.81051 2.88467
2.93868 2.88047
3.06304 2.87226
3.18066 2.86038
3.28975 2.84527
3.32301 2.77875
3.25673 2.76098
3.19844 2.74119
3.22594 2.70797
3.25200 2.67459
3.27690 2.64104
3.30089 2.60732
3.34324 2.62666
3.39018 2.64442
3.35647 2.71183
3.42940 2.69409
3.49818 2.67459
3.50683 2.64104
3.51656 2.60732
3.57529 2.58655
3.63117 2.56448
3.68182 2.57442
3.73516 2.58248
3.68115 2.60732
3.62383 2.63104
3.62298 2.66395
3.62451 2.69659
3.68666 2.67221
3.74444 2.64668
3.79831 2.62014
3.84872 2.59271
3.84026 2.56153
3.83444 2.52989
3.88024 2.50231
3.92383 2.47399
3.97302 2.47573
4.02322 2.47573
4.07416 2.47399
4.12558 2.47052
4.08942 2.50231
4.05146 2.53364
3.99571 2.53553
3.94073 2.53553
3.95325 2.56546
3.96898 2.59477
4.03054 2.59271
4.09247 2.58859
4.12917 2.55663
4.16397 2.52429
4.22011 2.51689
4.27579 2.50775
4.33078 2.49692
4.38489 2.48449
4.36070 2.51873
4.33583 2.55275
4.27633 2.56448
4.21573 2.57442
4.24743 2.59789
4.28344 2.62014
4.34809 2.60732
4.41079 2.59271
4.45434 2.61050
4.50207 2.62666
4.48902 2.66045
4.47660 2.69409
4.46496 2.72760
4.45426 2.76098
4.38691 2.74535
4.32661 2.72760
4.34847 2.69409
4.36970 2.66045
4.29919 2.67459
4.22611 2.68669
4.19483 2.71965
4.16120 2.75238
4.07401 2.76098
3.98503 2.76682
3.94837 2.73981
3.91854 2.71183
3.99632 2.70926
4.07404 2.70415
4.11310 2.67221
4.14942 2.63992
4.08085 2.64668
4.01191 2.65123
3.94317 2.65352
3.87528 2.65352
3.82303 2.68182
3.76640 2.70926
3.78379 2.73981
3.80672 2.76977
3.74135 2.79741
3.66786 2.82390
3.64953 2.79265
3.63698 2.76098
3.55839 2.75238
3.48514 2.74119
3.48145 2.77423
3.48034 2.80710
3.48262 2.83979
3.48947 2.87226
3.60562 2.88047
3.72958 2.88467
3.80772 2.85653
3.87474 2.82737
3.98021 2.82390
4.08409 2.81708
4.18453 2.80711
4.28018 2.79423
4.25499 2.82737
4.22786 2.86038
4.11024 2.87226
3.98587 2.88047
4.06478 2.90448
4.16410 2.92606
4.30386 2.91145
4.42790 2.89329
4.54991 2.90448
4.68411 2.91145
4.73003 2.94172
4.79772 2.97093
4.60916 2.96779
4.43642 2.95869
4.27089 2.97739
4.07389 2.99112
4.25444 3.01028
4.49053 3.02325
4.76924 3.02789
5.05260 3.02325
5.12110 2.99112
5.17127 2.95869
5.33456 2.94445
5.47621 2.92606
5.61964 2.93637
5.77724 2.94172
5.94182 2.94172
6.10477 2.93637
6.03662 2.96779
5.94611 2.99848
5.71619 2.99848
5.50136 2.99112
5.53774 3.02324
5.61289 3.05477
5.99314 3.05477
6.33243 3.04314
6.66009 3.05477
7.04033 3.05477
7.36320 3.07597
7.88239 3.08476
8.41038 3.07597
8.75445 3.05477
8.92957 3.08477
9.44113 3.10879
7.71209 3.14159
6.29964 3.10879
5.25242 3.10879
4.74081 3.08477
4.22159 3.07597
3.89872 3.05477
3.51846 3.05477
3.19080 3.04314
3.22369 2.97739
3.40694 2.99112
3.62178 2.99848
3.75052 2.97093
3.84741 2.94172
3.68283 2.94172
3.52523 2.93637
3.38181 2.92606
3.25665 2.91145
3.11690 2.92606
2.96316 2.93637
2.89501 2.96779
2.80450 2.99848
2.57458 2.99848
2.35975 2.99112
2.51476 2.96779
2.63563 2.94172
2.58971 2.91145
2.55842 2.88047
2.45551 2.90448
2.33461 2.92606
2.19296 2.94444
2.02967 2.95869
1.97950 2.99112
1.91100 3.02324
1.62764 3.02789
1.34894 3.02324
1.31256 2.99112
1.29483 2.95869
1.46757 2.96779
1.65613 2.97093
1.75302 2.94171
1.82921 2.91145
1.68468 2.91382
1.54252 2.91145
1.40832 2.90448
1.28631 2.89328
1.16227 2.91145
1.02251 2.92606
0.98248 2.95869
0.93231 2.99112
0.71013 2.99848
0.48021 2.99848
0.26537 2.99112
0.08211 2.97739
0.24764 2.95869
0.38366 2.93637
0.54125 2.94172
0.70583 2.94172
0.63749 2.91382
0.58800 2.88467
0.46404 2.88047
0.34789 2.87226
0.23912 2.89328
0.11508 2.91145
0.00920 2.89328
-0.07854 2.87226
0.03908 2.86038
0.14817 2.84527
0.18142 2.77875
0.09139 2.79423
-0.00425 2.80710
-0.10469 2.81708
-0.20857 2.82390
-0.26515 2.85462
-0.33107 2.88467
-0.45919 2.88467
-0.58316 2.88047
-0.60425 2.84898
-0.61798 2.81708
-0.62627 2.78487
-0.63040 2.75238
-0.55180 2.76098
-0.46866 2.76682
-0.44743 2.79741
-0.41892 2.82737
-0.35230 2.79900
-0.29330 2.76976
-0.32339 2.74119
-0.34719 2.71183
-0.29431 2.68303
-0.24561 2.65352
-0.17688 2.65123
-0.10793 2.64668
-0.03936 2.63992
0.02832 2.63104
-0.00374 2.66395
-0.03791 2.69659
-0.11475 2.70415
-0.19247 2.70926
-0.15716 2.73570
-0.11477 2.76098
-0.02758 2.75238
0.05686 2.74119
0.08436 2.70797
0.11041 2.67459
0.18092 2.66045
0.24859 2.64442
0.21488 2.71183
0.27617 2.72760
0.34356 2.74119
0.34927 2.70797
0.35660 2.67459
0.36524 2.64104
0.37497 2.60732
0.32689 2.59271
0.28259 2.57642
0.22201 2.59271
0.15931 2.60732
0.12135 2.58655
0.08754 2.56448
0.14704 2.55275
0.20521 2.53932
0.22738 2.50503
0.24915 2.47052
0.19610 2.48449
0.14200 2.49692
0.08701 2.50775
0.03132 2.51689
-0.00076 2.54985
-0.03445 2.58248
-0.09632 2.58859
-0.15824 2.59271
-0.17737 2.56448
-0.19308 2.53553
-0.13733 2.53364
-0.08113 2.52989
-0.04553 2.49782
-0.01153 2.46535
-0.06320 2.47052
-0.11463 2.47399
-0.16557 2.47573
-0.21576 2.47573
-0.25775 2.50503
-0.30191 2.53364
-0.29271 2.56448
-0.28056 2.59477
-0.32856 2.62339
-0.37995 2.65123
-0.43524 2.67819
-0.49500 2.70415
-0.50212 2.67221
-0.50616 2.63992
-0.45031 2.61476
-0.39788 2.58859
-0.45362 2.58248
-0.50696 2.57442
-0.56213 2.59789
-0.62039 2.62014
-0.62586 2.65352
-0.62962 2.68669
-0.69793 2.70798
-0.77103 2.72760
-0.75938 2.69409
-0.74697 2.66045
-0.79861 2.64442
-0.84554 2.62666
-0.86628 2.66045
-0.88751 2.69410
-0.90937 2.72760
-0.93205 2.76098
-0.86577 2.77876
-0.79122 2.79423
-0.79917 2.82737
-0.80505 2.86038
-0.91560 2.87840
-1.03800 2.89329
-1.17120 2.90448
-1.31237 2.91145
-1.25011 2.88047
-1.19752 2.84898
-1.08642 2.83979
-0.98099 2.82737
-1.05145 2.80711
-1.11140 2.78487
-1.20620 2.79266
-1.30277 2.79741
-1.36124 2.82737
-1.42826 2.85653
-1.54227 2.85463
-1.65145 2.84898
-1.75337 2.83979
-1.84637 2.82737
-1.75565 2.80711
-1.67347 2.78487
-1.58645 2.79266
-1.49463 2.79741
-1.51586 2.76682
-1.53134 2.73570
-1.60703 2.72894
-1.67849 2.71965
-1.67682 2.68669
-1.67306 2.65352
-1.61216 2.63105
-1.55484 2.60732
-1.50082 2.58248
-1.44982 2.55664
-1.44508 2.58860
-1.43767 2.62014
-1.49154 2.64668
-1.54932 2.67221
-1.48244 2.67819
-1.41295 2.68182
-1.36071 2.65352
-1.31224 2.62448
-1.24763 2.62339
-1.18246 2.62014
-1.15513 2.64668
-1.12289 2.67221
-1.19575 2.67819
-1.26886 2.68182
-1.31744 2.71183
-1.37059 2.74119
-1.28761 2.73981
-1.20436 2.73570
-1.12190 2.72894
-1.04115 2.71965
-1.00987 2.68669
-0.98046 2.65352
-1.01888 2.63105
-1.05248 2.60732
-1.02025 2.57442
-0.98957 2.54122
-0.95966 2.56448
-0.92585 2.58655
-0.86464 2.57341
-0.80514 2.55859
-0.84199 2.53932
-0.87529 2.51873
-0.90520 2.49692
-0.93191 2.47399
-0.98516 2.48361
-1.03884 2.49157
-1.07202 2.52429
-1.10681 2.55664
-1.16580 2.56153
-1.22457 2.56448
-1.28273 2.56546
-1.33991 2.56448
-1.29525 2.53553
-1.25296 2.50593
-1.20007 2.50503
-1.14657 2.50232
-1.16183 2.47399
-1.17441 2.44497
-1.22290 2.44581
-1.27056 2.44497
-1.31216 2.47399
-1.35575 2.50232
-1.40509 2.49782
-1.45272 2.49157
-1.40661 2.46535
-1.36249 2.43829
-1.36309 2.40563
-1.36209 2.37257
-1.40455 2.39924
-1.44862 2.42508
-1.49442 2.45002
-1.54208 2.47399
-1.54755 2.50775
-1.55165 2.54122
-1.60482 2.56448
-1.66070 2.58655
-1.70877 2.57342
-1.75345 2.55859
-1.79469 2.54218
-1.83252 2.52429
-1.77747 2.50775
-1.72411 2.48979
-1.68520 2.50503
-1.64344 2.51873
-1.63339 2.48449
-1.62254 2.45002
-1.65921 2.43580
-1.69343 2.42018
-1.67764 2.38503
-1.66158 2.34962
-1.61663 2.33015
-1.57274 2.30958
-1.52989 2.28796
-1.48806 2.26533
-1.49911 2.30088
-1.50943 2.33611
-1.55348 2.35874
-1.59880 2.38034
-1.56427 2.39369
-1.52767 2.40563
-1.48261 2.38190
-1.43902 2.35721
-1.43252 2.32276
-1.42501 2.28796
-1.38452 2.26254
-1.34509 2.23627
-1.35107 2.27095
-1.35596 2.30522
-1.31937 2.31177
-1.28153 2.31688
-1.28031 2.28368
-1.27777 2.25002
-1.27403 2.21591
-1.26917 2.18133
-1.30028 2.17413
-1.33024 2.16566
-1.36836 2.19188
-1.40733 2.21726
-1.43639 2.20584
-1.46402 2.19321
-1.42489 2.16956
-1.38652 2.14501
-1.37506 2.10827
-1.36294 2.07109
-1.39999 2.09579
-1.43765 2.11958
-1.47594 2.14245
-1.51487 2.16436
-1.52999 2.20118
-1.54469 2.23764
-1.58625 2.25835
-1.62865 2.27801
-1.65382 2.26044
-1.67714 2.24175
-1.63561 2.22402
-1.59471 2.20518
-1.57735 2.16826
-1.55974 2.13098
-1.59867 2.15015
-1.63811 2.16826
-1.67802 2.18528
-1.71838 2.20118
-1.74015 2.23764
-1.76202 2.27377
-1.73997 2.29440
-1.71591 2.31396
-1.73525 2.34962
-1.75458 2.38503
-1.77395 2.42018
-1.79337 2.45510
-1.82379 2.43580
-1.85151 2.41530
-1.82873 2.38034
-1.80626 2.34510
-1.85246 2.35874
-1.89923 2.37102
-1.92516 2.40563
-1.95174 2.43996
-2.00280 2.45002
-2.05426 2.45850
-2.07331 2.43249
-2.08974 2.40563
-2.04189 2.39924
-1.99408 2.39132
-1.96539 2.35721
-1.93744 2.32276
-1.98200 2.33164
-2.02662 2.33910
-2.07117 2.34510
-2.11550 2.34962
-2.14956 2.38190
-2.18487 2.41369
-2.23176 2.41530
-2.27794 2.41530
-2.28370 2.38424
-2.28759 2.35265
-2.28977 2.32055
-2.29039 2.28796
-2.25226 2.29082
-2.21323 2.29225
-2.20895 2.32350
-2.20290 2.35417
-2.16736 2.32276
-2.13295 2.29082
-2.13895 2.26044
-2.14330 2.22945
-2.18054 2.22945
-2.21706 2.22809
-2.21684 2.19519
-2.21534 2.16177
-2.21264 2.12780
-2.20881 2.09330
-2.17801 2.09703
-2.14641 2.09952
-2.14759 2.13288
-2.14752 2.16566
-2.11396 2.13352
-2.08109 2.10077
-2.08121 2.06803
-2.08013 2.03465
-2.04781 2.00123
-2.01597 1.96715
-1.98581 1.96599
-1.95514 1.96365
-1.92402 1.96016
-1.89250 1.95551
-1.92213 1.99178
-1.95212 2.02745
-1.98486 2.03105
-2.01715 2.03345
-2.01592 2.06558
-2.01342 2.09703
-1.97889 2.09330
-1.94398 2.08834
-1.93784 2.11769
-1.93022 2.14630
-1.95936 2.18133
-1.98908 2.21591
-1.99748 2.18726
-2.00428 2.15788
-2.04083 2.16177
-2.07694 2.16436
-2.07275 2.19519
-2.06703 2.22537
-2.05967 2.25487
-2.05057 2.28368
-2.00890 2.27801
-1.96708 2.27095
-1.93837 2.23627
-1.91024 2.20118
-1.87072 2.19188
-1.83124 2.18133
-1.85712 2.21726
-1.88339 2.25279
-1.86718 2.27730
-1.84897 2.30088
-1.82447 2.26533
-1.80029 2.22945
-1.77638 2.19321
-1.75268 2.15659
-1.76734 2.13288
-1.78041 2.10827
-1.81790 2.11958
-1.85541 2.12971
-1.86512 2.10264
-1.87334 2.07477
-1.88013 2.04612
-1.88555 2.01668
-1.85183 2.00954
-1.81789 2.00123
-1.81064 2.02924
-1.80201 2.05643
-1.77570 2.01907
-1.74957 1.98119
-1.75713 1.95377
-1.76341 1.92551
-1.73639 1.88676
-1.70945 1.84737
-1.67778 1.83620
-1.64596 1.82396
-1.67182 1.86419
-1.69768 1.90379
-1.68995 1.93068
-1.68096 1.95668
-1.65628 1.91749
-1.63159 1.87771
-1.60684 1.83732
-1.58200 1.79626
-1.58858 1.76929
-1.59403 1.74138
-1.56788 1.69893
-1.54154 1.65564
-1.51126 1.64052
-1.48083 1.62435
-1.45025 1.60712
-1.41954 1.58881
-1.44459 1.63405
-1.46928 1.67834
-1.50062 1.69568
-1.53186 1.71196
-1.52538 1.73865
-1.51778 1.76436
-1.48561 1.74684
-1.45342 1.72829
-1.43008 1.68484
-1.40638 1.64052
-1.37483 1.62004
-1.34322 1.59850
-1.31155 1.57590
-1.27980 1.55222
-1.30247 1.59850
-1.32461 1.64376
-1.35682 1.66644
-1.38902 1.68809
-1.37876 1.71033
-1.36745 1.73155
-1.33467 1.70870
-1.30195 1.68484
-1.28912 1.70381
-1.27529 1.72175
-1.29378 1.76436
-1.31174 1.80621
-1.32920 1.84737
-1.34617 1.88789
-1.36342 1.87151
-1.37958 1.85409
-1.36085 1.81285
-1.34169 1.77094
-1.37508 1.79405
-1.40860 1.81618
-1.42860 1.85746
-1.44826 1.89810
-1.48291 1.91863
-1.51777 1.93816
-1.53150 1.91691
-1.54400 1.89469
-1.50997 1.87658
-1.47605 1.85746
-1.45478 1.81618
-1.43321 1.77424
-1.46617 1.79405
-1.49920 1.81285
-1.53227 1.83063
-1.56537 1.84737
-1.58892 1.88789
-1.61236 1.92780
-1.60086 1.95145
-1.58808 1.97416
-1.60992 2.01311
-1.63168 2.05157
-1.64605 2.02924
-1.65904 2.00597
-1.69470 2.02026
-1.73045 2.03345
-1.71880 2.05826
-1.70571 2.08216
-1.69113 2.10514
-1.67503 2.12717
-1.63666 2.11078
-1.59864 2.09330
-1.57869 2.05522
-1.55858 2.01668
-1.52244 1.99768
-1.48659 1.97767
-1.45104 1.95668
-1.41579 1.93470
-1.43328 1.97416
-1.45038 2.01311
-1.48685 2.03465
-1.52372 2.05522
-1.50425 2.07293
-1.48341 2.08958
-1.44602 2.06742
-1.40914 2.04430
-1.39413 2.00597
-1.37863 1.96715
-1.34333 1.94277
-1.30840 1.91748
-1.32291 1.95668
-1.33685 1.99532
-1.31426 2.00775
-1.29057 2.01907
-1.27882 1.98119
-1.26639 1.94277
-1.25330 1.90379
-1.23957 1.86419
-1.25912 1.85129
-1.27767 1.83732
-1.26146 1.79626
-1.24467 1.75449
-1.21138 1.72720
-1.17824 1.69893
-1.14523 1.66968
-1.11230 1.63945
-1.12828 1.68267
-1.14354 1.72502
-1.17677 1.75449
-1.21019 1.78303
-1.19153 1.79571
-1.17196 1.80732
-1.13855 1.77753
-1.10536 1.74684
-1.08501 1.75614
-1.06385 1.76436
-1.07480 1.80400
-1.08493 1.84290
-1.09423 1.88110
-1.10266 1.91863
-1.12767 1.91234
-1.15185 1.90492
-1.14139 1.86644
-1.13014 1.82729
-1.16369 1.85746
-1.19756 1.88675
-1.20930 1.92550
-1.22030 1.96365
-1.19579 1.97241
-1.17035 1.98002
-1.17833 2.01668
-1.18541 2.05278
-1.21318 2.04612
-1.23999 2.03826
-1.27566 2.06619
-1.31194 2.09330
-1.28472 2.10264
-1.25641 2.11078
-1.22705 2.11769
-1.19671 2.12337
-1.16161 2.09330
-1.12719 2.06252
-1.12252 2.02744
-1.11684 1.99178
-1.08334 1.96016
-1.05029 1.92780
-1.05571 1.96365
-1.06013 1.99886
-1.03070 2.00064
-1.00061 2.00123
-0.99838 1.96715
-0.99506 1.93240
-0.99070 1.89696
-0.98534 1.86082
-1.01130 1.85802
-1.03658 1.85409
-1.02835 1.81618
-1.01924 1.77753
-0.98674 1.74356
-0.95442 1.70870
-0.96353 1.74793
-0.97174 1.78634
-0.94698 1.78909
-0.92161 1.79074
-0.91517 1.75340
-0.90777 1.71522
-0.89943 1.67618
-0.89015 1.63621
-0.91215 1.63243
-0.93350 1.62758
-0.96591 1.66320
-0.99841 1.69784
-1.01934 1.69080
-1.03952 1.68267
-1.05892 1.67347
-1.07754 1.66320
-1.04470 1.63082
-1.01193 1.59743
-0.99341 1.60658
-0.97416 1.61465
-0.96073 1.57159
-0.94642 1.52746
-0.96408 1.51830
-0.98099 1.50806
-1.01383 1.54254
-1.04664 1.57590
-1.06280 1.56352
-1.07813 1.55007
-1.04535 1.51776
-1.01250 1.48432
-0.99414 1.43667
-0.97485 1.38763
-1.00791 1.42254
-1.04081 1.45620
-1.07358 1.48864
-1.10626 1.51992
-1.12533 1.56621
-1.14366 1.61142
-1.17646 1.64052
-1.20932 1.66860
-1.22346 1.65186
-1.23666 1.63405
-1.24890 1.61519
-1.26018 1.59527
-1.22793 1.56944
-1.19565 1.54254
-1.18403 1.56137
-1.17148 1.57913
-1.15155 1.53284
-1.13090 1.48540
-1.14188 1.46648
-1.15194 1.44644
-1.12893 1.39637
-1.10507 1.34476
-1.07263 1.31372
-1.03991 1.28131
-1.00686 1.24745
-0.97345 1.21205
-0.99816 1.26781
-1.02171 1.32150
-1.05459 1.35469
-1.08723 1.38653
-1.07694 1.40566
-1.06576 1.42363
-1.03296 1.39091
-0.99997 1.35689
-0.97808 1.30481
-0.95507 1.25085
-0.92120 1.21320
-0.88688 1.17384
-0.91069 1.23037
-0.93322 1.28468
-0.92103 1.29979
-0.90804 1.31372
-0.88716 1.26104
-0.86505 1.20630
-0.84156 1.14920
-0.81652 1.08940
-0.82605 1.07171
-0.83468 1.05261
-0.87031 1.09546
-0.90525 1.13619
-0.91306 1.11533
-0.91991 1.09303
-0.88488 1.05261
-0.84908 1.00996
-0.81791 0.94106
-0.78410 0.86710
-0.82234 0.91552
-0.85937 0.96089
-0.89541 1.00359
-0.93060 1.04392
-0.96019 1.10752
-0.98812 1.16799
-1.02147 1.20284
-1.05438 1.23608
-1.06016 1.21147
-1.06494 1.18548
-1.03215 1.15274
-0.99887 1.11832
-0.96885 1.05508
-0.93694 0.98821
-0.97153 1.02640
-1.00540 1.06249
-1.03864 1.09667
-1.07131 1.12906
-1.10093 1.18896
-1.12926 1.24631
-1.12470 1.27288
-1.11914 1.29811
-1.14465 1.35138
-1.16925 1.40293
-1.19303 1.45295
-1.21608 1.50159
-1.22486 1.47946
-1.23266 1.45620
-1.20808 1.40620
-1.18271 1.35469
-1.21413 1.38106
-1.24532 1.40620
-1.27073 1.45620
-1.29547 1.50482
-1.32667 1.52746
-1.35775 1.54899
-1.36347 1.52261
-1.36816 1.49512
-1.33772 1.47459
-1.30711 1.45295
-1.28088 1.40293
-1.25393 1.35138
-1.28441 1.37448
-1.31464 1.39637
-1.34463 1.41710
-1.37439 1.43667
-1.40169 1.48540
-1.42849 1.53284
-1.45838 1.55007
-1.48808 1.56621
-1.49011 1.53554
-1.49106 1.50375
-1.49094 1.47081
-1.48973 1.43667
-1.46183 1.42254
-1.43363 1.40729
-1.43396 1.44047
-1.43321 1.47243
-1.40507 1.42363
-1.37636 1.37338
-1.37571 1.33979
-1.37393 1.30481
-1.34297 1.25085
-1.31110 1.19475
-1.28261 1.17501
-1.25369 1.15392
-1.22434 1.13144
-1.19453 1.10752
-1.22707 1.16799
-1.25836 1.22580
-1.28778 1.24745
-1.31685 1.26781
-1.31796 1.30202
-1.31794 1.33481
-1.28829 1.31372
-1.25835 1.29140
-1.22889 1.23608
-1.19838 1.17850
-1.16779 1.15274
-1.13675 1.12549
-1.16774 1.18548
-1.19749 1.24290
-1.19537 1.27288
-1.19218 1.30147
-1.16425 1.24631
-1.13522 1.18896
-1.10494 1.12906
-1.07318 1.06618
-1.07229 1.03205
-1.07008 0.99592
-1.10206 1.02639
-1.13343 1.05508
-1.12979 1.01693
-1.12471 0.97656
-1.09338 0.94770
-1.06132 0.91688
-1.02144 0.83996
-0.97797 0.75576
-1.01247 0.79270
-1.04584 0.82688
-1.07820 0.85860
-1.10969 0.88808
-1.14871 0.96089
-1.18544 1.02891
-1.21493 1.05261
-1.24389 1.07477
-1.23688 1.03205
-1.22830 0.98692
-1.19964 0.96483
-1.17034 0.94106
-1.13019 0.86710
-1.08690 0.78664
-1.11791 0.81512
-1.14801 0.84141
-1.17730 0.86568
-1.20584 0.88808
-1.24595 0.95958
-1.28388 1.02640
-1.29285 1.07171
-1.30031 1.11473
-1.33415 1.17384
-1.36688 1.23037
-1.39866 1.28468
-1.42965 1.33702
-1.42595 1.29979
-1.42107 1.26104
-1.38845 1.20630
-1.35485 1.14920
-1.38143 1.16448
-1.40756 1.17850
-1.44105 1.23380
-1.47368 1.28692
-1.47943 1.32650
-1.48400 1.36459
-1.51454 1.41383
-1.54460 1.46161
-1.54132 1.42526
-1.53692 1.38763
-1.56282 1.39747
-1.58833 1.40620
-1.59379 1.44481
-1.59815 1.48216
-1.60142 1.51830
-1.60361 1.55330
-1.57590 1.54254
-1.54790 1.53069
-1.54792 1.56352
-1.54687 1.59527
-1.57434 1.63945
-1.60159 1.68267
-1.62867 1.72502
-1.65564 1.76655
-1.65878 1.73646
-1.66081 1.70544
-1.63286 1.66320
-1.60476 1.62004
-1.63331 1.63082
-1.66159 1.64052
-1.69035 1.68267
-1.71904 1.72393
-1.71832 1.75614
-1.71651 1.78744
-1.74435 1.82729
-1.77225 1.86644
-1.80027 1.90492
-1.82846 1.94277
-1.83186 1.91234
-1.83407 1.88110
-1.80516 1.84290
-1.77639 1.80400
-1.80588 1.81064
-1.83503 1.81618
-1.86471 1.85409
-1.89459 1.89129
-1.92425 1.89469
-1.95346 1.89696
-1.95096 1.86251
-1.94742 1.82729
-1.94285 1.79130
-1.93727 1.75449
-1.91161 1.75449
-1.88543 1.75340
-1.88930 1.78909
-1.89214 1.82396
-1.86180 1.78634
-1.83159 1.74793
-1.82828 1.71250
-1.82394 1.67618
-1.79326 1.63621
-1.76254 1.59527
-1.73703 1.59097
-1.71110 1.58558
-1.74128 1.62758
-1.77139 1.66860
-1.77425 1.70381
-1.77604 1.73810
-1.74663 1.69784
-1.71720 1.65672
-1.68770 1.61465
-1.65806 1.57159
-1.65469 1.53554
-1.65025 1.49835
-1.67572 1.50482
-1.70077 1.51022
-1.69401 1.47081
-1.68617 1.43016
-1.66237 1.42581
-1.63812 1.42037
-1.60628 1.37338
-1.57399 1.32484
-1.59798 1.33149
-1.62151 1.33702
-1.64457 1.34144
-1.66714 1.34476
-1.69991 1.39091
-1.73232 1.43559
-1.74146 1.47729
-1.74953 1.51776
-1.78092 1.55976
-1.81219 1.60065
-1.84341 1.64052
-1.87462 1.67942
-1.86773 1.64106
-1.85984 1.60173
-1.82815 1.56191
-1.79637 1.52099
-1.81901 1.52099
-1.84110 1.51992
-1.87323 1.55976
-1.90529 1.59850
-1.91472 1.63890
-1.92320 1.67834
-1.95497 1.71522
-1.98686 1.75121
-1.97861 1.71250
-1.96944 1.67293
-1.99161 1.66860
-2.01311 1.66320
-2.02396 1.70381
-2.03394 1.74356
-2.04303 1.78248
-2.05122 1.82062
-2.02621 1.82396
-2.00055 1.82618
-2.00594 1.86251
-2.01033 1.89810
-2.04226 1.93240
-2.07457 1.96598
-2.10733 1.99886
-2.14058 2.03105
-2.13606 1.99591
-2.13054 1.96016
-2.09748 1.92780
-2.06483 1.89469
-2.09109 1.89129
-2.11664 1.88675
-2.14986 1.91863
-2.18348 1.94972
-2.20871 1.94277
-2.23306 1.93470
-2.22235 1.89639
-2.21089 1.85746
-2.19868 1.81785
-2.18574 1.77753
-2.16533 1.78744
-2.14407 1.79626
-2.15515 1.83565
-2.16542 1.87433
-2.13213 1.84290
-2.09915 1.81064
-2.08912 1.77149
-2.07824 1.73155
-2.09929 1.72393
-2.11956 1.71522
-2.10612 1.67347
-2.09190 1.63082
-2.07333 1.64052
-2.05399 1.64916
-2.02135 1.61465
-1.98875 1.57913
-2.00793 1.57159
-2.02638 1.56299
-2.04409 1.55330
-2.06103 1.54254
-2.09384 1.57590
-2.12665 1.60819
-2.14254 1.65186
-2.15767 1.69459
-2.19074 1.72502
-2.22397 1.75449
-2.20854 1.71250
-2.19242 1.66968
-2.20849 1.65564
-2.22366 1.64052
-2.24144 1.68430
-2.25858 1.72720
-2.27510 1.76929
-2.29101 1.81064
-2.27239 1.82396
-2.25282 1.83620
-2.26624 1.87602
-2.27898 1.91520
-2.31359 1.94277
-2.34860 1.96949
-2.33511 1.93068
-2.32102 1.89129
-2.34052 1.87771
-2.35898 1.86307
-2.37502 1.90322
-2.39053 1.94277
-2.40551 1.98178
-2.41995 2.02026
-2.39739 2.03345
-2.37367 2.04551
-2.33776 2.01907
-2.30238 1.99178
-2.27773 2.00123
-2.25210 2.00954
-2.22553 2.01668
-2.19805 2.02265
-2.23261 2.05278
-2.26778 2.08216
-2.29583 2.07477
-2.32285 2.06619
-2.33192 2.10264
-2.34014 2.13862
-2.31047 2.14629
-2.27973 2.15272
-2.28417 2.18726
-2.28749 2.22131
-2.32497 2.25002
-2.36349 2.27801
-2.35923 2.24381
-2.35386 2.20919
-2.38533 2.20117
-2.41555 2.19188
-2.42408 2.22741
-2.43172 2.26253
-2.43840 2.29728
-2.44403 2.33164
-2.40687 2.33909
-2.36833 2.34510
-2.36865 2.37800
-2.36738 2.41046
-2.40969 2.43829
-2.45381 2.46535
-2.49992 2.49157
-2.54820 2.51689
-2.54565 2.48361
-2.54162 2.45002
-2.49581 2.42508
-2.45175 2.39924
-2.49163 2.39132
-2.52981 2.38190
-2.57487 2.40563
-2.62149 2.42836
-2.63068 2.46277
-2.63892 2.49692
-2.69064 2.51873
-2.74453 2.53932
-2.80064 2.55859
-2.85901 2.57642
-2.82467 2.50775
-2.77131 2.48979
-2.71967 2.47052
-2.75612 2.45510
-2.78994 2.43829
-2.84056 2.45510
-2.89244 2.47052
-2.92187 2.45002
-2.94846 2.42836
-2.92382 2.39369
-2.89965 2.35874
-2.87589 2.32350
-2.85246 2.28796
-2.83124 2.30958
-2.80792 2.33015
-2.82877 2.36563
-2.84978 2.40084
-2.80178 2.38503
-2.75476 2.36793
-2.71907 2.29656
-2.67585 2.27801
-2.63345 2.25835
-2.60614 2.27377
-2.57709 2.28796
-2.61994 2.30958
-2.66383 2.33015
-2.67845 2.36563
-2.69265 2.40084
-2.64600 2.38034
-2.60067 2.35874
-2.55663 2.33611
-2.51383 2.31250
-2.50452 2.27730
-2.49442 2.24175
-2.52355 2.22944
-2.55115 2.21591
-2.53739 2.17936
-2.52313 2.14245
-2.49831 2.15659
-2.47209 2.16956
-2.43372 2.14501
-2.39608 2.11958
-2.42225 2.10827
-2.44719 2.09579
-2.47085 2.08216
-2.49322 2.06742
-2.53061 2.08958
-2.56851 2.11078
-2.58525 2.14822
-2.60166 2.18528
-2.64190 2.20518
-2.68280 2.22402
-2.72434 2.24175
-2.76649 2.25835
-2.74585 2.22198
-2.72522 2.18528
-2.68530 2.16826
-2.64587 2.15015
-2.66563 2.13098
-2.68386 2.11078
-2.72222 2.12717
-2.76091 2.14245
-2.77633 2.11958
-2.79019 2.09579
-2.76600 2.05826
-2.74190 2.02026
-2.72955 2.04430
-2.71579 2.06742
-2.67887 2.05157
-2.64220 2.03465
-2.65712 2.01311
-2.67069 1.99060
-2.68292 1.96715
-2.69384 1.94277
-2.72816 1.95668
-2.76248 1.96949
-2.77078 1.94278
-2.77780 1.91520
-2.75137 1.87602
-2.72497 1.83620
-2.69857 1.79571
-2.67212 1.75449
-2.66724 1.78303
-2.66122 1.81064
-2.68657 1.85129
-2.71186 1.89129
-2.67879 1.87771
-2.64568 1.86307
-2.62147 1.82229
-2.59711 1.78083
-2.60422 1.75449
-2.61021 1.72720
-2.58445 1.68430
-2.55846 1.64052
-2.53219 1.59581
-2.50558 1.55007
-2.50204 1.57913
-2.49745 1.60712
-2.52279 1.65186
-2.54781 1.69568
-2.51648 1.67834
-2.48506 1.65996
-2.46068 1.61519
-2.43590 1.56944
-2.40495 1.54899
-2.37387 1.52746
-2.36681 1.55222
-2.35875 1.57590
-2.34967 1.59850
-2.33960 1.62004
-2.37181 1.64376
-2.40402 1.66644
-2.41354 1.64376
-2.42203 1.62004
-2.44543 1.66482
-2.46842 1.70870
-2.45849 1.73155
-2.44750 1.75340
-2.48945 1.83732
-2.52325 1.85746
-2.55716 1.87658
-2.53540 1.83565
-2.51337 1.79406
-2.52365 1.77094
-2.53281 1.74684
-2.55625 1.78909
-2.57946 1.83063
-2.60248 1.87151
-2.62533 1.91177
-2.61331 1.93470
-2.60003 1.95668
-2.56497 1.93816
-2.53011 1.91863
-2.51478 1.93816
-2.49823 1.95668
-2.53379 1.97767
-2.56964 1.99768
-2.60818 2.07477
-2.57092 2.05522
-2.53405 2.03465
-2.49758 2.01311
-2.46151 1.99060
-2.44499 1.95145
-2.42803 1.91177
-2.44509 1.89469
-2.46101 1.87658
-2.44184 1.83565
-2.42227 1.79406
-2.40229 1.75176
-2.38187 1.70870
-2.36926 1.72829
-2.35562 1.74684
-2.37443 1.78909
-2.39276 1.83063
-2.35894 1.80621
-2.32531 1.78083
-2.30766 1.73865
-2.28945 1.69568
-2.30345 1.67834
-2.31648 1.65996
-2.29610 1.61519
-2.27513 1.56944
-2.26367 1.58881
-2.25126 1.60712
-2.21868 1.57913
-2.18608 1.55007
-2.19875 1.53285
-2.21051 1.51453
-2.22135 1.49512
-2.23126 1.47459
-2.26327 1.50159
-2.29518 1.52746
-2.30375 1.50483
-2.31133 1.48108
-2.20808 1.27457
-2.20367 1.30147
-2.19825 1.32706
-2.22367 1.37941
-2.24824 1.43016
-2.21645 1.40293
-2.18446 1.37448
-2.15978 1.32206
-2.13412 1.26781
-2.10158 1.23608
-2.06866 1.20284
-2.06184 1.22581
-2.05406 1.24745
-2.04536 1.26781
-2.03576 1.28692
-2.06891 1.32151
-2.10178 1.35469
-2.11126 1.33481
-2.11983 1.31373
-2.14381 1.36624
-2.16686 1.41710
-2.15668 1.43668
-2.14559 1.45511
-2.11296 1.42363
-2.08016 1.39091
-2.06805 1.40729
-2.05511 1.42254
-2.08800 1.45620
-2.12078 1.48864
-2.13982 1.53554
-2.15809 1.58128
-2.12533 1.55007
-2.09254 1.51776
-2.05970 1.48432
-2.02676 1.44969
-2.00826 1.40129
-1.98877 1.35138
-2.00176 1.33702
-2.01394 1.32151
-1.99177 1.26837
-1.96840 1.21320
-1.95789 1.23038
-1.94654 1.24631
-1.91224 1.20630
-1.87745 1.16449
-1.88875 1.14920
-1.89921 1.13263
-1.90881 1.11473
-1.91750 1.09546
-1.95244 1.13619
-1.98680 1.17501
-1.99462 1.15392
-2.00150 1.13144
-1.97297 1.06925
-1.94261 1.00359
-1.93787 1.02891
-1.93207 1.05261
-1.89627 1.00996
-1.85958 0.96483
-1.86511 0.94106
-1.86954 0.91552
-1.87279 0.88808
-1.87479 0.85860
-1.91233 0.90462
-1.94872 0.94770
-1.98154 1.01693
-2.01225 1.08210
-2.04607 1.11832
-2.07935 1.15274
-2.11213 1.18548
-2.14449 1.21664
-2.11586 1.15803
-2.08583 1.09667
-2.05260 1.06249
-2.01873 1.02640
-2.02023 0.99592
-2.02049 0.96352
-2.05449 0.99976
-2.08776 1.03393
-2.15069 1.15980
-2.18242 1.18896
-2.21375 1.21664
-2.18376 1.15803
-2.15243 1.09667
-2.15149 1.06249
-2.14926 1.02640
-2.18292 1.09122
-2.21499 1.15274
-2.24571 1.21147
-2.27528 1.26781
-2.27337 1.29811
-2.27039 1.32706
-2.29734 1.37941
-2.32351 1.43016
-2.35431 1.45295
-2.38492 1.47459
-2.41535 1.49512
-2.44561 1.51453
-2.41900 1.46648
-2.39183 1.41710
-2.36184 1.39638
-2.33161 1.37448
-2.33409 1.34476
-2.33549 1.31373
-2.36514 1.33481
-2.39449 1.35469
-2.39419 1.32151
-2.39276 1.28692
-2.36177 1.23209
-2.32980 1.17501
-2.29667 1.11533
-2.26213 1.05261
-2.26752 1.09303
-2.27154 1.13144
-2.30383 1.19070
-2.33498 1.24745
-2.30556 1.22581
-2.27577 1.20284
-2.24428 1.14389
-2.21144 1.08210
-2.20772 1.04392
-2.20258 1.00359
-2.16526 0.93372
-2.12540 0.85860
-2.13388 0.90462
-2.14058 0.94770
-2.10852 0.91688
-2.07565 0.88391
-2.06864 0.83996
-2.05967 0.79270
-2.04845 0.74153
-2.03456 0.68562
-2.06898 0.72220
-2.10211 0.75576
-2.14659 0.83924
-2.18758 0.91552
-2.21754 0.94106
-2.24683 0.96483
-2.20739 0.89293
-2.16510 0.81512
-2.15038 0.75889
-2.13273 0.69743
-2.18071 0.78588
-2.22450 0.86568
-2.26522 0.93906
-2.30357 1.00742
-2.31232 1.05261
-2.31954 1.09546
-2.35357 1.15568
-2.38639 1.21320
-2.41408 1.23038
-2.44137 1.24631
-2.40871 1.19070
-2.37501 1.13263
-2.36727 1.08940
-2.35804 1.04392
-2.39400 1.10572
-2.42863 1.16449
-2.46216 1.22065
-2.49478 1.27457
-2.50008 1.31373
-2.50420 1.35138
-2.47685 1.33702
-2.44916 1.32151
-2.45131 1.35689
-2.45234 1.39091
-2.45227 1.42363
-2.45111 1.45511
-2.48040 1.47243
-2.50946 1.48864
-2.50978 1.45620
-2.50903 1.42254
-2.53814 1.47081
-2.56681 1.51776
-2.56633 1.55007
-2.56478 1.58128
-2.59195 1.62597
-2.61885 1.66968
-2.64878 1.68267
-2.67851 1.69459
-2.65091 1.65186
-2.62314 1.60819
-2.62366 1.57590
-2.62310 1.54254
-2.65192 1.58720
-2.68051 1.63082
-2.70894 1.67347
-2.73726 1.71522
-2.73588 1.74684
-2.73338 1.77753
-2.76076 1.81785
-2.78816 1.85746
-2.81945 1.86644
-2.85050 1.87433
-2.88127 1.88110
-2.91171 1.88676
-2.88231 1.84905
-2.85308 1.81064
-2.82359 1.80400
-2.79378 1.79626
-2.79490 1.76436
-2.79490 1.73156
-2.82324 1.73810
-2.85121 1.74356
-2.84867 1.70870
-2.84508 1.67293
-2.81468 1.63244
-2.78423 1.59097
-2.75366 1.54845
-2.72292 1.50483
-2.72797 1.54254
-2.73197 1.57913
-2.76188 1.62166
-2.79168 1.66320
-2.76440 1.65672
-2.73676 1.64916
-2.70756 1.60658
-2.67820 1.56299
-2.67543 1.52746
-2.67159 1.49080
-2.64099 1.44482
-2.61001 1.39747
-2.61494 1.43559
-2.61875 1.47243
-2.59180 1.46161
-2.56452 1.44969
-2.56174 1.41383
-2.55784 1.37667
-2.55280 1.33813
-2.54659 1.29811
-2.57188 1.30816
-2.59675 1.31706
-2.62893 1.36624
-2.66063 1.41383
-2.68532 1.42037
-2.70957 1.42581
-2.67759 1.37941
-2.64518 1.33149
-2.63568 1.28804
-2.62494 1.24291
-2.65864 1.29308
-2.69177 1.34145
-2.72442 1.38818
-2.75669 1.43342
-2.76517 1.47459
-2.77258 1.51453
-2.80376 1.55707
-2.83480 1.59850
-2.85939 1.60066
-2.88348 1.60173
-2.85199 1.56137
-2.82041 1.51992
-2.81165 1.47892
-2.80184 1.43668
-2.83412 1.47946
-2.86621 1.52100
-2.89817 1.56137
-2.93006 1.60066
-2.93871 1.64053
-2.94639 1.67942
-2.92182 1.67942
-2.89673 1.67834
-2.90185 1.71522
-2.90594 1.75121
-2.90900 1.78634
-2.91099 1.82062
-2.93934 1.82396
-2.96723 1.82618
-2.96353 1.79074
-2.95881 1.75449
-2.99004 1.79130
-3.02147 1.82729
-3.02593 1.86307
-3.02936 1.89810
-3.00066 1.89696
-2.97145 1.89469
-2.97191 1.92780
-2.97122 1.96016
-3.00234 1.96365
-3.03300 1.96598
-3.06434 2.00064
-3.09612 2.03465
-3.06434 2.03345
-3.03205 2.03105
-2.99932 2.02745
-2.96620 2.02265
-2.93685 1.98648
-2.90783 1.94972
-2.87566 1.94277
-2.84323 1.93470
-2.83775 1.96365
-2.83099 1.99178
-2.82289 2.01907
-2.81343 2.04551
-2.84921 2.05643
-2.88493 2.06619
-2.89266 2.03827
-2.89903 2.00954
-2.92733 2.04612
-2.95598 2.08216
-2.94876 2.11078
-2.94007 2.13862
-2.90260 2.12971
-2.86510 2.11958
-2.85289 2.14501
-2.83907 2.16956
-2.82358 2.19321
-2.80635 2.21591
-2.84749 2.22945
-2.88892 2.24175
-2.90432 2.21726
-2.91792 2.19188
-2.94492 2.22741
-2.97241 2.26254
-2.95734 2.28796
-2.94026 2.31250
-2.96666 2.34736
-2.99368 2.38190
-3.04128 2.39132
-3.08909 2.39924
-3.13694 2.40563
-3.18466 2.41046
-3.15094 2.37800
-3.11836 2.34510
-3.07382 2.33910
-3.02920 2.33164
-3.04366 2.30522
-3.05610 2.27801
-3.09777 2.28368
-3.13916 2.28796
-3.14674 2.25835
-3.15262 2.22809
-3.11995 2.19519
-3.08802 2.16177
-3.08250 2.19188
-3.07541 2.22131
-3.03628 2.21591
-2.99692 2.20919
-3.00656 2.18133
-3.01458 2.15272
-3.02106 2.12337
-3.02609 2.09330
-3.06062 2.09703
-3.09471 2.09952
-3.12689 2.13288
-3.15973 2.16566
-3.19472 2.16566
-3.22901 2.16436
-3.19479 2.13288
-3.16127 2.10077
-3.16017 2.06742
-3.15790 2.03345
-3.19125 2.06558
-3.22520 2.09703
-3.25983 2.12780
-3.29520 2.15788
-3.29817 2.19188
-3.29993 2.22537
-3.26425 2.22809
-3.22774 2.22945
-3.22496 2.26114
-3.22061 2.29225
-3.21456 2.32276
-3.20666 2.35265
-3.25010 2.35417
-3.29286 2.35417
-3.29699 2.32276
-3.29946 2.29082
-3.33696 2.32055
-3.37572 2.34962
-3.37393 2.38190
-3.37041 2.41369
-3.41156 2.44246
-3.45451 2.47052
-3.50101 2.46535
-3.54584 2.45850
-3.50076 2.43249
-3.45748 2.40563
-3.45649 2.37257
-3.45407 2.33910
-3.49572 2.36563
-3.53883 2.39132
-3.58349 2.41611
-3.62981 2.43996
-3.63648 2.47399
-3.64195 2.50775
-3.69328 2.53083
-3.74699 2.55275
-3.79173 2.53932
-3.83336 2.52429
-3.87187 2.50775
-3.90727 2.48979
-3.85456 2.47312
-3.80332 2.45510
-3.76687 2.47052
-3.72779 2.48449
-3.71694 2.45002
-3.70539 2.41530
-3.73985 2.40084
-3.77204 2.38503
-3.75597 2.34962
-3.73964 2.31396
-3.69602 2.29440
-3.65334 2.27377
-3.61159 2.25210
-3.57075 2.22945
-3.58246 2.26533
-3.59350 2.30088
-3.63640 2.32350
-3.68043 2.34510
-3.64787 2.35874
-3.61338 2.37102
-3.56948 2.34736
-3.52691 2.32276
-3.51941 2.28796
-3.51099 2.25279
-3.47128 2.22741
-3.43253 2.20118
-3.43949 2.23627
-3.44546 2.27095
-3.41069 2.27801
-3.37471 2.28368
-3.37217 2.25002
-3.36842 2.21591
-3.36356 2.18133
-3.35767 2.14630
-3.38734 2.13862
-3.41589 2.12971
-3.45340 2.15595
-3.49169 2.18133
-3.51928 2.16956
-3.54551 2.15659
-3.50714 2.13288
-3.46945 2.10827
-3.45734 2.07109
-3.44459 2.03345
-3.48105 2.05826
-3.51805 2.08216
-3.55560 2.10514
-3.59373 2.12717
-3.60927 2.16436
-3.62439 2.20118
-3.66492 2.22198
-3.70620 2.24175
-3.73000 2.22402
-3.75207 2.20518
-3.71162 2.18726
-3.67175 2.16826
-3.65414 2.13098
-3.63626 2.09330
-3.67432 2.11266
-3.71283 2.13098
-3.75176 2.14822
-3.79108 2.16436
-3.81278 2.20118
-3.83454 2.23764
-3.81369 2.25835
-3.79095 2.27801
-3.81031 2.31396
-3.82964 2.34962
-3.84898 2.38503
-3.86834 2.42018
-3.89698 2.40084
-3.92312 2.38034
-3.90065 2.34510
-3.87843 2.30958
-3.92309 2.32350
-3.96826 2.33611
-3.99363 2.37102
-4.01955 2.40563
-4.06862 2.41611
-4.11806 2.42508
-4.13629 2.39924
-4.15207 2.37257
-4.10590 2.36563
-4.05978 2.35721
-4.03184 2.32276
-4.00454 2.28796
-4.04767 2.29728
-4.09086 2.30522
-4.13399 2.31177
-4.17694 2.31688
-4.20989 2.34962
-4.24395 2.38190
-4.28933 2.38424
-4.33411 2.38503
-4.34006 2.35417
-4.34419 2.32276
-4.34666 2.29082
-4.34760 2.25835
-4.31029 2.26044
-4.27216 2.26114
-4.26781 2.29225
-4.26176 2.32276
-4.22735 2.29082
-4.19394 2.25835
-4.19982 2.22809
-4.20412 2.19718
-4.24052 2.19785
-4.27625 2.19718
-4.27621 2.16436
-4.27490 2.13098
-4.27240 2.09703
-4.26879 2.06253
-4.23845 2.06558
-4.20737 2.06742
-4.20847 2.10077
-4.20835 2.13352
-4.17548 2.10077
-4.14324 2.06742
-4.14332 2.03465
-4.14221 2.00123
-4.11037 1.96715
-4.07893 1.93240
-4.04926 1.93068
-4.01911 1.92780
-3.98853 1.92379
-3.95756 1.91863
-3.98690 1.95551
-4.01653 1.99178
-4.04864 1.99591
-4.08033 1.99887
-4.07925 2.03105
-4.07693 2.06253
-4.04312 2.05826
-4.00897 2.05279
-4.00318 2.08216
-3.99596 2.11078
-4.02462 2.14630
-4.05376 2.18133
-4.06178 2.15272
-4.06826 2.12337
-4.10396 2.12780
-4.13926 2.13098
-4.13522 2.16177
-4.12970 2.19188
-4.12261 2.22131
-4.11384 2.25002
-4.07338 2.24381
-4.03277 2.23627
-4.00464 2.20118
-3.97701 2.16566
-3.93853 2.15595
-3.90009 2.14501
-3.92563 2.18133
-3.95151 2.21726
-3.93612 2.24175
-3.91887 2.26533
-3.89469 2.22945
-3.87077 2.19321
-3.84707 2.15659
-3.82353 2.11958
-3.83739 2.09579
-3.84974 2.07109
-3.88635 2.08278
-3.92296 2.09330
-3.93213 2.06619
-3.93986 2.03827
-3.94623 2.00954
-3.95126 1.98002
-3.91821 1.97241
-3.88495 1.96365
-3.87819 1.99178
-3.87009 2.01907
-3.84397 1.98119
-3.81798 1.94278
-3.82500 1.91520
-3.83078 1.88676
-3.80385 1.84737
-3.77695 1.80732
-3.74577 1.79571
-3.71444 1.78303
-3.74035 1.82396
-3.76622 1.86419
-3.75906 1.89129
-3.75068 1.91749
-3.72598 1.87771
-3.70124 1.83732
-3.67640 1.79626
-3.65142 1.75449
-3.65740 1.72720
-3.66228 1.69893
-3.63594 1.65564
-3.60936 1.61142
-3.57939 1.59581
-3.54924 1.57913
-3.51894 1.56137
-3.48848 1.54254
-3.51394 1.58881
-3.53899 1.63406
-3.56999 1.65186
-3.60088 1.66860
-3.59501 1.69568
-3.58806 1.72175
-3.55629 1.70382
-3.52448 1.68484
-3.50078 1.64053
-3.47669 1.59527
-3.44540 1.57429
-3.41401 1.55223
-3.38253 1.52908
-3.35095 1.50483
-3.37420 1.55223
-3.39687 1.59850
-3.42882 1.62166
-3.46074 1.64376
-3.45122 1.66644
-3.44066 1.68809
-3.40818 1.66482
-3.37573 1.64053
-3.36368 1.65996
-3.35065 1.67834
-3.36968 1.72175
-3.38817 1.76436
-3.40614 1.80621
-3.42360 1.84737
-3.43996 1.83063
-3.45525 1.81286
-3.43608 1.77094
-3.41646 1.72829
-3.44949 1.75176
-3.48262 1.77424
-3.50300 1.81618
-3.52300 1.85746
-3.55713 1.87828
-3.59143 1.89810
-3.60436 1.87659
-3.61610 1.85409
-3.58260 1.83565
-3.54918 1.81618
-3.52760 1.77424
-3.50569 1.73156
-3.53826 1.75176
-3.57084 1.77094
-3.60345 1.78909
-3.63606 1.80621
-3.65976 1.84737
-3.68332 1.88789
-3.67253 1.91177
-3.66051 1.93470
-3.68248 1.97416
-3.70432 2.01311
-3.71789 1.99060
-3.73012 1.96715
-3.76506 1.98178
-3.80006 1.99532
-3.78910 2.02026
-3.77675 2.04430
-3.76299 2.06742
-3.74776 2.08958
-3.71028 2.07293
-3.67309 2.05522
-3.65298 2.01668
-3.63268 1.97767
-3.59720 1.95842
-3.56198 1.93816
-3.52700 1.91691
-3.49229 1.89469
-3.51018 1.93470
-3.52768 1.97416
-3.56351 1.99591
-3.59969 2.01668
-3.58125 2.03465
-3.56149 2.05157
-3.52478 2.02924
-3.48853 2.00598
-3.47303 1.96715
-3.45704 1.92780
-3.42222 1.90322
-3.38772 1.87771
-3.40280 1.91749
-3.41731 1.95668
-3.39580 1.96949
-3.37321 1.98119
-3.36079 1.94278
-3.34770 1.90379
-3.33396 1.86419
-3.31959 1.82396
-3.33821 1.81064
-3.35585 1.79626
-3.33906 1.75449
-3.32169 1.71196
-3.28864 1.68430
-3.25569 1.65564
-3.22281 1.62597
-3.18999 1.59527
-3.20670 1.63945
-3.22268 1.68267
-3.25573 1.71251
-3.28893 1.74138
-3.27117 1.75449
-3.25250 1.76655
-3.21927 1.73646
-3.18622 1.70544
-3.16675 1.71522
-3.14649 1.72393
-3.15825 1.76436
-3.16920 1.80400
-3.17933 1.84290
-3.18862 1.88110
-3.21262 1.87433
-3.23578 1.86644
-3.22454 1.82729
-3.21252 1.78744
-3.24588 1.81785
-3.27951 1.84737
-3.29196 1.88676
-3.30369 1.92551
-3.28026 1.93470
-3.25591 1.94278
-3.26474 1.98002
-3.27272 2.01668
-3.29930 2.00954
-3.32493 2.00123
-3.36020 2.02924
-3.39602 2.05643
-3.37006 2.06619
-3.34303 2.07477
-3.31498 2.08216
-3.28595 2.08834
-3.25113 2.05826
-3.21691 2.02745
-3.21124 1.99178
-3.20461 1.95551
-3.17125 1.92379
-3.13829 1.89129
-3.14468 1.92780
-3.15011 1.96365
-3.12177 1.96599
-3.09277 1.96715
-3.08946 1.93240
-3.08510 1.89696
-3.07974 1.86082
-3.07341 1.82396
-3.09842 1.82062
-3.12274 1.81618
-3.11363 1.77753
-3.10365 1.73810
-3.07116 1.70382
-3.03881 1.66860
-3.04882 1.70870
-3.05793 1.74793
-3.03406 1.75121
-3.00957 1.75340
-3.00217 1.71522
-2.99383 1.67618
-2.98454 1.63621
-2.97432 1.59527
-2.99553 1.59097
-3.01608 1.58559
-3.04857 1.62166
-3.08111 1.65672
-3.10119 1.64916
-3.12053 1.64053
-3.13910 1.63082
-3.15688 1.62004
-3.12407 1.58720
-3.09128 1.55330
-3.07358 1.56299
-3.05513 1.57160
-3.04082 1.52746
-3.02560 1.48216
-3.04247 1.47243
-3.05860 1.46161
-3.09153 1.49674
-3.12439 1.53069
-3.13974 1.51776
-3.15428 1.50375
-3.12146 1.47081
-3.08853 1.43668
-3.06924 1.38763
-3.04896 1.33702
-3.08222 1.37283
-3.11525 1.40730
-3.14811 1.44048
-3.18082 1.47243
-3.20066 1.51992
-3.21972 1.56621
-3.25242 1.59581
-3.28512 1.62435
-3.29846 1.60712
-3.31087 1.58881
-3.32233 1.56944
-3.33284 1.54900
-3.30073 1.52261
-3.26855 1.49512
-3.25771 1.51453
-3.24595 1.53285
-3.22530 1.48540
-3.20388 1.43668
-3.21406 1.41710
-3.22333 1.39638
-3.19946 1.34476
-3.17465 1.29141
-3.14202 1.25935
-3.10904 1.22581
-3.07566 1.19070
-3.04182 1.15392
-3.06784 1.21205
-3.09256 1.26781
-3.12566 1.30203
-3.15846 1.33481
-3.14898 1.35469
-3.13861 1.37338
-3.10567 1.33979
-3.07247 1.30481
-3.04947 1.25086
-3.02525 1.19476
-2.99091 1.15568
-2.95601 1.11473
-2.98128 1.17384
-3.00509 1.23038
-2.99374 1.24632
-2.98156 1.26104
-2.95944 1.20630
-2.93595 1.14920
-2.91092 1.08940
-2.88411 1.02640
-2.89263 1.00742
-2.90021 0.98692
-2.93677 1.03205
-2.97247 1.07477
-2.97927 1.05261
-2.98507 1.02891
-2.94916 0.98627
-2.91231 0.94106
-2.87850 0.86710
-2.84133 0.78664
-2.88144 0.83925
-2.91999 0.88809
-2.95725 0.93372
-2.99345 0.97656
-3.02499 1.04392
-3.05458 1.10752
-3.08841 1.14389
-3.12171 1.17850
-3.12654 1.15274
-3.13033 1.12549
-3.09708 1.09122
-3.06325 1.05509
-3.03134 0.98821
-2.99715 0.91688
-3.03274 0.95761
-3.06743 0.99592
-3.10135 1.03205
-3.13459 1.06619
-3.16571 1.12907
-3.19533 1.18896
-3.19169 1.21664
-3.18701 1.24291
-3.21354 1.29812
-3.23904 1.35138
-3.26364 1.40293
-3.28743 1.45295
-3.29544 1.43016
-3.30247 1.40620
-3.27711 1.35469
-3.25087 1.30147
-3.28235 1.32872
-3.31357 1.35469
-3.33972 1.40621
-3.36512 1.45620
-3.39619 1.47946
-3.42711 1.50159
-3.43212 1.47460
-3.43610 1.44644
-3.40579 1.42527
-3.37527 1.40293
-3.34833 1.35138
-3.32057 1.29812
-3.35107 1.32206
-3.38129 1.34476
-3.41123 1.36624
-3.44090 1.38654
-3.46879 1.43668
-3.49609 1.48540
-3.52578 1.50321
-3.55525 1.51992
-3.55665 1.48864
-3.55698 1.45620
-3.55623 1.42255
-3.55437 1.38763
-3.52660 1.37283
-3.49851 1.35689
-3.49954 1.39091
-3.49947 1.42363
-3.47076 1.37338
-3.44139 1.32151
-3.43996 1.28693
-3.43737 1.25086
-3.40550 1.19476
-3.37254 1.13620
-3.34386 1.11533
-3.31472 1.09304
-3.28508 1.06926
-3.25491 1.04392
-3.28893 1.10753
-3.32146 1.16800
-3.35103 1.19070
-3.38020 1.21205
-3.38218 1.24745
-3.38300 1.28132
-3.35332 1.25935
-3.32329 1.23608
-3.29278 1.17850
-3.26104 1.11832
-3.23012 1.09122
-3.19869 1.06250
-3.23114 1.12549
-3.26214 1.18548
-3.26094 1.21664
-3.25865 1.24632
-3.22962 1.18896
-3.19934 1.12907
-3.16758 1.06619
-3.13406 0.99976
-3.13182 0.96352
-3.12812 0.92499
-3.16086 0.95761
-3.19286 0.98821
-3.18778 0.94771
-3.18108 0.90462
-3.14891 0.87344
-3.11584 0.83997
-3.07236 0.75576
-3.02389 0.66147
-3.06054 0.70328
-3.09565 0.74153
-3.12944 0.77671
-3.16211 0.80919
-3.20409 0.88809
-3.24311 0.96090
-3.27310 0.98628
-3.30248 1.00997
-3.29403 0.96483
-3.28385 0.91688
-3.25459 0.89293
-3.22459 0.86710
-3.18130 0.78664
-3.13375 0.69744
-3.16623 0.72950
-3.19758 0.75890
-3.22791 0.78588
-3.25732 0.81068
-3.30024 0.88809
-3.34035 0.95958
-3.35077 1.00742
-3.35952 1.05261
-3.39471 1.11473
-3.42855 1.17384
-3.46128 1.23038
-3.49306 1.28468
-3.48857 1.24632
-3.48284 1.20630
-3.44924 1.14921
-3.41447 1.08940
-3.44120 1.10572
-3.46744 1.12072
-3.50196 1.17850
-3.53545 1.23380
-3.54198 1.27457
-3.54728 1.31373
-3.57840 1.36459
-3.60894 1.41383
-3.60504 1.37667
-3.60000 1.33813
-3.62578 1.34862
-3.65116 1.35799
-3.65722 1.39747
-3.66213 1.43559
-3.66595 1.47243
-3.66866 1.50806
-3.64119 1.49674
-3.61341 1.48432
-3.61401 1.51777
-3.61353 1.55007
-3.64127 1.59527
-3.66873 1.63945
-3.69598 1.68267
-3.72307 1.72502
-3.72571 1.69459
-3.72725 1.66320
-3.69915 1.62004
-3.67085 1.57590
-3.69912 1.58720
-3.72709 1.59743
-3.75599 1.64053
-3.78475 1.68267
-3.78446 1.71522
-3.78308 1.74684
-3.81090 1.78744
-3.83874 1.82729
-3.86665 1.86644
-3.89467 1.90493
-3.89770 1.87433
-3.89956 1.84290
-3.87079 1.80400
-3.84209 1.76436
-3.87116 1.77149
-3.89989 1.77753
-3.92943 1.81618
-3.95911 1.85409
-3.98831 1.85802
-4.01708 1.86082
-4.01443 1.82618
-4.01073 1.79075
-4.00601 1.75450
-4.00029 1.71740
-3.97493 1.71686
-3.94904 1.71522
-3.95314 1.75121
-3.95620 1.78634
-3.92599 1.74793
-3.89587 1.70870
-3.89228 1.67293
-3.88765 1.63621
-3.85694 1.59527
-3.82613 1.55330
-3.80086 1.54846
-3.77517 1.54254
-3.80550 1.58559
-3.83568 1.62759
-3.83888 1.66320
-3.84103 1.69785
-3.81160 1.65672
-3.78209 1.61466
-3.75246 1.57160
-3.72263 1.52746
-3.71879 1.49080
-3.71386 1.45295
-3.73913 1.45999
-3.76399 1.46594
-3.75677 1.42581
-3.74844 1.38435
-3.72479 1.37941
-3.70068 1.37338
-3.66839 1.32484
-3.63553 1.27457
-3.65944 1.28188
-3.68288 1.28805
-3.70584 1.29309
-3.72831 1.29700
-3.76154 1.34476
-3.79431 1.39091
-3.80389 1.43342
-3.81237 1.47459
-3.84393 1.51777
-3.87532 1.55976
-3.90659 1.60066
-3.93781 1.64053
-3.93068 1.60173
-3.92255 1.56191
-3.89077 1.52100
-3.85885 1.47892
-3.88132 1.47946
-3.90325 1.47892
-3.93550 1.51992
-3.96763 1.55976
-3.97725 1.60066
-3.98591 1.64053
-4.01760 1.67834
-4.04937 1.71522
-4.04103 1.67618
-4.03174 1.63621
-4.05374 1.63244
-4.07509 1.62759
-4.08601 1.66860
-4.09602 1.70870
-4.10513 1.74793
-4.11333 1.78634
-4.08858 1.78909
-4.06320 1.79075
-4.06867 1.82729
-4.07313 1.86307
-4.10472 1.89810
-4.13665 1.93240
-4.16897 1.96599
-4.20173 1.99887
-4.19731 1.96365
-4.19188 1.92780
-4.15923 1.89469
-4.12694 1.86082
-4.15289 1.85802
-4.17817 1.85409
-4.21104 1.88676
-4.24426 1.91863
-4.26927 1.91234
-4.29344 1.90493
-4.28298 1.86644
-4.27174 1.82729
-4.25972 1.78744
-4.24695 1.74684
-4.22660 1.75614
-4.20545 1.76436
-4.21640 1.80400
-4.22653 1.84290
-4.19355 1.81064
-4.16083 1.77753
-4.15085 1.73810
-4.14001 1.69785
-4.16093 1.69080
-4.18111 1.68267
-4.16773 1.64053
-4.15352 1.59743
-4.13501 1.60658
-4.11575 1.61466
-4.08315 1.57913
-4.05055 1.54254
-4.06963 1.53554
-4.08802 1.52746
-4.10567 1.51830
-4.12259 1.50806
-4.15542 1.54254
-4.18823 1.57590
-4.20408 1.62004
-4.21913 1.66320
-4.25207 1.69459
-4.28514 1.72502
-4.26988 1.68267
-4.25390 1.63945
-4.27001 1.62597
-4.28525 1.61142
-4.30289 1.65564
-4.31984 1.69893
-4.33613 1.74138
-4.35178 1.78303
-4.33313 1.79571
-4.31355 1.80732
-4.32671 1.84737
-4.33916 1.88676
-4.37338 1.91520
-4.40798 1.94278
-4.39490 1.90379
-4.38116 1.86419
-4.40071 1.85129
-4.41927 1.83732
-4.43491 1.87771
-4.45000 1.91749
-4.46451 1.95668
-4.47844 1.99532
-4.45586 2.00776
-4.43216 2.01907
-4.39678 1.99178
-4.36189 1.96365
-4.33738 1.97241
-4.31194 1.98002
-4.28561 1.98648
-4.25844 1.99178
-4.29245 2.02265
-4.32701 2.05278
-4.35478 2.04612
-4.38159 2.03827
-4.39023 2.07477
-4.39800 2.11078
-4.36864 2.11769
-4.33830 2.12337
-4.34240 2.15788
-4.34537 2.19188
-4.38189 2.22131
-4.41937 2.25002
-4.41562 2.21591
-4.41076 2.18133
-4.44187 2.17413
-4.47184 2.16566
-4.47973 2.20118
-4.48669 2.23627
-4.49266 2.27095
-4.49755 2.30522
-4.46096 2.31177
-4.42313 2.31688
-4.42292 2.34962
-4.42113 2.38190
-4.46178 2.41046
-4.50409 2.43829
-4.54821 2.46535
-4.59432 2.49157
-4.59303 2.45850
-4.59021 2.42508
-4.54615 2.39924
-4.50369 2.37257
-4.54292 2.36563
-4.58062 2.35721
-4.62420 2.38190
-4.66927 2.40563
-4.67700 2.43995
-4.68368 2.47399
-4.73332 2.49692
-4.78503 2.51873
-4.83892 2.53932
-4.89504 2.55859
-4.88056 2.52429
-4.86571 2.48979
-4.81407 2.47052
-4.76414 2.45002
-4.80080 2.43580
-4.83502 2.42018
-4.88434 2.43829
-4.93496 2.45510
-4.96538 2.43580
-4.99310 2.41530
-4.97032 2.38033
-4.94785 2.34510
-4.92563 2.30958
-4.90361 2.27376
-4.88157 2.29440
-4.85750 2.31396
-4.87684 2.34962
-4.89618 2.38503
-4.84916 2.36793
-4.80317 2.34962
-4.78684 2.31396
-4.77025 2.27801
-4.72785 2.25835
-4.68628 2.23764
-4.65879 2.25210
-4.62966 2.26533
-4.67148 2.28796
-4.71433 2.30958
-4.72763 2.34510
-4.74040 2.38033
-4.69507 2.35874
-4.65103 2.33611
-4.60823 2.31250
-4.56661 2.28796
-4.55819 2.25279
-4.54893 2.21726
-4.57799 2.20584
-4.60562 2.19321
-4.59271 2.15659
-4.57924 2.11958
-4.55434 2.13288
-4.52811 2.14501
-4.49048 2.11958
-4.45354 2.09330
-4.47962 2.08278
-4.50454 2.07109
-4.52825 2.05826
-4.55073 2.04430
-4.58762 2.06742
-4.62501 2.08958
-4.64093 2.12717
-4.65646 2.16436
-4.69605 2.18528
-4.73630 2.20518
-4.77720 2.22401
-4.81874 2.24175
-4.79926 2.20518
-4.77970 2.16826
-4.74027 2.15015
-4.70133 2.13098
-4.72152 2.11266
-4.74023 2.09330
-4.77825 2.11078
-4.81662 2.12717
-4.83828 2.16436
-4.85998 2.20117
-4.90075 2.21591
-4.94189 2.22944
-4.91797 2.19320
-4.89427 2.15659
-4.90893 2.13288
-4.92200 2.10827
-4.94728 2.14501
-4.97283 2.18133
-4.99871 2.21726
-5.02499 2.25279
-5.00877 2.27730
-4.99057 2.30088
-5.01546 2.33610
-5.04083 2.37102
-5.08808 2.38189
-5.13568 2.39132
-5.18348 2.39924
-5.23134 2.40563
-5.19926 2.37257
-5.16821 2.33909
-5.12359 2.33164
-5.07903 2.32276
-5.09487 2.29728
-5.10867 2.27095
-5.15050 2.27801
-5.19216 2.28368
-5.22414 2.31688
-5.25709 2.34962
-5.30106 2.35265
-5.34450 2.35417
-5.38726 2.35417
-5.42918 2.35265
-5.39139 2.32276
-5.35482 2.29225
-5.31501 2.29225
-5.27454 2.29081
-5.28054 2.26044
-5.28489 2.22944
-5.32214 2.22944
-5.35865 2.22808
-5.35843 2.19519
-5.35693 2.16176
-5.32210 2.13097
-5.28800 2.09952
-5.25456 2.06741
-5.22172 2.03465
-5.22280 2.06803
-5.22268 2.10077
-5.25555 2.13352
-5.28911 2.16566
-5.25413 2.16566
-5.21853 2.16436
-5.18646 2.13097
-5.15501 2.09703
-5.12048 2.09330
-5.08558 2.08834
-5.07943 2.11769
-5.07181 2.14629
-5.10898 2.15272
-5.14587 2.15788
-5.17690 2.19188
-5.20862 2.22537
-5.16981 2.22131
-5.13067 2.21591
-5.09132 2.20919
-5.05183 2.20117
-5.02420 2.16566
-4.99700 2.12971
-5.00671 2.10264
-5.01493 2.07477
-4.98706 2.03826
-4.95949 2.00123
-4.95223 2.02924
-4.94360 2.05643
-4.90783 2.04551
-4.87204 2.03345
-4.88228 2.00775
-4.89117 1.98119
-4.89872 1.95377
-4.90500 1.92550
-4.93763 1.93470
-4.97005 1.94277
-4.99846 1.98002
-5.02714 2.01668
-5.06059 2.02265
-5.09372 2.02744
-5.12645 2.03104
-5.15874 2.03345
-5.12752 1.99886
-5.09673 1.96365
-5.06561 1.96016
-5.03409 1.95551
-5.03572 1.92378
-5.03618 1.89129
-5.06584 1.89469
-5.09505 1.89696
-5.09256 1.86251
-5.08901 1.82729
-5.05793 1.79074
-5.02702 1.75340
-5.03090 1.78909
-5.03373 1.82395
-5.00539 1.82062
-4.97662 1.81618
-4.97544 1.78248
-4.97319 1.74793
-4.96988 1.71250
-4.96554 1.67618
-4.99113 1.67834
-5.01622 1.67942
-5.00932 1.64106
-5.00144 1.60173
-4.96974 1.56191
-4.93797 1.52099
-4.90605 1.47892
-4.87392 1.43559
-4.88306 1.47729
-4.89113 1.51776
-4.92251 1.55975
-4.95378 1.60065
-4.92920 1.59850
-4.90413 1.59527
-4.87333 1.55330
-4.84236 1.51022
-4.83560 1.47081
-4.82776 1.43015
-4.79564 1.38434
-4.76311 1.33702
-4.73008 1.28804
-4.69644 1.23722
-4.70664 1.28187
-4.71558 1.32484
-4.74788 1.37338
-4.77972 1.42037
-4.75503 1.41383
-4.72992 1.40620
-4.69836 1.35799
-4.66628 1.30816
-4.64098 1.29811
-4.61528 1.28692
-4.62102 1.32650
-4.62559 1.36459
-4.62902 1.40129
-4.63133 1.43667
-4.65892 1.44969
-4.68620 1.46161
-4.68291 1.42526
-4.67851 1.38763
-4.70933 1.43559
-4.73975 1.48216
-4.74301 1.51830
-4.74520 1.55330
-4.77429 1.59743
-4.80318 1.64052
-4.83115 1.64916
-4.85879 1.65672
-4.82929 1.61465
-4.79966 1.57159
-4.79629 1.53554
-4.79185 1.49835
-4.82237 1.54253
-4.85269 1.58558
-4.88288 1.62758
-4.91298 1.66860
-4.91584 1.70381
-4.91764 1.73810
-4.88930 1.73155
-4.86063 1.72393
-4.85992 1.75614
-4.85810 1.78744
-4.88818 1.79626
-4.91798 1.80400
-4.94676 1.84290
-4.97566 1.88110
-4.94490 1.87433
-4.91385 1.86644
-4.88255 1.85745
-4.85105 1.84737
-4.82415 1.80732
-4.79724 1.76655
-4.80038 1.73646
-4.80241 1.70544
-4.77445 1.66320
-4.74635 1.62004
-4.71805 1.57590
-4.68949 1.53069
-4.68952 1.56352
-4.68847 1.59527
-4.71593 1.63945
-4.74318 1.68267
-4.71325 1.66968
-4.68314 1.65564
-4.65655 1.61142
-4.62968 1.56621
-4.59998 1.55007
-4.57008 1.53285
-4.56614 1.56137
-4.56113 1.58881
-4.59184 1.60711
-4.62242 1.62435
-4.64807 1.66860
-4.67346 1.71196
-4.64221 1.69568
-4.61087 1.67834
-4.57946 1.65996
-4.54798 1.64052
-4.52388 1.59527
-4.49934 1.54899
-4.46827 1.52746
-4.43706 1.50483
-4.42973 1.52907
-4.42140 1.55222
-4.41208 1.57429
-4.40177 1.59527
-4.43400 1.62004
-4.46621 1.64376
-4.47602 1.62166
-4.48482 1.59850
-4.50794 1.64376
-4.53062 1.68809
-4.52036 1.71033
-4.50905 1.73155
-4.52982 1.77424
-4.55019 1.81618
-4.58385 1.83732
-4.61764 1.85746
-4.65156 1.87658
-4.68559 1.89469
-4.66330 1.85409
-4.64079 1.81285
-4.60777 1.79406
-4.57480 1.77424
-4.58545 1.75176
-4.59502 1.72829
-4.62720 1.74684
-4.65937 1.76436
-4.68326 1.80621
-4.70696 1.84737
-4.74008 1.86307
-4.77318 1.87771
-4.74844 1.83732
-4.72360 1.79626
-4.73018 1.76929
-4.73563 1.74138
-4.76164 1.78303
-4.78755 1.82396
-4.81341 1.86419
-4.83928 1.90379
-4.83155 1.93067
-4.82255 1.95668
-4.78824 1.94277
-4.75395 1.92780
-4.74245 1.95145
-4.72967 1.97416
-4.76508 1.99060
-4.80063 2.00597
-4.82395 2.04430
-4.84730 2.08216
-4.81018 2.06742
-4.77327 2.05157
-4.73659 2.03465
-4.70017 2.01668
-4.67988 1.97767
-4.65937 1.93816
-4.62451 1.91863
-4.58985 1.89810
-4.57420 1.91691
-4.55738 1.93470
-4.59263 1.95668
-4.62818 1.97767
-4.64689 2.01668
-4.66531 2.05522
-4.62845 2.03465
-4.59198 2.01311
-4.55590 1.99060
-4.52022 1.96715
-4.50424 1.92780
-4.48776 1.88789
-4.50502 1.87151
-4.52118 1.85409
-4.50245 1.81285
-4.48328 1.77094
-4.46366 1.72829
-4.44355 1.68484
-4.43071 1.70382
-4.41688 1.72175
-4.43537 1.76436
-4.45334 1.80621
-4.41971 1.78083
-4.38626 1.75449
-4.36889 1.71196
-4.35092 1.66860
-4.36506 1.65186
-4.37826 1.63405
-4.35807 1.58881
-4.33724 1.54254
-4.32562 1.56137
-4.31307 1.57913
-4.28048 1.55007
-4.24786 1.51992
-4.26062 1.50321
-4.27250 1.48540
-4.28347 1.46648
-4.29353 1.44644
-4.32566 1.47459
-4.35767 1.50159
-4.36645 1.47946
-4.37426 1.45620
-4.34967 1.40620
-4.32431 1.35469
-4.29807 1.30147
-4.27086 1.24632
-4.26630 1.27288
-4.26073 1.29811
-4.28624 1.35138
-4.31084 1.40293
-4.27886 1.37448
-4.24666 1.34476
-4.22185 1.29140
-4.19598 1.23608
-4.16306 1.20284
-4.12972 1.16800
-4.12286 1.19070
-4.11504 1.21205
-4.10630 1.23209
-4.09667 1.25086
-4.13015 1.28692
-4.16331 1.32151
-4.17286 1.30203
-4.18150 1.28131
-4.20566 1.33481
-4.22882 1.38653
-4.21853 1.40566
-4.20735 1.42363
-4.17456 1.39091
-4.14157 1.35689
-4.12942 1.37283
-4.11644 1.38763
-4.14950 1.42254
-4.18240 1.45620
-4.20147 1.50375
-4.21973 1.55007
-4.18694 1.51776
-4.15410 1.48432
-4.12116 1.44970
-4.08808 1.41383
-4.06939 1.36459
-4.04964 1.31373
-4.06263 1.29979
-4.07481 1.28468
-4.05229 1.23038
-4.02848 1.17384
-4.01798 1.19070
-4.00664 1.20630
-3.97185 1.16449
-3.93646 1.12071
-3.94771 1.10572
-3.95812 1.08940
-3.96765 1.07171
-3.97628 1.05261
-4.01190 1.09546
-4.04684 1.13619
-4.05465 1.11533
-4.06151 1.09304
-4.03226 1.02891
-4.00097 0.96090
-3.99636 0.98627
-3.99067 1.00996
-3.95398 0.96483
-3.91622 0.91688
-3.92153 0.89293
-3.92570 0.86710
-3.92864 0.83925
-3.93026 0.80919
-3.96918 0.85860
-4.00672 0.90462
-4.04064 0.97656
-4.07219 1.04392
-4.10665 1.08210
-4.14047 1.11832
-4.17374 1.15274
-4.20653 1.18548
-4.17753 1.12549
-4.14699 1.06249
-4.11312 1.02640
-4.07854 0.98821
-4.07994 0.95761
-4.08005 0.92499
-4.11489 0.96352
-4.14889 0.99976
-4.18179 1.06618
-4.21291 1.12906
-4.24509 1.15980
-4.27682 1.18896
-4.24654 1.12906
-4.21478 1.06618
-4.21389 1.03205
-4.21168 0.99592
-4.24589 1.06249
-4.27834 1.12549
-4.30933 1.18548
-4.33908 1.24291
-4.33697 1.27288
-4.33378 1.30147
-4.36077 1.35469
-4.38692 1.40620
-4.41791 1.43016
-4.44870 1.45295
-4.47932 1.47459
-4.50975 1.49512
-4.48330 1.44644
-4.45623 1.39638
-4.42600 1.37448
-4.39553 1.35138
-4.39827 1.32206
-4.39994 1.29140
-4.42989 1.31373
-4.45954 1.33481
-4.48810 1.38653
-4.51598 1.43667
-4.54551 1.45511
-4.57480 1.47243
-4.60385 1.48864
-4.63266 1.50375
-4.60418 1.45620
-4.57523 1.40729
-4.54674 1.39091
-4.51796 1.37338
-4.51730 1.33979
-4.51553 1.30481
-4.54356 1.32151
-4.57125 1.33702
-4.56755 1.29979
-4.56267 1.26104
-4.53004 1.20630
-4.49644 1.14920
-4.46167 1.08940
-4.42548 1.02640
-4.43445 1.07171
-4.44191 1.11473
-4.47575 1.17384
-4.50847 1.23038
-4.48078 1.21320
-4.45269 1.19475
-4.41974 1.13619
-4.38549 1.07477
-4.35653 1.05261
-4.32703 1.02891
-4.33227 1.06925
-4.33613 1.10752
-4.36593 1.13144
-4.39529 1.15392
-4.42739 1.21205
-4.45844 1.26781
-4.42938 1.24745
-4.39996 1.22581
-4.37016 1.20284
-4.33998 1.17850
-4.30823 1.11832
-4.27503 1.05508
-4.27139 1.01693
-4.26631 0.97656
-4.22828 0.90462
-4.18743 0.82688
-4.19610 0.87343
-4.20292 0.91688
-4.17005 0.88392
-4.13627 0.84860
-4.12896 0.80397
-4.11956 0.75576
-4.10774 0.70328
-4.09300 0.64553
-4.12896 0.68562
-4.16338 0.72220
-4.20931 0.80919
-4.25129 0.88808
-4.28198 0.91552
-4.31194 0.94106
-4.34123 0.96483
-4.36990 0.98692
-4.33104 0.91688
-4.28961 0.84141
-4.25950 0.81512
-4.22850 0.78664
-4.21343 0.72950
-4.19523 0.66670
-4.22712 0.69743
-4.25784 0.72545
-4.21267 0.63512