# sss file
-2.41196 0.63512
-2.49051 0.76452
-2.53271 0.87663
-2.50346 0.87491
-2.53711 0.97270
-2.59747 1.06586
-2.62808 1.06737
-2.59690 0.97590
-2.62438 0.97270
-2.68471 1.06133
-2.71467 1.14866
-2.77012 1.22566
-2.79790 1.21862
-2.85202 1.28959
-2.87693 1.36589
-2.84723 1.37263
-2.79458 1.30332
-2.76361 1.30607
-2.78341 1.37802
-2.74944 1.37667
-2.69753 1.30332
-2.67785 1.22987
-2.62277 1.14866
-2.58933 1.14285
-2.60951 1.21862
-2.66255 1.29784
-2.67774 1.36589
-2.64015 1.35642
-2.65107 1.41962
-2.69969 1.49150
-2.73914 1.50078
-2.78762 1.56826
-2.79514 1.62646
-2.75350 1.61720
-2.70663 1.54975
-2.66473 1.53653
-2.66757 1.59074
-2.71264 1.65827
-2.71168 1.70883
-2.66532 1.69150
-2.66017 1.73826
-2.70160 1.80302
-2.75057 1.82072
-2.75537 1.77323
-2.80212 1.78675
-2.84694 1.84811
-2.89409 1.85774
-2.89330 1.80574
-2.84662 1.74497
-2.84248 1.69017
-2.88383 1.69550
-2.93200 1.75572
-2.93746 1.81118
-2.98551 1.86879
-3.02948 1.87017
-3.02221 1.81390
-3.06251 1.81118
-3.11310 1.86464
-3.15245 1.85774
-3.13824 1.79759
-3.08714 1.74497
-3.05063 1.75169
-3.00046 1.69550
-2.98610 1.63308
-3.02011 1.62646
-3.00150 1.56033
-2.95044 1.50078
-2.92902 1.43031
-2.95734 1.41962
-3.00911 1.47956
-3.03191 1.54975
-3.08313 1.60529
-3.11195 1.59074
-3.16337 1.64236
-3.18595 1.70883
-3.15490 1.72353
-3.17342 1.78675
-3.22549 1.83576
-3.25894 1.82072
-3.23784 1.75707
-3.26689 1.73826
-3.31921 1.78269
-3.34318 1.84673
-3.39683 1.88821
-3.42546 1.86464
-3.47950 1.90216
-3.50647 1.96438
-3.47580 1.98884
-3.42024 1.95010
-3.38655 1.97011
-3.40590 2.02973
-3.46284 2.06995
-3.48192 2.12812
-3.43949 2.14535
-3.45347 2.20152
-3.51506 2.24140
-3.56128 2.22297
-3.54196 2.16597
-3.58109 2.14378
-3.64252 2.17718
-3.67743 2.15008
-3.64877 2.09115
-3.59004 2.05944
-3.56256 1.99899
-3.58962 1.97011
-3.64570 2.00044
-3.67732 2.06094
-3.73593 2.08811
-3.75969 2.05346
-3.81741 2.07598
-3.85517 2.13437
-3.83098 2.17076
-3.86700 2.22797
-3.93220 2.24817
-3.95626 2.20973
-3.91548 2.15325
-3.93360 2.11262
-3.99166 2.12657
-4.03640 2.18202
-4.09643 2.19174
-4.10644 2.14535
-4.16256 2.15008
-4.21397 2.20152
-4.20687 2.24987
-4.14510 2.24478
-4.13021 2.28959
-4.18001 2.34175
-4.15919 2.38506
-4.08582 2.37358
-4.04110 2.31986
-3.97193 2.30373
-3.94071 2.33990
-3.97885 2.39474
-4.05523 2.41243
-4.09958 2.46563
-4.05932 2.50240
-3.97431 2.48272
-3.92285 2.51357
-3.95410 2.56733
-3.88785 2.59469
-3.79586 2.56490
-3.77772 2.51132
-3.83843 2.48705
-3.81286 2.43250
-3.73698 2.40256
-3.68162 2.42441
-3.60911 2.38892
-3.59507 2.33440
-3.52877 2.29664
-3.47472 2.31087
-3.48138 2.36411
-3.54912 2.40453
-3.55494 2.45722
-3.48444 2.46774
-3.47950 2.51808
-3.55477 2.56007
-3.63542 2.54815
-3.72017 2.58460
-3.72682 2.63683
-3.63295 2.65067
-3.54685 2.61013
-3.45153 2.61538
-3.42540 2.66201
-3.31614 2.65915
-3.25208 2.61013
-3.28715 2.56733
-3.22737 2.51808
-3.14077 2.50908
-3.10151 2.54815
-3.15173 2.59979
-3.09880 2.63683
-2.99476 2.61801
-2.95784 2.56490
-2.86644 2.54109
-2.80202 2.56733
-2.71415 2.53643
-2.69719 2.48272
-2.75607 2.45931
-2.83741 2.48704
-2.88800 2.45722
-2.85437 2.40256
-2.89415 2.36978
-2.96860 2.38892
-3.01066 2.44271
-3.09107 2.45722
-3.12038 2.41641
-3.07152 2.36411
-2.99955 2.35100
-2.95666 2.29664
-2.98017 2.25668
-2.93685 2.20152
-2.87467 2.18525
-2.85049 2.22297
-2.78652 2.20152
-2.75148 2.14378
-2.77558 2.10800
-2.83499 2.12812
-2.85332 2.08811
-2.81262 2.02973
-2.75718 2.01064
-2.71865 1.95010
-2.73231 1.90915
-2.69234 1.84673
-2.64156 1.82481
-2.62797 1.86464
-2.66498 1.92743
-2.64670 1.96438
-2.59190 1.93733
-2.56928 1.97011
-2.60048 2.03120
-2.65819 2.05944
-2.69090 2.11880
-2.66144 2.15008
-2.60060 2.12035
-2.57241 2.06094
-2.51463 2.02825
-2.48257 2.05346
-2.50615 2.11262
-2.46799 2.13437
-2.40908 2.09573
-2.36781 2.11262
-2.38197 2.16916
-2.44226 2.20973
-2.48717 2.19174
-2.54976 2.22797
-2.56962 2.28433
-2.52059 2.30373
-2.53444 2.35847
-2.60468 2.39474
-2.61943 2.44890
-2.55484 2.46563
-2.48260 2.42643
-2.47655 2.37358
-2.41074 2.33257
-2.35052 2.34175
-2.28971 2.29664
-2.28848 2.24478
-2.34267 2.23635
-2.33441 2.18202
-2.27692 2.13750
-2.22771 2.14535
-2.23130 2.19825
-2.17635 2.20152
-2.12303 2.15166
-2.06817 2.15008
-2.06135 2.19825
-2.11248 2.24987
-2.10132 2.29664
-2.03582 2.28959
-1.98808 2.23635
-2.00204 2.19174
-1.95497 2.13750
-1.89726 2.12657
-1.88159 2.16916
-1.82108 2.15325
-1.78105 2.09573
-1.72302 2.07598
-1.70086 2.11262
-1.73658 2.17076
-1.79897 2.19174
-1.83781 2.24817
-1.80911 2.28433
-1.84631 2.33990
-1.91843 2.35847
-1.94671 2.31986
-2.01623 2.33257
-2.06480 2.38506
-2.03822 2.42643
-1.96083 2.41243
-1.92386 2.44890
-1.96493 2.50240
-1.91667 2.53643
-1.82846 2.51357
-1.79764 2.45931
-1.71847 2.43250
-1.66362 2.45722
-1.68333 2.51132
-1.76905 2.54109
-1.79346 2.59469
-1.71765 2.61801
-1.62577 2.58460
-1.54246 2.59979
-1.53855 2.65067
-1.43741 2.65915
-1.35714 2.61538
-1.37458 2.56733
-1.46038 2.56007
-1.46271 2.50908
-1.39005 2.46774
-1.39042 2.41641
-1.45473 2.40453
-1.52644 2.44271
-1.58723 2.42441
-1.57002 2.36978
-1.50067 2.33440
-1.44585 2.35100
-1.38033 2.31087
-1.37091 2.25668
-1.42066 2.24140
-1.40498 2.18525
-1.34509 2.14535
-1.32918 2.08811
-1.36845 2.06995
-1.42682 2.10800
-1.44756 2.16597
-1.50940 2.20152
-1.54813 2.17718
-1.52230 2.11880
-1.55437 2.09115
-1.61415 2.12035
-1.64154 2.08811
-1.60802 2.02825
-1.55131 2.00044
-1.52512 2.03120
-1.46816 1.99899
-1.43982 1.93733
-1.38511 1.90216
-1.35685 1.92743
-1.38141 1.98884
-1.34786 2.01064
-1.29216 1.97011
-1.27124 1.90915
-1.30243 1.88821
-1.27765 1.82481
-1.22482 1.78269
-1.19582 1.80302
-1.14344 1.75707
-1.12058 1.69150
-1.06898 1.64236
-1.04003 1.65827
-1.06051 1.72353
-1.11226 1.77323
-1.13109 1.83576
-1.09556 1.84811
-1.04385 1.79759
-1.00683 1.80574
-1.01871 1.86464
-0.97767 1.86879
-0.92782 1.81390
-0.91812 1.75572
-0.95623 1.75169
-0.94209 1.69017
-0.89171 1.63308
-0.87504 1.56826
-0.90710 1.56033
-0.95809 1.61720
-0.98873 1.60529
-0.96619 1.53653
-0.91471 1.47956
-0.88621 1.49150
-0.83463 1.43031
-0.81067 1.35642
-0.75763 1.28959
-0.72968 1.29784
-0.75284 1.37263
-0.72163 1.37667
-0.66922 1.30607
-0.64642 1.22987
-0.67573 1.22566
-0.64792 1.14285
-0.59032 1.06133
-0.56279 1.06586
-0.50250 0.97590
-0.46584 0.87491
-0.39612 0.76452
-0.36841 0.76452
-0.40907 0.87491
-0.47339 0.97590
-0.50308 1.06586
-0.47101 1.06133
-0.49494 1.14285
-0.54993 1.22566
-0.58345 1.22987
-0.63685 1.30607
-0.65504 1.37667
-0.61980 1.37263
-0.56816 1.29784
-0.53197 1.28959
-0.54576 1.35642
-0.59569 1.43031
-0.60529 1.49150
-0.56485 1.47956
-0.57034 1.53653
-0.61656 1.60529
-0.65911 1.61720
-0.65323 1.56033
-0.69322 1.56826
-0.74138 1.63308
-0.74809 1.69017
-0.79546 1.75169
-0.83760 1.75572
-0.88609 1.81390
-0.89112 1.86879
-0.84593 1.86464
-0.79890 1.80574
-0.75375 1.79759
-0.75255 1.84811
-0.70466 1.83576
-0.66098 1.77323
-0.66302 1.72353
-0.61825 1.65827
-0.57338 1.64236
-0.57093 1.69150
-0.61362 1.75707
-0.60720 1.80302
-0.55787 1.78269
-0.54716 1.82481
-0.58577 1.88821
-0.63792 1.90916
-0.67795 1.97011
-0.66278 2.01064
-0.60743 1.98884
-0.57059 1.92743
-0.51705 1.90216
-0.49750 1.93733
-0.53083 1.99899
-0.50608 2.03120
-0.44914 2.00044
-0.42023 2.02825
-0.44657 2.08811
-0.50620 2.12035
-0.53678 2.09115
-0.59650 2.11880
-0.62906 2.17718
-0.69213 2.20153
-0.71841 2.16597
-0.68118 2.10800
-0.70150 2.06995
-0.75893 2.08811
-0.80026 2.14535
-0.78027 2.18525
-0.82074 2.24140
-0.88578 2.25668
-0.93054 2.31087
-0.90516 2.35100
-0.83373 2.33440
-0.79976 2.36978
-0.83719 2.42442
-0.91627 2.44271
-0.94980 2.40453
-1.02599 2.41641
-1.07770 2.46774
-1.04638 2.50908
-1.09970 2.56007
-1.19276 2.56733
-1.25824 2.61538
-1.22175 2.65915
-1.11212 2.65067
-1.05733 2.59979
-0.95883 2.58460
-0.90037 2.61801
-0.80123 2.59469
-0.77205 2.54109
-0.82799 2.51132
-0.79360 2.45722
-0.71403 2.43250
-0.66168 2.45931
-0.68511 2.51357
-0.61976 2.53643
-0.53748 2.50240
-0.52504 2.44890
-0.45160 2.41243
-0.38821 2.42643
-0.32027 2.38506
-0.31634 2.33257
-0.37315 2.31986
-0.44005 2.35847
-0.49359 2.33991
-0.47522 2.28433
-0.41036 2.24817
-0.39277 2.19174
-0.43418 2.17076
-0.41176 2.11262
-0.35297 2.07598
-0.31468 2.09573
-0.33216 2.15325
-0.28758 2.16916
-0.22930 2.12657
-0.18253 2.13750
-0.18970 2.19174
-0.24827 2.23635
-0.25378 2.28959
-0.19532 2.29664
-0.13739 2.24987
-0.13691 2.19825
-0.08192 2.15009
-0.02864 2.15167
-0.02518 2.20153
0.03305 2.19825
0.08235 2.14535
0.13942 2.13750
0.15239 2.18202
0.10632 2.23635
0.04369 2.24478
-0.00693 2.29664
0.00878 2.34175
0.07817 2.33257
0.10297 2.37358
0.05617 2.42643
0.08921 2.46563
0.17054 2.44890
0.20994 2.39474
0.17597 2.35847
0.21686 2.30373
0.28528 2.28434
0.32179 2.22798
0.29543 2.19174
0.23253 2.20973
0.21281 2.16916
0.25519 2.11262
0.31335 2.09573
0.33362 2.13437
0.39353 2.11262
0.42910 2.05346
0.48638 2.02825
0.51147 2.06094
0.48024 2.12036
0.51136 2.15009
0.57209 2.11880
0.59875 2.05944
0.56928 2.03120
0.59917 1.97011
0.65457 1.93733
0.68232 1.96438
0.73755 1.92743
0.76333 1.86464
0.81674 1.82482
0.84561 1.84673
0.82316 1.90916
0.76855 1.95010
0.74653 2.01065
0.78290 2.02973
0.76521 2.08811
0.70687 2.12812
0.66758 2.10800
0.60770 2.14378
0.58499 2.20153
0.62751 2.22298
0.68942 2.18525
0.73532 2.20153
0.72349 2.25668
0.66002 2.29664
0.64855 2.35100
0.70741 2.36411
0.70398 2.41641
0.63385 2.45722
0.56795 2.44271
0.57968 2.38893
0.52438 2.36978
0.45181 2.40256
0.43078 2.45722
0.35036 2.48705
0.29676 2.45931
0.21448 2.48272
0.17772 2.53643
0.23469 2.56734
0.32535 2.54109
0.39293 2.56491
0.37675 2.61801
0.46197 2.63683
0.55194 2.59979
0.55337 2.54815
0.63169 2.50908
0.70929 2.51808
0.71982 2.56733
0.64194 2.61014
0.65699 2.65915
0.76339 2.66201
0.83616 2.61538
0.93671 2.61014
0.98228 2.65067
1.09000 2.63683
1.13557 2.58460
1.08728 2.54815
0.99470 2.56007
0.96142 2.51808
1.01670 2.46774
1.09772 2.45722
1.14459 2.40453
1.11727 2.36411
1.16385 2.31087
1.23213 2.29664
1.26067 2.33440
1.22019 2.38893
1.25721 2.42442
1.33442 2.40256
1.38037 2.43250
1.35138 2.48705
1.26641 2.51132
1.23095 2.56490
1.29317 2.59469
1.38677 2.56733
1.40929 2.51357
1.49160 2.48272
1.55692 2.50240
1.63395 2.46563
1.64280 2.41243
1.58411 2.39474
1.60080 2.33991
1.66820 2.30373
1.72125 2.31986
1.71224 2.37358
1.77413 2.38506
1.83827 2.34175
1.84062 2.28959
1.90031 2.24478
1.95700 2.24987
2.01245 2.20152
2.01248 2.15008
1.96108 2.14535
1.90470 2.19174
1.85438 2.18202
1.86509 2.12657
1.82098 2.11262
1.76223 2.15325
1.74653 2.20973
1.68404 2.24817
1.63903 2.22797
1.66022 2.17076
1.72080 2.13437
1.74143 2.07598
1.70623 2.05346
1.64783 2.08811
1.61639 2.06094
1.64526 2.00044
1.61951 1.97011
1.56357 1.99899
1.53060 2.05944
1.55761 2.09115
1.52735 2.15008
1.46534 2.17718
1.43731 2.14378
1.37599 2.16597
1.33830 2.22297
1.27366 2.24140
1.25194 2.20153
1.29414 2.14535
1.35380 2.12812
1.39289 2.06995
1.37617 2.02973
1.41644 1.97011
1.47014 1.95010
1.48697 1.98884
1.54209 1.96438
1.57735 1.90216
1.56082 1.86464
1.50862 1.88821
1.49645 1.84673
1.53652 1.78269
1.52862 1.73827
1.48077 1.75707
1.43822 1.82072
1.38973 1.83576
1.38667 1.78675
1.43137 1.72354
1.47711 1.70884
1.52101 1.64236
1.52122 1.59074
1.47784 1.60529
1.48216 1.54976
1.52955 1.47956
1.53772 1.41962
1.49871 1.43031
1.44965 1.50079
1.44117 1.56033
1.39365 1.62646
1.35302 1.63308
1.30496 1.69550
1.29894 1.75169
1.34217 1.74497
1.34065 1.79759
1.29470 1.85774
1.24846 1.86464
1.25133 1.81118
1.20831 1.81390
1.15931 1.87017
1.11673 1.86879
1.12628 1.81118
1.17628 1.75572
1.18833 1.69550
1.15231 1.69017
1.10165 1.74497
1.08756 1.80574
1.03634 1.85774
0.99884 1.84811
1.01537 1.78675
0.98214 1.77324
0.92985 1.82072
0.89858 1.80302
0.92190 1.73827
0.97381 1.69151
1.00284 1.70884
1.05437 1.65827
1.07683 1.59074
1.12820 1.53653
1.15688 1.54976
1.13631 1.61720
1.16868 1.62646
1.21935 1.56827
1.23835 1.50079
1.20818 1.49151
1.23145 1.41962
1.28373 1.35643
1.31186 1.36589
1.36471 1.29784
1.39089 1.21863
1.44648 1.14285
1.47412 1.14866
1.44798 1.22987
1.39421 1.30333
1.37276 1.37668
1.40538 1.37803
1.45755 1.30607
1.49126 1.30333
1.47460 1.37263
1.51105 1.36589
1.56243 1.28959
1.57928 1.21863
1.54447 1.22566
1.56602 1.14866
1.62339 1.06133
1.65168 0.97270
1.62100 0.97590
1.56071 1.06738
1.53161 1.06587
1.56441 0.97270
1.62855 0.87491
1.65608 0.87663
1.72599 0.76452
1.77683 0.63513