# sss file
-1.57080 3.14159
-1.23027 2.46054
-1.22643 2.45285
-1.23027 2.46054
-1.55926 3.11853
0.00000 3.14159
-3.13940 3.13721
-2.80097 2.46034
-2.79723 2.45285
-2.79996 2.45832
-3.14045 3.13931
0.00000 3.14159
0.00181 3.13797
0.34296 2.45569
0.34437 2.45285
0.34063 2.46034
0.00000 3.14159
1.57300 3.13721
1.90194 2.47932
1.91517 2.45285
1.84479 2.45103
1.81387 2.50185
1.54615 2.45650
1.59444 2.40832
1.54205 2.38929
1.63670 2.29220
1.68404 2.30932
0.71904 2.30932
0.78350 2.29220
0.78065 2.34131
0.78105 2.38929
0.70964 2.40832
0.70975 2.45650
0.63267 2.47327
0.55431 2.48657
0.56359 2.43663
0.55431 2.48657
0.47539 2.49603
0.39667 2.50185
0.41659 2.45103
0.34437 2.45285
0.37011 2.40137
0.39611 2.34937
0.45934 2.34772
0.43753 2.39974
0.37011 2.40137
0.30433 2.39974
0.33454 2.34772
0.27502 2.34275
0.30844 2.29052
0.34127 2.23767
0.39424 2.24212
0.34127 2.23767
0.37394 2.18391
0.40629 2.12961
0.45393 2.13375
0.48408 2.07824
0.53102 2.07957
0.57928 2.07824
0.55393 2.13375
0.52930 2.18820
0.47595 2.18971
0.42410 2.18820
0.45393 2.13375
0.40629 2.12961
0.43867 2.07426
0.47111 2.01799
0.51449 2.02181
0.47111 2.01799
0.50375 1.96070
0.53656 1.90229
0.57618 1.90603
0.60769 1.84622
0.64709 1.84742
0.68769 1.84622
0.65938 1.90603
0.61720 1.90720
0.64709 1.84742
0.67767 1.78625
0.71668 1.78503
0.74666 1.72229
0.78532 1.71877
0.82501 1.71297
0.79797 1.77546
0.82501 1.71297
0.86559 1.70463
0.90679 1.69422
0.88257 1.75647
0.92582 1.74355
0.90427 1.80405
0.88423 1.86314
0.83788 1.87665
0.81769 1.93442
0.77013 1.94575
0.72325 1.95450
0.74710 1.89619
0.70276 1.90229
0.72928 1.84264
0.75680 1.78160
0.79797 1.77546
0.75680 1.78160
0.78532 1.71877
0.81488 1.65444
0.85326 1.64848
0.88277 1.58227
0.92080 1.57421
0.95966 1.56368
0.93252 1.62996
0.89249 1.64041
0.92080 1.57421
0.95057 1.50547
0.98848 1.49484
1.01889 1.42363
1.05678 1.41044
1.09521 1.39538
1.06657 1.46686
1.09521 1.39538
1.13466 1.37748
1.17477 1.35726
1.14757 1.42945
1.18904 1.40691
1.16478 1.47624
1.14243 1.54274
1.09942 1.56477
1.05676 1.58468
1.08088 1.51825
1.10670 1.44941
1.14757 1.42945
1.17477 1.35726
1.21549 1.33463
1.25706 1.30948
1.23106 1.38227
1.25706 1.30948
1.29926 1.28168
1.34237 1.25107
1.31718 1.32505
1.36116 1.29248
1.33894 1.36332
1.31909 1.43062
1.27435 1.46230
1.29451 1.39538
1.33894 1.36332
1.38372 1.32876
1.36432 1.39656
1.41006 1.35969
1.39340 1.42479
1.37916 1.48669
1.33262 1.52295
1.37916 1.48669
1.36695 1.54629
1.35727 1.60307
1.30972 1.63937
1.30159 1.69422
1.25344 1.72831
1.20511 1.76018
1.21489 1.70463
1.20511 1.76018
1.15674 1.78992
1.10821 1.81738
1.11989 1.76141
1.07247 1.78625
1.08714 1.72831
1.10381 1.66838
1.14897 1.64406
1.10381 1.66838
1.12211 1.60678
1.14243 1.54274
1.18598 1.51825
1.20745 1.45171
1.25070 1.42479
1.29451 1.39538
1.27435 1.46230
1.22996 1.49147
1.25070 1.42479
1.27389 1.35483
1.31718 1.32505
1.34237 1.25107
1.38610 1.21780
1.43066 1.18167
1.40578 1.25724
1.43066 1.18167
1.47609 1.14242
1.52252 1.09976
1.49735 1.17790
1.54441 1.13358
1.52225 1.20810
1.50318 1.27784
1.45630 1.32039
1.41006 1.35969
1.42939 1.29121
1.45123 1.21914
1.49735 1.17790
1.52252 1.09976
1.57007 1.05365
1.61897 1.00327
1.59268 1.08544
1.61897 1.00327
1.66962 0.94837
1.72191 0.88859
1.69311 0.97678
1.74587 0.91527
1.72015 0.99929
1.69871 1.07618
1.64822 1.13216
1.66878 1.05744
1.72015 0.99929
1.77342 0.93576
1.75076 1.01549
1.80438 0.95004
1.78419 1.02641
1.76760 1.09720
1.71608 1.15785
1.76760 1.09720
1.75444 1.16272
1.74414 1.22412
1.69406 1.28168
1.68704 1.33832
1.63809 1.39181
1.58970 1.44220
1.59608 1.38705
1.54787 1.43526
1.55676 1.37748
1.56817 1.31666
1.61673 1.26694
1.63094 1.20171
1.68082 1.14735
1.73165 1.08950
1.71608 1.15785
1.73165 1.08950
1.78419 1.02641
1.83863 0.95834
1.82068 1.03183
1.87559 0.96123
1.85988 1.03183
1.84760 1.09720
1.79524 1.16272
1.80632 1.09976
1.85988 1.03183
1.91543 0.95834
1.90179 1.02641
1.95798 0.95004
1.94616 1.01549
1.93751 1.07618
1.88422 1.14735
1.93751 1.07618
1.93202 1.13216
1.92927 1.18406
1.87781 1.25237
1.87853 1.29974
1.82884 1.36332
1.77989 1.42363
1.77816 1.37748
1.77852 1.32876
1.82873 1.26694
1.87964 1.20171
1.87781 1.25237
1.92927 1.18406
1.92904 1.23272
1.93138 1.27784
1.88153 1.34415
1.93138 1.27784
1.93570 1.32039
1.94256 1.35969
1.89420 1.42479
1.90392 1.46116
1.85682 1.52295
1.81007 1.58227
1.79915 1.54629
1.84656 1.48669
1.85682 1.52295
1.86938 1.55664
1.82309 1.61603
1.83838 1.64744
1.79289 1.70463
1.74701 1.76018
1.73064 1.72831
1.74701 1.76018
1.70102 1.81375
1.65454 1.86552
1.63708 1.83304
1.58962 1.88255
1.57439 1.84742
1.56184 1.81012
1.60979 1.76141
1.62219 1.79822
1.57439 1.84742
1.52579 1.89502
1.51310 1.85720
1.46386 1.90229
1.45382 1.86195
1.44630 1.81980
1.49547 1.77546
1.44630 1.81980
1.44147 1.77546
1.43894 1.72931
1.48757 1.68607
1.48717 1.63806
1.53545 1.59269
1.58374 1.54493
1.58425 1.59269
1.53599 1.64041
1.53545 1.59269
1.53723 1.54274
1.58548 1.49484
1.58970 1.44220
1.63809 1.39181
1.68704 1.33832
1.68249 1.39181
1.68704 1.33832
1.73666 1.28168
1.78707 1.22146
1.78146 1.27688
1.83223 1.21413
1.82873 1.26694
1.82757 1.31666
1.77816 1.37748
1.72927 1.43526
1.72928 1.38705
1.73167 1.33586
1.78146 1.27688
1.78707 1.22146
1.83838 1.15785
1.89125 1.08950
1.88422 1.14735
1.89125 1.08950
1.94616 1.01549
2.00322 0.93576
1.99295 0.99929
2.05117 0.91527
2.04251 0.97678
2.03691 1.03338
1.98211 1.11137
1.98608 1.05744
2.04251 0.97678
2.10191 0.88859
2.09442 0.94837
2.15541 0.85518
2.14903 0.91354
2.14571 0.96699
2.08867 1.05365
2.14571 0.96699
2.14556 1.01549
2.14786 1.06008
2.09389 1.14242
2.10006 1.18167
2.04928 1.25724
1.99982 1.32876
1.99179 1.29121
1.94256 1.35969
1.93570 1.32039
1.93138 1.27784
1.98205 1.20810
1.98076 1.16167
2.03428 1.08544
2.09007 1.00327
2.08867 1.05365
2.09007 1.00327
2.14903 0.91354
2.21207 0.81426
2.20618 0.87203
2.27210 0.76520
2.26670 0.82241
2.26511 0.87339
2.20456 0.97108
2.20397 0.92386
2.26670 0.82241
2.33622 0.70637
2.33096 0.76367
2.40584 0.63512
2.40001 0.69358
2.39818 0.74504
2.33122 0.85976
2.39818 0.74504
2.40018 0.78985
2.40480 0.83001
2.34278 0.93703
2.35217 0.96985
2.29659 1.06422
2.24420 1.15121
2.23190 1.12181
2.22155 1.08950
2.27675 0.99929
2.33576 0.90049
2.34278 0.93703
2.40480 0.83001
2.41215 0.86569
2.42189 0.89742
2.36365 0.99929
2.42189 0.89742
2.43382 0.92557
2.44788 0.95004
2.39273 1.04833
2.41003 1.06834
2.35958 1.15785
2.31197 1.24127
2.29240 1.22279
2.34123 1.13854
2.35958 1.15785
2.37984 1.17412
2.33308 1.25724
2.35580 1.27079
2.31208 1.34904
2.26989 1.42363
2.24518 1.41044
2.26989 1.42363
2.22898 1.49484
2.18906 1.56368
2.16214 1.55093
2.12196 1.61708
2.09560 1.60201
2.07096 1.58468
2.11328 1.51825
2.07096 1.58468
2.04822 1.56477
2.02723 1.54274
2.07138 1.47624
2.05315 1.45171
2.09896 1.38227
2.14586 1.30948
2.16229 1.33463
2.14586 1.30948
2.19414 1.23272
2.24420 1.15121
2.25845 1.17790
2.30946 1.09207
2.32441 1.11678
2.34123 1.13854
2.29240 1.22279
2.27444 1.20171
2.32441 1.11678
2.37728 1.02525
2.39273 1.04833
2.44788 0.95004
2.46396 0.97108
2.48175 0.98930
2.42908 1.08544
2.48175 0.98930
2.50117 1.00485
2.52237 1.01705
2.47211 1.11137
2.49573 1.12073
2.44955 1.20810
2.40577 1.29026
2.38016 1.28168
2.35580 1.27079
2.40169 1.18782
2.44982 1.09976
2.47211 1.11137
2.52237 1.01705
2.54529 1.02641
2.56941 1.03338
2.52091 1.12717
2.56941 1.03338
2.59518 1.03723
2.62222 1.03877
2.57552 1.13216
2.60483 1.13074
2.56210 1.21780
2.52203 1.29974
2.49110 1.30100
2.53203 1.21914
2.56210 1.21780
2.59323 1.21413
2.55396 1.29627
2.58717 1.29026
2.55117 1.36785
2.51700 1.44220
2.48187 1.44826
2.51700 1.44220
2.48453 1.51353
2.45357 1.58227
2.41632 1.58815
2.38568 1.65444
2.34840 1.65781
2.31205 1.65910
2.34525 1.59269
2.31129 1.59163
2.34682 1.52295
2.38345 1.45171
2.41517 1.45286
2.45226 1.37868
2.48406 1.37748
2.51706 1.37388
2.48187 1.44826
2.51706 1.37388
2.55117 1.36785
2.58606 1.35969
2.55285 1.43410
2.58969 1.42363
2.55928 1.49484
2.53046 1.56368
2.49160 1.57421
2.52137 1.50547
2.55928 1.49484
2.59791 1.48218
2.57014 1.55093
2.61059 1.53562
2.58560 1.60201
2.56227 1.66607
2.51969 1.68121
2.56227 1.66607
2.54044 1.72831
2.52025 1.78870
2.47507 1.80405
2.45503 1.86314
2.40868 1.87665
2.36295 1.88750
2.38608 1.82824
2.41053 1.76734
2.45337 1.75647
2.49662 1.74355
2.47507 1.80405
2.52025 1.78870
2.50169 1.84742
2.48468 1.90463
2.43644 1.92073
2.48468 1.90463
2.46925 1.96070
2.45555 2.01551
2.40383 2.03215
2.38990 2.08619
2.33613 2.10095
2.28239 2.11323
2.30066 2.05828
2.35207 2.04647
2.33613 2.10095
2.32171 2.15437
2.26554 2.16712
2.25028 2.22004
2.19158 2.23025
2.13337 2.23767
2.15454 2.18391
2.13337 2.23767
2.07604 2.24212
2.01980 2.24360
2.04675 2.18971
1.99490 2.18820
2.02473 2.13375
2.05488 2.07824
2.10182 2.07957
2.15008 2.07824
2.12473 2.13375
2.10010 2.18820
2.04675 2.18971
2.01980 2.24360
1.96504 2.24212
1.91207 2.23767
1.94474 2.18391
1.91207 2.23767
1.86128 2.23025
1.81288 2.22004
1.85054 2.16712
1.80711 2.15437
1.84613 2.10095
1.88457 2.04647
1.92426 2.05828
1.88759 2.11323
1.84613 2.10095
1.80700 2.08619
1.84723 2.03215
1.81205 2.01551
1.85315 1.96070
1.89388 1.90463
1.92604 1.92073
1.89388 1.90463
1.93409 1.84742
1.97425 1.78870
2.00397 1.80405
2.04302 1.74355
2.07337 1.75647
2.10523 1.76734
2.06878 1.82824
2.03265 1.88750
1.99788 1.87665
1.96503 1.86314
2.00397 1.80405
1.97425 1.78870
2.01444 1.72831
2.05487 1.66607
2.08229 1.68121
2.05487 1.66607
2.09560 1.60201
2.13689 1.53562
2.16214 1.55093
2.20311 1.48218
2.22898 1.49484
2.25627 1.50547
2.21740 1.57421
2.18906 1.56368
2.22898 1.49484
2.26989 1.42363
2.29625 1.43410
2.33736 1.35969
2.36417 1.36785
2.39226 1.37388
2.35307 1.44826
2.39226 1.37388
2.42166 1.37748
2.45226 1.37868
2.41517 1.45286
2.44795 1.45171
2.41342 1.52295
2.38029 1.59163
2.34525 1.59269
2.31205 1.65910
2.27700 1.65781
2.24308 1.65444
2.27862 1.58815
2.24737 1.58227
2.28513 1.51353
2.32400 1.44220
2.35307 1.44826
2.32400 1.44220
2.36417 1.36785
2.40577 1.29026
2.43296 1.29627
2.47573 1.21413
2.50330 1.21780
2.53203 1.21914
2.49110 1.30100
2.46143 1.29974
2.50330 1.21780
2.54763 1.13074
2.57552 1.13216
2.62222 1.03877
2.65078 1.03723
2.68041 1.03338
2.63511 1.12717
2.68041 1.03338
2.71149 1.02641
2.74367 1.01705
2.69971 1.11137
2.73362 1.09976
2.69369 1.18782
2.65660 1.27079
2.62136 1.28168
2.58717 1.29026
2.62555 1.20810
2.66673 1.12073
2.69971 1.11137
2.74367 1.01705
2.77717 1.00485
2.81205 0.98930
2.76868 1.08544
2.81205 0.98930
2.84806 0.97108
2.88528 0.95004
2.84213 1.04833
2.88068 1.02525
2.84201 1.11678
2.80694 1.20171
2.76800 1.22279
2.80343 1.13854
2.84201 1.11678
2.88156 1.09207
2.84685 1.17790
2.88770 1.15121
2.85634 1.23272
2.82786 1.30948
2.78629 1.33463
2.82786 1.30948
2.80186 1.38227
2.77825 1.45171
2.73558 1.47624
2.71323 1.54274
2.67022 1.56477
2.62756 1.58468
2.65168 1.51825
2.62756 1.58468
2.58560 1.60201
2.54416 1.61708
2.57014 1.55093
2.53046 1.56368
2.55928 1.49484
2.58969 1.42363
2.62758 1.41044
2.58969 1.42363
2.62208 1.34904
2.65660 1.27079
2.69278 1.25724
2.72924 1.17412
2.76568 1.15785
2.80343 1.13854
2.76800 1.22279
2.72997 1.24127
2.76568 1.15785
2.80483 1.06834
2.84213 1.04833
2.88528 0.95004
2.92382 0.92557
2.96379 0.89742
2.92025 0.99929
2.96379 0.89742
3.00525 0.86569
3.04830 0.83001
3.00338 0.93703
3.04696 0.90049
3.00715 0.99929
2.97215 1.08950
2.92950 1.12181
2.88770 1.15121
2.92239 1.06422
2.96117 0.96985
3.00338 0.93703
3.04830 0.83001
3.09318 0.78985
3.13998 0.74504
3.09222 0.85976
3.13998 0.74504
3.18961 0.69358
3.24224 0.63512
3.18856 0.76367
3.24052 0.70637
3.19400 0.82241
3.15537 0.92386
3.10746 0.97108
3.14471 0.87339
3.19400 0.82241
3.24590 0.76520
3.20488 0.87203
3.25687 0.81426
3.22063 0.91354
3.18977 1.00327
3.14087 1.05365
3.18977 1.00327
3.16348 1.08544
3.14076 1.16167
3.09305 1.20810
3.07398 1.27784
3.02700 1.32039
2.98086 1.35969
3.00019 1.29121
2.95452 1.32876
2.97658 1.25724
3.00146 1.18167
3.04689 1.14242
3.07516 1.06008
3.12216 1.01549
3.17051 0.96699
3.14087 1.05365
3.17051 0.96699
3.22063 0.91354
3.27261 0.85518
3.24042 0.94837
3.29271 0.88859
3.26391 0.97678
3.23958 1.05744
3.18961 1.11137
3.21291 1.03338
3.26391 0.97678
3.31667 0.91527
3.29095 0.99929
3.34422 0.93576
3.32156 1.01549
3.30245 1.08950
3.25162 1.14735
3.30245 1.08950
3.28688 1.15785
3.27457 1.22146
3.22476 1.27688
3.21557 1.33586
3.16688 1.38705
3.11867 1.43526
3.12756 1.37748
3.13897 1.31666
3.18753 1.26694
3.23673 1.21413
3.22476 1.27688
3.27457 1.22146
3.26486 1.28168
3.25784 1.33832
3.20889 1.39181
3.25784 1.33832
3.25329 1.39181
3.25130 1.44220
3.20278 1.49484
3.20323 1.54274
3.15505 1.59269
3.10679 1.64041
3.10625 1.59269
3.15454 1.54493
3.15505 1.59269
3.15787 1.63806
3.10957 1.68607
3.11494 1.72931
3.06627 1.77546
3.01710 1.81980
3.01227 1.77546
3.01710 1.81980
2.96742 1.86195
2.91706 1.90229
2.91290 1.85720
2.86239 1.89502
2.86139 1.84742
2.86269 1.79822
2.91199 1.76141
2.91124 1.81012
2.86139 1.84742
2.81102 1.88255
2.81308 1.83304
2.76314 1.86552
2.76842 1.81375
2.77591 1.76018
2.82424 1.72831
2.77591 1.76018
2.78569 1.70463
2.79738 1.64744
2.84409 1.61603
2.85718 1.55664
2.90342 1.52295
2.94986 1.48669
2.93775 1.54629
2.89087 1.58227
2.90342 1.52295
2.91812 1.46116
2.96410 1.42479
2.98086 1.35969
3.02700 1.32039
3.07398 1.27784
3.05753 1.34415
3.07398 1.27784
3.12144 1.23272
3.16977 1.18406
3.15291 1.25237
3.20174 1.20171
3.18753 1.26694
3.17592 1.32876
3.12756 1.37748
3.07969 1.42363
3.09104 1.36332
3.10493 1.29974
3.15291 1.25237
3.16977 1.18406
3.21902 1.13216
3.26951 1.07618
3.25162 1.14735
3.26951 1.07618
3.32156 1.01549
3.37518 0.95004
3.35499 1.02641
3.40933 0.95834
3.39148 1.03183
3.37712 1.09976
3.32524 1.16272
3.33840 1.09720
3.39148 1.03183
3.44639 0.96123
3.43068 1.03183
3.48623 0.95834
3.47249 1.02641
3.46205 1.08950
3.40918 1.15785
3.46205 1.08950
3.45502 1.14735
3.45044 1.20171
3.39953 1.26694
3.39837 1.31666
3.34886 1.37748
3.30007 1.43526
3.30008 1.38705
3.25130 1.44220
3.25329 1.39181
3.25784 1.33832
3.30746 1.28168
3.31494 1.22412
3.36604 1.16272
3.41840 1.09720
3.40918 1.15785
3.41840 1.09720
3.47249 1.02641
3.52878 0.95004
3.51696 1.01549
3.57402 0.93576
3.56375 0.99929
3.55688 1.05744
3.50282 1.13216
3.50831 1.07618
3.56375 0.99929
3.62197 0.91527
3.61331 0.97678
3.67271 0.88859
3.66522 0.94837
3.66087 1.00327
3.60508 1.08544
3.66087 1.00327
3.65947 1.05365
3.66092 1.09976
3.60785 1.17790
3.61283 1.21914
3.56259 1.29121
3.51336 1.35969
3.50650 1.32039
3.50218 1.27784
3.55285 1.20810
3.60521 1.13358
3.60785 1.17790
3.66092 1.09976
3.66469 1.14242
3.67086 1.18167
3.62008 1.25724
3.67086 1.18167
3.67930 1.21780
3.68977 1.25107
3.64098 1.32505
3.65449 1.35483
3.60760 1.42479
3.56176 1.49147
3.54655 1.46230
3.59331 1.39538
3.60760 1.42479
3.62395 1.45171
3.57898 1.51825
3.59803 1.54274
3.55431 1.60678
3.51101 1.66838
3.49007 1.64406
3.51101 1.66838
3.46774 1.72831
3.42447 1.78625
3.40189 1.76141
3.35761 1.81738
3.33654 1.78992
3.31781 1.76018
3.36369 1.70463
3.31781 1.76018
3.30144 1.72831
3.28739 1.69422
3.33412 1.63937
3.32287 1.60307
3.36995 1.54629
3.41736 1.48669
3.42762 1.52295
3.41736 1.48669
3.46500 1.42479
3.51336 1.35969
3.52232 1.39656
3.57062 1.32876
3.58094 1.36332
3.59331 1.39538
3.54655 1.46230
3.53339 1.43062
3.58094 1.36332
3.62956 1.29248
3.64098 1.32505
3.68977 1.25107
3.70226 1.28168
3.71666 1.30948
3.66976 1.38227
3.71666 1.30948
3.73299 1.33463
3.75117 1.35726
3.70617 1.42945
3.72710 1.44941
3.68408 1.51825
3.64176 1.58468
3.61902 1.56477
3.59803 1.54274
3.64218 1.47624
3.68714 1.40691
3.70617 1.42945
3.75117 1.35726
3.77106 1.37748
3.79261 1.39538
3.74977 1.46686
3.79261 1.39538
3.81598 1.41044
3.84069 1.42363
3.79978 1.49484
3.82707 1.50547
3.78820 1.57421
3.75029 1.64041
3.72072 1.62996
3.75986 1.56368
3.78820 1.57421
3.81817 1.58227
3.78146 1.64848
3.81388 1.65444
3.77902 1.71877
3.74480 1.78160
3.70977 1.77546
3.74480 1.78160
3.71128 1.84264
3.67806 1.90229
3.63990 1.89619
3.60545 1.95450
3.56733 1.94575
3.53109 1.93442
3.56868 1.87665
3.53583 1.86314
3.57477 1.80405
3.61382 1.74355
3.64417 1.75647
3.68219 1.69422
3.71299 1.70463
3.74521 1.71297
3.70977 1.77546
3.74521 1.71297
3.77902 1.71877
3.81426 1.72229
3.78138 1.78503
3.81927 1.78625
3.78869 1.84742
3.75880 1.90720
3.71768 1.90603
3.74929 1.84622
3.78869 1.84742
3.82929 1.84622
3.80098 1.90603
3.84436 1.90229
3.81875 1.96070
3.79401 2.01799
3.74689 2.02181
3.79401 2.01799
3.77017 2.07426
3.74729 2.12961
3.69543 2.13375
3.67090 2.18820
3.61755 2.18971
3.56570 2.18820
3.59553 2.13375
3.62568 2.07824
3.67262 2.07957
3.72088 2.07824
3.69543 2.13375
3.74729 2.12961
3.72534 2.18391
3.70417 2.23767
3.64684 2.24212
3.70417 2.23767
3.68424 2.29052
3.66532 2.34275
3.60094 2.34772
3.57913 2.39974
3.51171 2.40137
3.44593 2.39974
3.47614 2.34772
3.53771 2.34937
3.51171 2.40137
3.48597 2.45285
3.41559 2.45103
3.38467 2.50185
3.31169 2.49603
3.24231 2.48657
3.28299 2.43663
3.24231 2.48657
3.17727 2.47327
3.11695 2.45650
3.16524 2.40832
3.11285 2.38929
3.16125 2.34131
3.20750 2.29220
3.25484 2.30932
2.28984 2.30932
2.35430 2.29220
2.35145 2.34131
2.35185 2.38929
2.28044 2.40832
2.28055 2.45650
2.20347 2.47327
2.12511 2.48657
2.13439 2.43663
2.12511 2.48657
2.04619 2.49603
1.96747 2.50185
1.98739 2.45103
1.91517 2.45285
1.94091 2.40137
1.96691 2.34937
2.03014 2.34772
2.00833 2.39974
1.94091 2.40137
1.87513 2.39974
1.90534 2.34772
1.84582 2.34275
1.87924 2.29052
1.91207 2.23767
1.96504 2.24212
1.91207 2.23767
1.94474 2.18391
1.97709 2.12961
2.02473 2.13375
2.05488 2.07824
2.10182 2.07957
2.15008 2.07824
2.12473 2.13375
2.10010 2.18820
2.04675 2.18971
1.99490 2.18820
2.02473 2.13375
1.97709 2.12961
2.00947 2.07426
2.04191 2.01799
2.08529 2.02181
2.04191 2.01799
2.07455 1.96070
2.10736 1.90229
2.14698 1.90603
2.17849 1.84622
2.21789 1.84742
2.25849 1.84622
2.23018 1.90603
2.18800 1.90720
2.21789 1.84742
2.24847 1.78625
2.28748 1.78503
2.31746 1.72229
2.35612 1.71877
2.39571 1.71297
2.36877 1.77546
2.39571 1.71297
2.43639 1.70463
2.47759 1.69422
2.45337 1.75647
2.49662 1.74355
2.47507 1.80405
2.45503 1.86314
2.40868 1.87665
2.38849 1.93442
2.34093 1.94575
2.29405 1.95450
2.31780 1.89619
2.27356 1.90229
2.30008 1.84264
2.32760 1.78160
2.36877 1.77546
2.32760 1.78160
2.35612 1.71877
2.38568 1.65444
2.42406 1.64848
2.45357 1.58227
2.49160 1.57421
2.53046 1.56368
2.50332 1.62996
2.46329 1.64041
2.49160 1.57421
2.52137 1.50547
2.55928 1.49484
2.58969 1.42363
2.62758 1.41044
2.66601 1.39538
2.63737 1.46686
2.66601 1.39538
2.70536 1.37748
2.74547 1.35726
2.71827 1.42945
2.75984 1.40691
2.73558 1.47624
2.71323 1.54274
2.67022 1.56477
2.62756 1.58468
2.65168 1.51825
2.67750 1.44941
2.71827 1.42945
2.74547 1.35726
2.78629 1.33463
2.82786 1.30948
2.80186 1.38227
2.82786 1.30948
2.87006 1.28168
2.91317 1.25107
2.88798 1.32505
2.93196 1.29248
2.90974 1.36332
2.88989 1.43062
2.84515 1.46230
2.86531 1.39538
2.90974 1.36332
2.95452 1.32876
2.93512 1.39656
2.98086 1.35969
2.96410 1.42479
2.94986 1.48669
2.90342 1.52295
2.94986 1.48669
2.93775 1.54629
2.92807 1.60307
2.88052 1.63937
2.87239 1.69422
2.82424 1.72831
2.77591 1.76018
2.78569 1.70463
2.77591 1.76018
2.72754 1.78992
2.67901 1.81738
2.69069 1.76141
2.64327 1.78625
2.65794 1.72831
2.67461 1.66838
2.71977 1.64406
2.67461 1.66838
2.69291 1.60678
2.71323 1.54274
2.75678 1.51825
2.77825 1.45171
2.82150 1.42479
2.86531 1.39538
2.84515 1.46230
2.80076 1.49147
2.82150 1.42479
2.84469 1.35483
2.88798 1.32505
2.91317 1.25107
2.95690 1.21780
3.00146 1.18167
2.97658 1.25724
3.00146 1.18167
3.04689 1.14242
3.09332 1.09976
3.06815 1.17790
3.11521 1.13358
3.09305 1.20810
3.07398 1.27784
3.02700 1.32039
2.98086 1.35969
3.00019 1.29121
3.02193 1.21914
3.06815 1.17790
3.09332 1.09976
3.14087 1.05365
3.18977 1.00327
3.16348 1.08544
3.18977 1.00327
3.24042 0.94837
3.29271 0.88859
3.26391 0.97678
3.31667 0.91527
3.29095 0.99929
3.26951 1.07618
3.21902 1.13216
3.23958 1.05744
3.29095 0.99929
3.34422 0.93576
3.32156 1.01549
3.37518 0.95004
3.35499 1.02641
3.33840 1.09720
3.28688 1.15785
3.33840 1.09720
3.32524 1.16272
3.31494 1.22412
3.26486 1.28168
3.25784 1.33832
3.20889 1.39181
3.16050 1.44220
3.16688 1.38705
3.11867 1.43526
3.12756 1.37748
3.13897 1.31666
3.18753 1.26694
3.20174 1.20171
3.25162 1.14735
3.30245 1.08950
3.28688 1.15785
3.30245 1.08950
3.35499 1.02641
3.40933 0.95834
3.39148 1.03183
3.44639 0.96123
3.43068 1.03183
3.41840 1.09720
3.36604 1.16272
3.37712 1.09976
3.43068 1.03183
3.48623 0.95834
3.47249 1.02641
3.52878 0.95004
3.51696 1.01549
3.50831 1.07618
3.45502 1.14735
3.50831 1.07618
3.50282 1.13216
3.50007 1.18406
3.44861 1.25237
3.44933 1.29974
3.39964 1.36332
3.35069 1.42363
3.34886 1.37748
3.34932 1.32876
3.39953 1.26694
3.45044 1.20171
3.44861 1.25237
3.50007 1.18406
3.49984 1.23272
3.50218 1.27784
3.45233 1.34415
3.50218 1.27784
3.50650 1.32039
3.51336 1.35969
3.46500 1.42479
3.47472 1.46116
3.42762 1.52295
3.38087 1.58227
3.36995 1.54629
3.41736 1.48669
3.42762 1.52295
3.44008 1.55664
3.39389 1.61603
3.40918 1.64744
3.36369 1.70463
3.31781 1.76018
3.30144 1.72831
3.31781 1.76018
3.27182 1.81375
3.22534 1.86552
3.20788 1.83304
3.16042 1.88255
3.14519 1.84742
3.13254 1.81012
3.18059 1.76141
3.19299 1.79822
3.14519 1.84742
3.09659 1.89502
3.08390 1.85720
3.03456 1.90229
3.02462 1.86195
3.01710 1.81980
3.06627 1.77546
3.01710 1.81980
3.01227 1.77546
3.00974 1.72931
3.05837 1.68607
3.05797 1.63806
3.10625 1.59269
3.15454 1.54493
3.15505 1.59269
3.10679 1.64041
3.10625 1.59269
3.10803 1.54274
3.15628 1.49484
3.16050 1.44220
3.20889 1.39181
3.25784 1.33832
3.25329 1.39181
3.25784 1.33832
3.30746 1.28168
3.35787 1.22146
3.35226 1.27688
3.40303 1.21413
3.39953 1.26694
3.39837 1.31666
3.34886 1.37748
3.30007 1.43526
3.30008 1.38705
3.30247 1.33586
3.35226 1.27688
3.35787 1.22146
3.40918 1.15785
3.46205 1.08950
3.45502 1.14735
3.46205 1.08950
3.51696 1.01549
3.57402 0.93576
3.56375 0.99929
3.62197 0.91527
3.61331 0.97678
3.60771 1.03338
3.55291 1.11137
3.55688 1.05744
3.61331 0.97678
3.67271 0.88859
3.66522 0.94837
3.72621 0.85518
3.71983 0.91354
3.71651 0.96699
3.65947 1.05365
3.71651 0.96699
3.71636 1.01549
3.71866 1.06008
3.66469 1.14242
3.67086 1.18167
3.62008 1.25724
3.57062 1.32876
3.56259 1.29121
3.51336 1.35969
3.50650 1.32039
3.50218 1.27784
3.55285 1.20810
3.55156 1.16167
3.60508 1.08544
3.66087 1.00327
3.65947 1.05365
3.66087 1.00327
3.71983 0.91354
3.78287 0.81426
3.77698 0.87203
3.84290 0.76520
3.83750 0.82241
3.83581 0.87339
3.77536 0.97108
3.77477 0.92386
3.83750 0.82241
3.90702 0.70637
3.90176 0.76367
3.97664 0.63512
3.97081 0.69358
3.96898 0.74504
3.90202 0.85976
3.96898 0.74504
3.97098 0.78985
3.97560 0.83001
3.91358 0.93703
3.92297 0.96985
3.86739 1.06422
3.81500 1.15121
3.80270 1.12181
3.79235 1.08950
3.84755 0.99929
3.90656 0.90049
3.91358 0.93703
3.97560 0.83001
3.98295 0.86569
3.99269 0.89742
3.93445 0.99929
3.99269 0.89742
4.00462 0.92557
4.01868 0.95004
3.96353 1.04833
3.98083 1.06834
3.93038 1.15785
3.88277 1.24127
3.86320 1.22279
3.91203 1.13854
3.93038 1.15785
3.95064 1.17412
3.90388 1.25724
3.92660 1.27079
3.88288 1.34904
3.84069 1.42363
3.81598 1.41044
3.84069 1.42363
3.79978 1.49484
3.75986 1.56368
3.73294 1.55093
3.69276 1.61708
3.66640 1.60201
3.64176 1.58468
3.68408 1.51825
3.64176 1.58468
3.61902 1.56477
3.59803 1.54274
3.64218 1.47624
3.62395 1.45171
3.66976 1.38227
3.71666 1.30948
3.73299 1.33463
3.71666 1.30948
3.76494 1.23272
3.81500 1.15121
3.82925 1.17790
3.88026 1.09207
3.89521 1.11678
3.91203 1.13854
3.86320 1.22279
3.84524 1.20171
3.89521 1.11678
3.94808 1.02525
3.96353 1.04833
4.01868 0.95004
4.03476 0.97108
4.05255 0.98930
3.99988 1.08544
4.05255 0.98930
4.07197 1.00485
4.09317 1.01705
4.04291 1.11137
4.06653 1.12073
4.02035 1.20810
3.97657 1.29026
3.95096 1.28168
3.92660 1.27079
3.97249 1.18782
4.02062 1.09976
4.04291 1.11137
4.09317 1.01705
4.11599 1.02641
4.14021 1.03338
4.09171 1.12717
4.14021 1.03338
4.16598 1.03723
4.19302 1.03877
4.14632 1.13216
4.17563 1.13074
4.13290 1.21780
4.09283 1.29974
4.06190 1.30100
4.10283 1.21914
4.13290 1.21780
4.16403 1.21413
4.12476 1.29627
4.15787 1.29026
4.12197 1.36785
4.08780 1.44220
4.05267 1.44826
4.08780 1.44220
4.05533 1.51353
4.02437 1.58227
3.98712 1.58815
3.95648 1.65444
3.91920 1.65781
3.88285 1.65910
3.91605 1.59269
3.88209 1.59163
3.91762 1.52295
3.95425 1.45171
3.98597 1.45286
4.02306 1.37868
4.05486 1.37748
4.08786 1.37388
4.05267 1.44826
4.08786 1.37388
4.12197 1.36785
4.15686 1.35969
4.12365 1.43410
4.16049 1.42363
4.13008 1.49484
4.10126 1.56368
4.06240 1.57421
4.09217 1.50547
4.13008 1.49484
4.16871 1.48218
4.14094 1.55093
4.18139 1.53562
4.15640 1.60201
4.13307 1.66607
4.09049 1.68121
4.13307 1.66607
4.11124 1.72831
4.09105 1.78870
4.04587 1.80405
4.02583 1.86314
3.97948 1.87665
3.93375 1.88750
3.95688 1.82824
3.98133 1.76734
4.02417 1.75647
4.06742 1.74355
4.04587 1.80405
4.09105 1.78870
4.07249 1.84742
4.05548 1.90463
4.00724 1.92073
4.05548 1.90463
4.04005 1.96070
4.02635 2.01551
3.97463 2.03215
3.96070 2.08619
3.90693 2.10095
3.85319 2.11323
3.87146 2.05828
3.92287 2.04647
3.90693 2.10095
3.89251 2.15437
3.83634 2.16712
3.82108 2.22004
3.76238 2.23025
3.70417 2.23767
3.72534 2.18391
3.70417 2.23767
3.64684 2.24212
3.59060 2.24360
3.61755 2.18971
3.56570 2.18820
3.59553 2.13375
3.62568 2.07824
3.67262 2.07957
3.72088 2.07824
3.69543 2.13375
3.67090 2.18820
3.61755 2.18971
3.59060 2.24360
3.53584 2.24212
3.48287 2.23767
3.51554 2.18391
3.48287 2.23767
3.43208 2.23025
3.38368 2.22004
3.42134 2.16712
3.37791 2.15437
3.41693 2.10095
3.45537 2.04647
3.49506 2.05828
3.45839 2.11323
3.41693 2.10095
3.37780 2.08619
3.41803 2.03215
3.38285 2.01551
3.42395 1.96070
3.46458 1.90463
3.49684 1.92073
3.46458 1.90463
3.50489 1.84742
3.54505 1.78870
3.57477 1.80405
3.61382 1.74355
3.64417 1.75647
3.67603 1.76734
3.63958 1.82824
3.60345 1.88750
3.56868 1.87665
3.53583 1.86314
3.57477 1.80405
3.54505 1.78870
3.58524 1.72831
3.62567 1.66607
3.65309 1.68121
3.62567 1.66607
3.66640 1.60201
3.70769 1.53562
3.73294 1.55093
3.77391 1.48218
3.79978 1.49484
3.82707 1.50547
3.78820 1.57421
3.75986 1.56368
3.79978 1.49484
3.84069 1.42363
3.86705 1.43410
3.90816 1.35969
3.93497 1.36785
3.96306 1.37388
3.92387 1.44826
3.96306 1.37388
3.99236 1.37748
4.02306 1.37868
3.98597 1.45286
4.01875 1.45171
3.98422 1.52295
3.95109 1.59163
3.91605 1.59269
3.88285 1.65910
3.84780 1.65781
3.81388 1.65444
3.84942 1.58815
3.81817 1.58227
3.85593 1.51353
3.89480 1.44220
3.92387 1.44826
3.89480 1.44220
3.93497 1.36785
3.97657 1.29026
4.00376 1.29627
4.04653 1.21413
4.07410 1.21780
4.10283 1.21914
4.06190 1.30100
4.03223 1.29974
4.07410 1.21780
4.11843 1.13074
4.14632 1.13216
4.19302 1.03877
4.22158 1.03723
4.25121 1.03338
4.20591 1.12717
4.25121 1.03338
4.28229 1.02641
4.31447 1.01705
4.27051 1.11137
4.30442 1.09976
4.26449 1.18782
4.22740 1.27079
4.19216 1.28168
4.15787 1.29026
4.19635 1.20810
4.23753 1.12073
4.27051 1.11137
4.31447 1.01705
4.34797 1.00485
4.38285 0.98930
4.33948 1.08544
4.38285 0.98930
4.41886 0.97108
4.45608 0.95004
4.41293 1.04833
4.45148 1.02525
4.41281 1.11678
4.37774 1.20171
4.33880 1.22279
4.37423 1.13854
4.41281 1.11678
4.45236 1.09207
4.41765 1.17790
4.45850 1.15121
4.42714 1.23272
4.39866 1.30948
4.35709 1.33463
4.39866 1.30948
4.37266 1.38227
4.34905 1.45171
4.30628 1.47624
4.28403 1.54274
4.24102 1.56477
4.19836 1.58468
4.22248 1.51825
4.19836 1.58468
4.15640 1.60201
4.11496 1.61708
4.14094 1.55093
4.10126 1.56368
4.13008 1.49484
4.16049 1.42363
4.19838 1.41044
4.16049 1.42363
4.19288 1.34904
4.22740 1.27079
4.26358 1.25724
4.30004 1.17412
4.33648 1.15785
4.37423 1.13854
4.33880 1.22279
4.30077 1.24127
4.33648 1.15785
4.37563 1.06834
4.41293 1.04833
4.45608 0.95004
4.49462 0.92557
4.53459 0.89742
4.49105 0.99929
4.53459 0.89742
4.57605 0.86569
4.61910 0.83001
4.57418 0.93703
4.61776 0.90049
4.57795 0.99929
4.54295 1.08950
4.50030 1.12181
4.45850 1.15121
4.49319 1.06422
4.53197 0.96985
4.57418 0.93703
4.61910 0.83001
4.66398 0.78985
4.71078 0.74504
4.66302 0.85976
4.71078 0.74504
4.76041 0.69358
4.81304 0.63512
4.75936 0.76367
4.81132 0.70637
4.76480 0.82241
4.72617 0.92386
4.67826 0.97108
4.71551 0.87339
4.76480 0.82241
4.81670 0.76520
4.77568 0.87203
4.82767 0.81426
4.79143 0.91354
4.76057 1.00327
4.71167 1.05365
4.76057 1.00327
4.73428 1.08544
4.71156 1.16167
4.66385 1.20810
4.64478 1.27784
4.59780 1.32039
4.55166 1.35969
4.57099 1.29121
4.52532 1.32876
4.54738 1.25724
4.57226 1.18167
4.61769 1.14242
4.64596 1.06008
4.69296 1.01549
4.74131 0.96699
4.71167 1.05365
4.74131 0.96699
4.79143 0.91354
4.84341 0.85518
4.81122 0.94837
4.86351 0.88859
4.83471 0.97678
4.81038 1.05744
4.76041 1.11137
4.78371 1.03338
4.83471 0.97678
4.88747 0.91527
4.86175 0.99929
4.91502 0.93576
4.89236 1.01549
4.87325 1.08950
4.82242 1.14735
4.87325 1.08950
4.85768 1.15785
4.84537 1.22146
4.79556 1.27688
4.78637 1.33586
4.73768 1.38705
4.68947 1.43526
4.69836 1.37748
4.70977 1.31666
4.75833 1.26694
4.80753 1.21413
4.79556 1.27688
4.84537 1.22146
4.83566 1.28168
4.82864 1.33832
4.77969 1.39181
4.82864 1.33832
4.82409 1.39181
4.82210 1.44220
4.77358 1.49484
4.77403 1.54274
4.72585 1.59269
4.67759 1.64041
4.67705 1.59269
4.72534 1.54493
4.72585 1.59269
4.72867 1.63806
4.68037 1.68607
4.68574 1.72931
4.63707 1.77546
4.58790 1.81980
4.58307 1.77546
4.58790 1.81980
4.53822 1.86195
4.48786 1.90229
4.48370 1.85720
4.43319 1.89502
4.43219 1.84742
4.43349 1.79822
4.48279 1.76141
4.48204 1.81012
4.43219 1.84742
4.38182 1.88255
4.38388 1.83304
4.33394 1.86552
4.33922 1.81375
4.34671 1.76018
4.39504 1.72831
4.34671 1.76018
4.35649 1.70463
4.36818 1.64744
4.41489 1.61603
4.42798 1.55664
4.47422 1.52295
4.52066 1.48669
4.50855 1.54629
4.46167 1.58227
4.47422 1.52295
4.48892 1.46116
4.53490 1.42479
4.55166 1.35969
4.59780 1.32039
4.64478 1.27784
4.62833 1.34415
4.64478 1.27784
4.69224 1.23272
4.74057 1.18406
4.72371 1.25237
4.77254 1.20171
4.75833 1.26694
4.74662 1.32876
4.69836 1.37748
4.65049 1.42363
4.66184 1.36332
4.67573 1.29974
4.72371 1.25237
4.74057 1.18406
4.78982 1.13216
4.84031 1.07618
4.82242 1.14735
4.84031 1.07618
4.89236 1.01549
4.94598 0.95004
4.92579 1.02641
4.98013 0.95834
4.96228 1.03183
4.94792 1.09976
4.89604 1.16272
4.90920 1.09720
4.96228 1.03183
5.01719 0.96123
5.00148 1.03183
5.05703 0.95834
5.04329 1.02641
5.03285 1.08950
4.97998 1.15785
5.03285 1.08950
5.02582 1.14735
5.02124 1.20171
4.97033 1.26694
4.96917 1.31666
4.91966 1.37748
4.87077 1.43526
4.87088 1.38705
4.82210 1.44220
4.82409 1.39181
4.82864 1.33832
4.87826 1.28168
4.88574 1.22412
4.93684 1.16272
4.98920 1.09720
4.97998 1.15785
4.98920 1.09720
5.04329 1.02641
5.09958 0.95004
5.08776 1.01549
5.14482 0.93576
5.13455 0.99929
5.12768 1.05744
5.07362 1.13216
5.07911 1.07618
5.13455 0.99929
5.19277 0.91527
5.18411 0.97678
5.24351 0.88859
5.23602 0.94837
5.23167 1.00327
5.17588 1.08544
5.23167 1.00327
5.23027 1.05365
5.23172 1.09976
5.17865 1.17790
5.18363 1.21914
5.13339 1.29121
5.08416 1.35969
5.07730 1.32039
5.07288 1.27784
5.12365 1.20810
5.17601 1.13358
5.17865 1.17790
5.23172 1.09976
5.23549 1.14242
5.24166 1.18167
5.19088 1.25724
5.24166 1.18167
5.25010 1.21780
5.26057 1.25107
5.21178 1.32505
5.22529 1.35483
5.17840 1.42479
5.13256 1.49147
5.11735 1.46230
5.16411 1.39538
5.17840 1.42479
5.19475 1.45171
5.14978 1.51825
5.16883 1.54274
5.12511 1.60678
5.08181 1.66838
5.06087 1.64406
5.08181 1.66838
5.03854 1.72831
4.99527 1.78625
4.97269 1.76141
4.92841 1.81738
4.90734 1.78992
4.88861 1.76018
4.93449 1.70463
4.88861 1.76018
4.87224 1.72831
4.85819 1.69422
4.90492 1.63937
4.89367 1.60307
4.94075 1.54629
4.98816 1.48669
4.99842 1.52295
4.98816 1.48669
5.03580 1.42479
5.08416 1.35969
5.09312 1.39656
5.14142 1.32876
5.15174 1.36332
5.16411 1.39538
5.11735 1.46230
5.10419 1.43062
5.15174 1.36332
5.20036 1.29248
5.21178 1.32505
5.26057 1.25107
5.27306 1.28168
5.28746 1.30948
5.24056 1.38227
5.28746 1.30948
5.30379 1.33463
5.32197 1.35726
5.27697 1.42945
5.29790 1.44941
5.25488 1.51825
5.21256 1.58468
5.18982 1.56477
5.16883 1.54274
5.21298 1.47624
5.25794 1.40691
5.27697 1.42945
5.32197 1.35726
5.34186 1.37748
5.36341 1.39538
5.32057 1.46686
5.36341 1.39538
5.38678 1.41044
5.41149 1.42363
5.37058 1.49484
5.39787 1.50547
5.35900 1.57421
5.32109 1.64041
5.29152 1.62996
5.33066 1.56368
5.35900 1.57421
5.38897 1.58227
5.35216 1.64848
5.38468 1.65444
5.34982 1.71877
5.31560 1.78160
5.28057 1.77546
5.31560 1.78160
5.28208 1.84264
5.24886 1.90229
5.21070 1.89619
5.17625 1.95450
5.13813 1.94575
5.10189 1.93442
5.13948 1.87665
5.10663 1.86314
5.14557 1.80405
5.18462 1.74355
5.21497 1.75647
5.25299 1.69422
5.28379 1.70463
5.31601 1.71297
5.28057 1.77546
5.31601 1.71297
5.34982 1.71877
5.38506 1.72229
5.35218 1.78503
5.39007 1.78625
5.35949 1.84742
5.32960 1.90720
5.28848 1.90603
5.32009 1.84622
5.35949 1.84742
5.40009 1.84622
5.37178 1.90603
5.41516 1.90229
5.38955 1.96070
5.36481 2.01799
5.31769 2.02181
5.36481 2.01799
5.34097 2.07426
5.31809 2.12961
5.26623 2.13375
5.24170 2.18820
5.18835 2.18971
5.13650 2.18820
5.16633 2.13375
5.19648 2.07824
5.24342 2.07957
5.29168 2.07824
5.26623 2.13375
5.31809 2.12961
5.29614 2.18391
5.27497 2.23767
5.21764 2.24212
5.27497 2.23767
5.25504 2.29052
5.23612 2.34275
5.17174 2.34772
5.14993 2.39974
5.08251 2.40137
5.01673 2.39974
5.04694 2.34772
5.10851 2.34937
5.08251 2.40137
5.05677 2.45285
4.98639 2.45103
4.95547 2.50185
4.88249 2.49603
4.81311 2.48657
4.85379 2.43663
4.81311 2.48657
4.74807 2.47327
4.68775 2.45650
4.73604 2.40832
4.68365 2.38929
4.73205 2.34131
4.77830 2.29220
4.82564 2.30932
3.86064 2.30932
3.92510 2.29220
3.92225 2.34131
3.92265 2.38929
3.85124 2.40832
3.85135 2.45650
3.77427 2.47327
3.69591 2.48657
3.70519 2.43663
3.69591 2.48657
3.61699 2.49603
3.53827 2.50185
3.55819 2.45103
3.48597 2.45285
3.51171 2.40137
3.53771 2.34937
3.60094 2.34772
3.57913 2.39974
3.51171 2.40137
3.44593 2.39974
3.47614 2.34772
3.41662 2.34275
3.45004 2.29052
3.48287 2.23767
3.53584 2.24212
3.48287 2.23767
3.51554 2.18391
3.54789 2.12961
3.59553 2.13375
3.62568 2.07824
3.67262 2.07957
3.72088 2.07824
3.69543 2.13375
3.67090 2.18820
3.61755 2.18971
3.56570 2.18820
3.59553 2.13375
3.54789 2.12961
3.58027 2.07426
3.61271 2.01799
3.65609 2.02181
3.61271 2.01799
3.64535 1.96070
3.67806 1.90229
3.71768 1.90603
3.74929 1.84622
3.78869 1.84742
3.82929 1.84622
3.80098 1.90603
3.75880 1.90720
3.78869 1.84742
3.81927 1.78625
3.85828 1.78503
3.88826 1.72229
3.92692 1.71877
3.96651 1.71297
3.93957 1.77546
3.96651 1.71297
4.00719 1.70463
4.04839 1.69422
4.02417 1.75647
4.06742 1.74355
4.04587 1.80405
4.02583 1.86314
3.97948 1.87665
3.95919 1.93442
3.91173 1.94575
3.86485 1.95450
3.88860 1.89619
3.84436 1.90229
3.87088 1.84264
3.89840 1.78160
3.93957 1.77546
3.89840 1.78160
3.92692 1.71877
3.95648 1.65444
3.99486 1.64848
4.02437 1.58227
4.06240 1.57421
4.10126 1.56368
4.07412 1.62996
4.03409 1.64041
4.06240 1.57421
4.09217 1.50547
4.13008 1.49484
4.16049 1.42363
4.19838 1.41044
4.23681 1.39538
4.20817 1.46686
4.23681 1.39538
4.27616 1.37748
4.31627 1.35726
4.28907 1.42945
4.33064 1.40691
4.30628 1.47624
4.28403 1.54274
4.24102 1.56477
4.19836 1.58468
4.22248 1.51825
4.24830 1.44941
4.28907 1.42945
4.31627 1.35726
4.35709 1.33463
4.39866 1.30948
4.37266 1.38227
4.39866 1.30948
4.44086 1.28168
4.48397 1.25107
4.45878 1.32505
4.50276 1.29248
4.48044 1.36332
4.46069 1.43062
4.41595 1.46230
4.43611 1.39538
4.48044 1.36332
4.52532 1.32876
4.50592 1.39656
4.55166 1.35969
4.53490 1.42479
4.52066 1.48669
4.47422 1.52295
4.52066 1.48669
4.50855 1.54629
4.49887 1.60307
4.45132 1.63937
4.44319 1.69422
4.39504 1.72831
4.34671 1.76018
4.35649 1.70463
4.34671 1.76018
4.29834 1.78992
4.24981 1.81738
4.26149 1.76141
4.21407 1.78625
4.22874 1.72831
4.24541 1.66838
4.29057 1.64406
4.24541 1.66838
4.26371 1.60678
4.28403 1.54274
4.32758 1.51825
4.34905 1.45171
4.39230 1.42479
4.43611 1.39538
4.41595 1.46230
4.37156 1.49147
4.39230 1.42479
4.41549 1.35483
4.45878 1.32505
4.48397 1.25107
4.52770 1.21780
4.57226 1.18167
4.54738 1.25724
4.57226 1.18167
4.61769 1.14242
4.66412 1.09976
4.63895 1.17790
4.68601 1.13358
4.66385 1.20810
4.64478 1.27784
4.59780 1.32039
4.55166 1.35969
4.57099 1.29121
4.59273 1.21914
4.63895 1.17790
4.66412 1.09976
4.71167 1.05365
4.76057 1.00327
4.73428 1.08544
4.76057 1.00327
4.81122 0.94837
4.86351 0.88859
4.83471 0.97678
4.88747 0.91527
4.86175 0.99929
4.84031 1.07618
4.78982 1.13216
4.81038 1.05744
4.86175 0.99929
4.91502 0.93576
4.89236 1.01549
4.94598 0.95004
4.92579 1.02641
4.90920 1.09720
4.85768 1.15785
4.90920 1.09720
4.89604 1.16272
4.88574 1.22412
4.83566 1.28168
4.82864 1.33832
4.77969 1.39181
4.73130 1.44220
4.73768 1.38705
4.68947 1.43526
4.69836 1.37748
4.70977 1.31666
4.75833 1.26694
4.77254 1.20171
4.82242 1.14735
4.87325 1.08950
4.85768 1.15785
4.87325 1.08950
4.92579 1.02641
4.98013 0.95834
4.96228 1.03183
5.01719 0.96123
5.00148 1.03183
4.98920 1.09720
4.93684 1.16272
4.94792 1.09976
5.00148 1.03183
5.05703 0.95834
5.04329 1.02641
5.09958 0.95004
5.08776 1.01549
5.07911 1.07618
5.02582 1.14735
5.07911 1.07618
5.07362 1.13216
5.07087 1.18406
5.01941 1.25237
5.02013 1.29974
4.97044 1.36332
4.92149 1.42363
4.91966 1.37748
4.92012 1.32876
4.97033 1.26694
5.02124 1.20171
5.01941 1.25237
5.07087 1.18406
5.07064 1.23272
5.07288 1.27784
5.02313 1.34415
5.07288 1.27784
5.07730 1.32039
5.08416 1.35969
5.03580 1.42479
5.04552 1.46116
4.99842 1.52295
4.95167 1.58227
4.94075 1.54629
4.98816 1.48669
4.99842 1.52295
5.01088 1.55664
4.96469 1.61603
4.97998 1.64744
4.93449 1.70463
4.88861 1.76018
4.87224 1.72831
4.88861 1.76018
4.84262 1.81375
4.79614 1.86552
4.77868 1.83304
4.73122 1.88255
4.71599 1.84742
4.70334 1.81012
4.75139 1.76141
4.76379 1.79822
4.71599 1.84742
4.66739 1.89502
4.65470 1.85720
4.60536 1.90229
4.59542 1.86195
4.58790 1.81980
4.63707 1.77546
4.58790 1.81980
4.58307 1.77546
4.58054 1.72931
4.62917 1.68607
4.62877 1.63806
4.67705 1.59269
4.72534 1.54493
4.72585 1.59269
4.67759 1.64041
4.67705 1.59269
4.67883 1.54274
4.72708 1.49484
4.73130 1.44220
4.77969 1.39181
4.82864 1.33832
4.82409 1.39181
4.82864 1.33832
4.87826 1.28168
4.92867 1.22146
4.92306 1.27688
4.97383 1.21413
4.97033 1.26694
4.96917 1.31666
4.91966 1.37748
4.87077 1.43526
4.87088 1.38705
4.87327 1.33586
4.92306 1.27688
4.92867 1.22146
4.97998 1.15785
5.03285 1.08950
5.02582 1.14735
5.03285 1.08950
5.08776 1.01549
5.14482 0.93576
5.13455 0.99929
5.19277 0.91527
5.18411 0.97678
5.17851 1.03338
5.12371 1.11137
5.12768 1.05744
5.18411 0.97678
5.24351 0.88859
5.23602 0.94837
5.29701 0.85518
5.29063 0.91354
5.28731 0.96699
5.23027 1.05365
5.28731 0.96699
5.28716 1.01549
5.28946 1.06008
5.23549 1.14242
5.24166 1.18167
5.19088 1.25724
5.14142 1.32876
5.13339 1.29121
5.08416 1.35969
5.07730 1.32039
5.07288 1.27784
5.12365 1.20810
5.12236 1.16167
5.17588 1.08544
5.23167 1.00327
5.23027 1.05365
5.23167 1.00327
5.29063 0.91354
5.35367 0.81426
5.34778 0.87203
5.41370 0.76520
5.40830 0.82241
5.40661 0.87339
5.34616 0.97108
5.34557 0.92386
5.40830 0.82241
5.47782 0.70637
5.47256 0.76367
5.54744 0.63512
5.54161 0.69358
5.53978 0.74504
5.47282 0.85976
5.53978 0.74504
5.54168 0.78985
5.54640 0.83001
5.48438 0.93703
5.49377 0.96985
5.43819 1.06422
5.38580 1.15121
5.37350 1.12181
5.36315 1.08950
5.41835 0.99929
5.47726 0.90049
5.48438 0.93703
5.54640 0.83001
5.55375 0.86569
5.56349 0.89742
5.50525 0.99929
5.56349 0.89742
5.57542 0.92557
5.58948 0.95004
5.53433 1.04833
5.55163 1.06834
5.50118 1.15785
5.45357 1.24127
5.43390 1.22279
5.48283 1.13854
5.50118 1.15785
5.52144 1.17412
5.47468 1.25724
5.49740 1.27079
5.45368 1.34904
5.41149 1.42363
5.38678 1.41044
5.41149 1.42363
5.37058 1.49484
5.33066 1.56368
5.30374 1.55093
5.26356 1.61708
5.23720 1.60201
5.21256 1.58468
5.25488 1.51825
5.21256 1.58468
5.18982 1.56477
5.16883 1.54274
5.21298 1.47624
5.19475 1.45171
5.24056 1.38227
5.28746 1.30948
5.30379 1.33463
5.28746 1.30948
5.33574 1.23272
5.38580 1.15121
5.40005 1.17790
5.45106 1.09207
5.46601 1.11678
5.48283 1.13854
5.43390 1.22279
5.41604 1.20171
5.46601 1.11678
5.51888 1.02525
5.53433 1.04833
5.58948 0.95004
5.60556 0.97108
5.62335 0.98930
5.57068 1.08544
5.62335 0.98930
5.64277 1.00485
5.66397 1.01705
5.61371 1.11137
5.63733 1.12073
5.59115 1.20810
5.54737 1.29026
5.52176 1.28168
5.49740 1.27079
5.54329 1.18782
5.59142 1.09976
5.61371 1.11137
5.66397 1.01705
5.68679 1.02641
5.71101 1.03338
5.66251 1.12717
5.71101 1.03338
5.73678 1.03723
5.76382 1.03877
5.71712 1.13216
5.74633 1.13074
5.70370 1.21780
5.66363 1.29974
5.63270 1.30100
5.67363 1.21914
5.70370 1.21780
5.73483 1.21413
5.69556 1.29627
5.72867 1.29026
5.69277 1.36785
5.65860 1.44220
5.62347 1.44826
5.65860 1.44220
5.62613 1.51353
5.59517 1.58227
5.55792 1.58815
5.52728 1.65444
5.49000 1.65781
5.45365 1.65910
5.48685 1.59269
5.45289 1.59163
5.48842 1.52295
5.52505 1.45171
5.55677 1.45286
5.59386 1.37868
5.62566 1.37748
5.65866 1.37388
5.62347 1.44826
5.65866 1.37388
5.69277 1.36785
5.72766 1.35969
5.69445 1.43410
5.73129 1.42363
5.70088 1.49484
5.67206 1.56368
5.63320 1.57421
5.66297 1.50547
5.70088 1.49484
5.73951 1.48218
5.71174 1.55093
5.75219 1.53562
5.72720 1.60201
5.70387 1.66607
5.66129 1.68121
5.70387 1.66607
5.68204 1.72831
5.66185 1.78870
5.61667 1.80405
5.59663 1.86314
5.55028 1.87665
5.50455 1.88750
5.52768 1.82824
5.55213 1.76734
5.59497 1.75647
5.63822 1.74355
5.61667 1.80405
5.66185 1.78870
5.64329 1.84742
5.62628 1.90463
5.57804 1.92073
5.62628 1.90463
5.61085 1.96070
5.59715 2.01551
5.54543 2.03215
5.53150 2.08619
5.47773 2.10095
5.42399 2.11323
5.44226 2.05828
5.49367 2.04647
5.47773 2.10095
5.46331 2.15437
5.40714 2.16712
5.39188 2.22004
5.33318 2.23025
5.27497 2.23767
5.29614 2.18391
5.27497 2.23767
5.21764 2.24212
5.16140 2.24360
5.18835 2.18971
5.13650 2.18820
5.16633 2.13375
5.19648 2.07824
5.24342 2.07957
5.29168 2.07824
5.26623 2.13375
5.24170 2.18820
5.18835 2.18971
5.16140 2.24360
5.10664 2.24212
5.05367 2.23767
5.08634 2.18391
5.05367 2.23767
5.00288 2.23025
4.95448 2.22004
4.99214 2.16712
4.94871 2.15437
4.98773 2.10095
5.02617 2.04647
5.06586 2.05828
5.02919 2.11323
4.98773 2.10095
4.94860 2.08619
4.98883 2.03215
4.95365 2.01551
4.99475 1.96070
5.03538 1.90463
5.06764 1.92073
5.03538 1.90463
5.07569 1.84742
5.11585 1.78870
5.14557 1.80405
5.18462 1.74355
5.21497 1.75647
5.24683 1.76734
5.21038 1.82824
5.17425 1.88750
5.13948 1.87665
5.10663 1.86314
5.14557 1.80405
5.11585 1.78870
5.15604 1.72831
5.19647 1.66607
5.22389 1.68121
5.19647 1.66607
5.23720 1.60201
5.27849 1.53562
5.30374 1.55093
5.34471 1.48218
5.37058 1.49484
5.39787 1.50547
5.35900 1.57421
5.33066 1.56368
5.37058 1.49484
5.41149 1.42363
5.43785 1.43410
5.47896 1.35969
5.50577 1.36785
5.53386 1.37388
5.49467 1.44826
5.53386 1.37388
5.56316 1.37748
5.59386 1.37868
5.55677 1.45286
5.58955 1.45171
5.55502 1.52295
5.52189 1.59163
5.48685 1.59269
5.45365 1.65910
5.41860 1.65781
5.38468 1.65444
5.42022 1.58815
5.38897 1.58227
5.42673 1.51353
5.46560 1.44220
5.49467 1.44826
5.46560 1.44220
5.50577 1.36785
5.54737 1.29026
5.57456 1.29627
5.61733 1.21413
5.64490 1.21780
5.67363 1.21914
5.63270 1.30100
5.60303 1.29974
5.64490 1.21780
5.68923 1.13074
5.71712 1.13216
5.76382 1.03877
5.79238 1.03723
5.82201 1.03338
5.77671 1.12717
5.82201 1.03338
5.85309 1.02641
5.88527 1.01705
5.84131 1.11137
5.87522 1.09976
5.83529 1.18782
5.79820 1.27079
5.76296 1.28168
5.72867 1.29026
5.76715 1.20810
5.80833 1.12073
5.84131 1.11137
5.88527 1.01705
5.91877 1.00485
5.95365 0.98930
5.91028 1.08544
5.95365 0.98930
5.98966 0.97108
6.02688 0.95004
5.98373 1.04833
6.02228 1.02525
5.98361 1.11678
5.94854 1.20171
5.90960 1.22279
5.94503 1.13854
5.98361 1.11678
6.02316 1.09207
5.98845 1.17790
6.02930 1.15121
5.99794 1.23272
5.96946 1.30948
5.92789 1.33463
5.96946 1.30948
5.94346 1.38227
5.91985 1.45171
5.87708 1.47624
5.85483 1.54274
5.81182 1.56477
5.76916 1.58468
5.79328 1.51825
5.76916 1.58468
5.72720 1.60201
5.68576 1.61708
5.71174 1.55093
5.67206 1.56368
5.70088 1.49484
5.73129 1.42363
5.76918 1.41044
5.73129 1.42363
5.76368 1.34904
5.79820 1.27079
5.83438 1.25724
5.87084 1.17412
5.90728 1.15785
5.94503 1.13854
5.90960 1.22279
5.87157 1.24127
5.90728 1.15785
5.94643 1.06834
5.98373 1.04833
6.02688 0.95004
6.06542 0.92557
6.10539 0.89742
6.06185 0.99929
6.10539 0.89742
6.14685 0.86569
6.18990 0.83001
6.14498 0.93703
6.18856 0.90049
6.14875 0.99929
6.11375 1.08950
6.07110 1.12181
6.02930 1.15121
6.06399 1.06422
6.10277 0.96985
6.14498 0.93703
6.18990 0.83001
6.23478 0.78985
6.28158 0.74504
6.23382 0.85976
6.28158 0.74504
6.33121 0.69358
6.38384 0.63512
6.33016 0.76367
6.38212 0.70637
6.33560 0.82241
6.29697 0.92386
6.24906 0.97108
6.28631 0.87339
6.33560 0.82241
6.38750 0.76520
6.34648 0.87203
6.39847 0.81426
6.36223 0.91354
6.33137 1.00327
6.28247 1.05365
6.33137 1.00327
6.30508 1.08544
6.28236 1.16167
6.23465 1.20810
6.21558 1.27784
6.16860 1.32039
6.12246 1.35969
6.14179 1.29121
6.09612 1.32876
6.11818 1.25724
6.14296 1.18167
6.18849 1.14242
6.21676 1.06008
6.26376 1.01549
6.31211 0.96699
6.28247 1.05365
6.31211 0.96699
6.36223 0.91354
6.41421 0.85518
6.38202 0.94837
6.43431 0.88859
6.40551 0.97678
6.38118 1.05744
6.33121 1.11137
6.35451 1.03338
6.40551 0.97678
6.45827 0.91527
6.43255 0.99929
6.48582 0.93576
6.46316 1.01549
6.44405 1.08950
6.39322 1.14735
6.44405 1.08950
6.42848 1.15785
6.41617 1.22146
6.36636 1.27688
6.35717 1.33586
6.30848 1.38705
6.26027 1.43526
6.26916 1.37748
6.28057 1.31666
6.32913 1.26694
6.37833 1.21413
6.36636 1.27688
6.41617 1.22146
6.40646 1.28168
6.39944 1.33832
6.35049 1.39181
6.39944 1.33832
6.39489 1.39181
6.39290 1.44220
6.34438 1.49484
6.34483 1.54274
6.29665 1.59269
6.24839 1.64041
6.24785 1.59269
6.29614 1.54493
6.29665 1.59269
6.29947 1.63806
6.25117 1.68607
6.25654 1.72931
6.20787 1.77546
6.15870 1.81980
6.15387 1.77546
6.15870 1.81980
6.10902 1.86195
6.05866 1.90229
6.05450 1.85720
6.00399 1.89502
6.00299 1.84742
6.00429 1.79822
6.05359 1.76141
6.05284 1.81012
6.00299 1.84742
5.95262 1.88255
5.95468 1.83304
5.90474 1.86552
5.91002 1.81375
5.91751 1.76018
5.96584 1.72831
5.91751 1.76018
5.92729 1.70463
5.93898 1.64744
5.98569 1.61603
5.99878 1.55664
6.04502 1.52295
6.09146 1.48669
6.07935 1.54629
6.03247 1.58227
6.04502 1.52295
6.05972 1.46116
6.10570 1.42479
6.12246 1.35969
6.16860 1.32039
6.21558 1.27784
6.19913 1.34415
6.21558 1.27784
6.26304 1.23272
6.31137 1.18406
6.29451 1.25237
6.34334 1.20171
6.32913 1.26694
6.31742 1.32876
6.26916 1.37748
6.22129 1.42363
6.23264 1.36332
6.24653 1.29974
6.29451 1.25237
6.31137 1.18406
6.36062 1.13216
6.41111 1.07618
6.39322 1.14735
6.41111 1.07618
6.46316 1.01549
6.51678 0.95004
6.49659 1.02641
6.55093 0.95834
6.53308 1.03183
6.51872 1.09976
6.46684 1.16272
6.48000 1.09720
6.53308 1.03183
6.58799 0.96123
6.57228 1.03183
6.62783 0.95834
6.61409 1.02641
6.60365 1.08950
6.55078 1.15785
6.60365 1.08950
6.59662 1.14735
6.59204 1.20171
6.54113 1.26694
6.53997 1.31666
6.49046 1.37748
6.44157 1.43526
6.44168 1.38705
6.39290 1.44220
6.39489 1.39181
6.39944 1.33832
6.44906 1.28168
6.45654 1.22412
6.50764 1.16272
6.56000 1.09720
6.55078 1.15785
6.56000 1.09720
6.61409 1.02641
6.67038 0.95004
6.65856 1.01549
6.71562 0.93576
6.70535 0.99929
6.69848 1.05744
6.64442 1.13216
6.64991 1.07618
6.70535 0.99929
6.76357 0.91527
6.75491 0.97678
6.81431 0.88859
6.80682 0.94837
6.80247 1.00327
6.74668 1.08544
6.80247 1.00327
6.80107 1.05365
6.80252 1.09976
6.74945 1.17790
6.75443 1.21914
6.70419 1.29121
6.65496 1.35969
6.64810 1.32039
6.64368 1.27784
6.69445 1.20810
6.74681 1.13358
6.74945 1.17790
6.80252 1.09976
6.80629 1.14242
6.81246 1.18167
6.76168 1.25724
6.81246 1.18167
6.82090 1.21780
6.83137 1.25107
6.78258 1.32505
6.79609 1.35483
6.74920 1.42479
6.70336 1.49147
6.68815 1.46230
6.73491 1.39538
6.74920 1.42479
6.76555 1.45171
6.72048 1.51825
6.73963 1.54274
6.69591 1.60678
6.65261 1.66838
6.63167 1.64406
6.65261 1.66838
6.60934 1.72831
6.56607 1.78625
6.54349 1.76141
6.49921 1.81738
6.47814 1.78992
6.45941 1.76018
6.50529 1.70463
6.45941 1.76018
6.44304 1.72831
6.42899 1.69422
6.47572 1.63937
6.46447 1.60307
6.51155 1.54629
6.55896 1.48669
6.56922 1.52295
6.55896 1.48669
6.60660 1.42479
6.65496 1.35969
6.66392 1.39656
6.71222 1.32876
6.72254 1.36332
6.73491 1.39538
6.68815 1.46230
6.67499 1.43062
6.72254 1.36332
6.77116 1.29248
6.78258 1.32505
6.83137 1.25107
6.84376 1.28168
6.85826 1.30948
6.81136 1.38227
6.85826 1.30948
6.87459 1.33463
6.89277 1.35726
6.84777 1.42945
6.86870 1.44941
6.82568 1.51825
6.78336 1.58468
6.76062 1.56477
6.73963 1.54274
6.78378 1.47624
6.82874 1.40691
6.84777 1.42945
6.89277 1.35726
6.91266 1.37748
6.93421 1.39538
6.89127 1.46686
6.93421 1.39538
6.95758 1.41044
6.98229 1.42363
6.94138 1.49484
6.96867 1.50547
6.92980 1.57421
6.89189 1.64041
6.86232 1.62996
6.90136 1.56368
6.92980 1.57421
6.95977 1.58227
6.92296 1.64848
6.95548 1.65444
6.92062 1.71877
6.88640 1.78160
6.85137 1.77546
6.88640 1.78160
6.85288 1.84264
6.81966 1.90229
6.78150 1.89619
6.74705 1.95450
6.70893 1.94575
6.67269 1.93442
6.71028 1.87665
6.67743 1.86314
6.71637 1.80405
6.75542 1.74355
6.78577 1.75647
6.82379 1.69422
6.85459 1.70463
6.88681 1.71297
6.85137 1.77546
6.88681 1.71297
6.92062 1.71877
6.95586 1.72229
6.92298 1.78503
6.96087 1.78625
6.93029 1.84742
6.90040 1.90720
6.85928 1.90603
6.89089 1.84622
6.93029 1.84742
6.97089 1.84622
6.94258 1.90603
6.98596 1.90229
6.96035 1.96070
6.93561 2.01799
6.88849 2.02181
6.93561 2.01799
6.91177 2.07426
6.88889 2.12961
6.83703 2.13375
6.81250 2.18820
6.75915 2.18971
6.70730 2.18820
6.73713 2.13375
6.76728 2.07824
6.81422 2.07957
6.86248 2.07824
6.83703 2.13375
6.88889 2.12961
6.86694 2.18391
6.84577 2.23767
6.78844 2.24212
6.84577 2.23767
6.82584 2.29052
6.80692 2.34275
6.74254 2.34772
6.72063 2.39974
6.65331 2.40137
6.58753 2.39974
6.61774 2.34772
6.67931 2.34937
6.65331 2.40137
6.62757 2.45285
6.55719 2.45103
6.52627 2.50185
6.45329 2.49603
6.38391 2.48657
6.42459 2.43663
6.38391 2.48657
6.31887 2.47327
6.25855 2.45650
6.30684 2.40832
6.25445 2.38929
6.30285 2.34131
6.34910 2.29220
6.39644 2.30932
5.43144 2.30932
5.49590 2.29220
5.49305 2.34131
5.49345 2.38929
5.42204 2.40832
5.42215 2.45650
5.34507 2.47327
5.26671 2.48657
5.27599 2.43663
5.26671 2.48657
5.18779 2.49603
5.10907 2.50185
5.12899 2.45103
5.05677 2.45285
5.08251 2.40137
5.10851 2.34937
5.17174 2.34772
5.14993 2.39974
5.08251 2.40137
5.01673 2.39974
5.04694 2.34772
4.98742 2.34275
5.02084 2.29052
5.05367 2.23767
5.10664 2.24212
5.05367 2.23767
5.08634 2.18391
5.11869 2.12961
5.16633 2.13375
5.19648 2.07824
5.24342 2.07957
5.29168 2.07824
5.26623 2.13375
5.24170 2.18820
5.18835 2.18971
5.13650 2.18820
5.16633 2.13375
5.11869 2.12961
5.15107 2.07426
5.18351 2.01799
5.22689 2.02181
5.18351 2.01799
5.21605 1.96070
5.24886 1.90229
5.28848 1.90603
5.32009 1.84622
5.35949 1.84742
5.40009 1.84622
5.37178 1.90603
5.32960 1.90720
5.35949 1.84742
5.39007 1.78625
5.42908 1.78503
5.45906 1.72229
5.49772 1.71877
5.53731 1.71297
5.51037 1.77546
5.53731 1.71297
5.57799 1.70463
5.61919 1.69422
5.59497 1.75647
5.63822 1.74355
5.61667 1.80405
5.59663 1.86314
5.55028 1.87665
5.52999 1.93442
5.48253 1.94575
5.43565 1.95450
5.45940 1.89619
5.41516 1.90229
5.44168 1.84264
5.46920 1.78160
5.51037 1.77546
5.46920 1.78160
5.49772 1.71877
5.52728 1.65444
5.56566 1.64848
5.59517 1.58227
5.63320 1.57421
5.67206 1.56368
5.64492 1.62996
5.60489 1.64041
5.63320 1.57421
5.66297 1.50547
5.70088 1.49484
5.73129 1.42363
5.76918 1.41044
5.80761 1.39538
5.77897 1.46686
5.80761 1.39538
5.84696 1.37748
5.88707 1.35726
5.85987 1.42945
5.90144 1.40691
5.87708 1.47624
5.85483 1.54274
5.81182 1.56477
5.76916 1.58468
5.79328 1.51825
5.81910 1.44941
5.85987 1.42945
5.88707 1.35726
5.92789 1.33463
5.96946 1.30948
5.94346 1.38227
5.96946 1.30948
6.01166 1.28168
6.05477 1.25107
6.02958 1.32505
6.07356 1.29248
6.05124 1.36332
6.03149 1.43062
5.98675 1.46230
6.00691 1.39538
6.05124 1.36332
6.09612 1.32876
6.07672 1.39656
6.12246 1.35969
6.10570 1.42479
6.09146 1.48669
6.04502 1.52295
6.09146 1.48669
6.07935 1.54629
6.06967 1.60307
6.02212 1.63937
6.01399 1.69422
5.96584 1.72831
5.91751 1.76018
5.92729 1.70463
5.91751 1.76018
5.86914 1.78992
5.82061 1.81738
5.83219 1.76141
5.78487 1.78625
5.79954 1.72831
5.81621 1.66838
5.86137 1.64406
5.81621 1.66838
5.83451 1.60678
5.85483 1.54274
5.89838 1.51825
5.91985 1.45171
5.96310 1.42479
6.00691 1.39538
5.98675 1.46230
5.94236 1.49147
5.96310 1.42479
5.98629 1.35483
6.02958 1.32505
6.05477 1.25107
6.09850 1.21780
6.14296 1.18167
6.11818 1.25724
6.14296 1.18167
6.18849 1.14242
6.23492 1.09976
6.20975 1.17790
6.25681 1.13358
6.23465 1.20810
6.21558 1.27784
6.16860 1.32039
6.12246 1.35969
6.14179 1.29121
6.16353 1.21914
6.20975 1.17790
6.23492 1.09976
6.28247 1.05365
6.33137 1.00327
6.30508 1.08544
6.33137 1.00327
6.38202 0.94837
6.43431 0.88859
6.40551 0.97678
6.45827 0.91527
6.43255 0.99929
6.41111 1.07618
6.36062 1.13216
6.38118 1.05744
6.43255 0.99929
6.48582 0.93576
6.46316 1.01549
6.51678 0.95004
6.49659 1.02641
6.48000 1.09720
6.42848 1.15785
6.48000 1.09720
6.46684 1.16272
6.45654 1.22412
6.40646 1.28168
6.39944 1.33832
6.35049 1.39181
6.30210 1.44220
6.30848 1.38705
6.26027 1.43526
6.26916 1.37748
6.28057 1.31666
6.32913 1.26694
6.34334 1.20171
6.39322 1.14735
6.44405 1.08950
6.42848 1.15785
6.44405 1.08950
6.49659 1.02641
6.55093 0.95834
6.53308 1.03183
6.58799 0.96123
6.57228 1.03183
6.56000 1.09720
6.50764 1.16272
6.51872 1.09976
6.57228 1.03183
6.62783 0.95834
6.61409 1.02641
6.67038 0.95004
6.65856 1.01549
6.64991 1.07618
6.59662 1.14735
6.64991 1.07618
6.64442 1.13216
6.64167 1.18406
6.59021 1.25237
6.59093 1.29974
6.54124 1.36332
6.49229 1.42363
6.49046 1.37748
6.49092 1.32876
6.54113 1.26694
6.59204 1.20171
6.59021 1.25237
6.64167 1.18406
6.64144 1.23272
6.64368 1.27784
6.59393 1.34415
6.64368 1.27784
6.64810 1.32039
6.65496 1.35969
6.60660 1.42479
6.61632 1.46116
6.56922 1.52295
6.52247 1.58227
6.51155 1.54629
6.55896 1.48669
6.56922 1.52295
6.58168 1.55664
6.53549 1.61603
6.55078 1.64744
6.50529 1.70463
6.45941 1.76018
6.44304 1.72831
6.45941 1.76018
6.41342 1.81375
6.36694 1.86552
6.34948 1.83304
6.30202 1.88255
6.28679 1.84742
6.27414 1.81012
6.32219 1.76141
6.33459 1.79822
6.28679 1.84742
6.23819 1.89502
6.22550 1.85720
6.17616 1.90229
6.16612 1.86195
6.15870 1.81980
6.20787 1.77546
6.15870 1.81980
6.15387 1.77546
6.15134 1.72931
6.19987 1.68607
6.19957 1.63806
6.24785 1.59269
6.29614 1.54493
6.29665 1.59269
6.24839 1.64041
6.24785 1.59269
6.24963 1.54274
6.29788 1.49484
6.30210 1.44220
6.35049 1.39181
6.39944 1.33832
6.39489 1.39181
6.39944 1.33832
6.44906 1.28168
6.49947 1.22146
6.49386 1.27688
6.54463 1.21413
6.54113 1.26694
6.53997 1.31666
6.49046 1.37748
6.44157 1.43526
6.44168 1.38705
6.44407 1.33586
6.49386 1.27688
6.49947 1.22146
6.55078 1.15785
6.60365 1.08950
6.59662 1.14735
6.60365 1.08950
6.65856 1.01549
6.71562 0.93576
6.70535 0.99929
6.76357 0.91527
6.75491 0.97678
6.74931 1.03338
6.69451 1.11137
6.69848 1.05744
6.75491 0.97678
6.81431 0.88859
6.80682 0.94837
6.86781 0.85518
6.86143 0.91354
6.85811 0.96699
6.80107 1.05365
6.85811 0.96699
6.85786 1.01549
6.86026 1.06008
6.80629 1.14242
6.81246 1.18167
6.76168 1.25724
6.71222 1.32876
6.70419 1.29121
6.65496 1.35969
6.64810 1.32039
6.64368 1.27784
6.69445 1.20810
6.69316 1.16167
6.74668 1.08544
6.80247 1.00327
6.80107 1.05365
6.80247 1.00327
6.86143 0.91354
6.92447 0.81426
6.91858 0.87203
6.98450 0.76520
6.97910 0.82241
6.97741 0.87339
6.91696 0.97108
6.91637 0.92386
6.97910 0.82241
7.04862 0.70637
7.04336 0.76367
7.11824 0.63512
7.11241 0.69358
7.11058 0.74504
7.04362 0.85976
7.11058 0.74504
7.11248 0.78985
7.11720 0.83001
7.05518 0.93703
7.06457 0.96985
7.00899 1.06422
6.95660 1.15121
6.94430 1.12181
6.93395 1.08950
6.98915 0.99929
7.04806 0.90049
7.05518 0.93703
7.11720 0.83001
7.12455 0.86569
7.13429 0.89742
7.07605 0.99929
7.13429 0.89742
7.14622 0.92557
7.16028 0.95004
7.10513 1.04833
7.12243 1.06834
7.07198 1.15785
7.02437 1.24127
7.00470 1.22279
7.05363 1.13854
7.07198 1.15785
7.09224 1.17412
7.04548 1.25724
7.06820 1.27079
7.02448 1.34904
6.98229 1.42363
6.95758 1.41044
6.98229 1.42363
6.94138 1.49484
6.90136 1.56368
6.87454 1.55093
6.83436 1.61708
6.80800 1.60201
6.78336 1.58468
6.82568 1.51825
6.78336 1.58468
6.76062 1.56477
6.73963 1.54274
6.78378 1.47624
6.76555 1.45171
6.81136 1.38227
6.85826 1.30948
6.87459 1.33463
6.85826 1.30948
6.90654 1.23272
6.95660 1.15121
6.97075 1.17790
7.02186 1.09207
7.03681 1.11678
7.05363 1.13854
7.00470 1.22279
6.98684 1.20171
7.03681 1.11678
7.08968 1.02525
7.10513 1.04833
7.16028 0.95004
7.17636 0.97108
7.19415 0.98930
7.14148 1.08544
7.19415 0.98930
7.21357 1.00485
7.23477 1.01705
7.18451 1.11137
7.20813 1.12073
7.16195 1.20810
7.11817 1.29026
7.09256 1.28168
7.06820 1.27079
7.11409 1.18782
7.16222 1.09976
7.18451 1.11137
7.23477 1.01705
7.25759 1.02641
7.28181 1.03338
7.23331 1.12717
7.28181 1.03338
7.30758 1.03723
7.33462 1.03877
7.28792 1.13216
7.31713 1.13074
7.27450 1.21780
7.23443 1.29974
7.20350 1.30100
7.24443 1.21914
7.27450 1.21780
7.30563 1.21413
7.26636 1.29627
7.29947 1.29026
7.26357 1.36785
7.22940 1.44220
7.19427 1.44826
7.22940 1.44220
7.19693 1.51353
7.16597 1.58227
7.12872 1.58815
7.09808 1.65444
7.06080 1.65781
7.02445 1.65910
7.05765 1.59269
7.02369 1.59163
7.05922 1.52295
7.09585 1.45171
7.12757 1.45286
7.16466 1.37868
7.19646 1.37748
7.22946 1.37388
7.19427 1.44826
7.22946 1.37388
7.26357 1.36785
7.29846 1.35969
7.26525 1.43410
7.30209 1.42363
7.27168 1.49484
7.24286 1.56368
7.20390 1.57421
7.23377 1.50547
7.27168 1.49484
7.31031 1.48218
7.28254 1.55093
7.32299 1.53562
7.29800 1.60201
7.27467 1.66607
7.23209 1.68121
7.27467 1.66607
7.25284 1.72831
7.23265 1.78870
7.18747 1.80405
7.16743 1.86314
7.12108 1.87665
7.07535 1.88750
7.09848 1.82824
7.12293 1.76734
7.16577 1.75647
7.20902 1.74355
7.18747 1.80405
7.23265 1.78870
7.21409 1.84742
7.19708 1.90463
7.14884 1.92073
7.19708 1.90463
7.18165 1.96070
7.16795 2.01551
7.11623 2.03215
7.10230 2.08619
7.04853 2.10095
6.99479 2.11323
7.01306 2.05828
7.06447 2.04647
7.04853 2.10095
7.03411 2.15437
6.97794 2.16712
6.96268 2.22004
6.90398 2.23025
6.84577 2.23767
6.86694 2.18391
6.84577 2.23767
6.78844 2.24212
6.73220 2.24360
6.75915 2.18971
6.70730 2.18820
6.73713 2.13375
6.76728 2.07824
6.81422 2.07957
6.86248 2.07824
6.83703 2.13375
6.81250 2.18820
6.75915 2.18971
6.73220 2.24360
6.67744 2.24212
6.62447 2.23767
6.65714 2.18391
6.62447 2.23767
6.57368 2.23025
6.52528 2.22004
6.56294 2.16712
6.51951 2.15437
6.55853 2.10095
6.59697 2.04647
6.63666 2.05828
6.59999 2.11323
6.55853 2.10095
6.51940 2.08619
6.55963 2.03215
6.52445 2.01551
6.56555 1.96070
6.60618 1.90463
6.63844 1.92073
6.60618 1.90463
6.64649 1.84742
6.68665 1.78870
6.71637 1.80405
6.75542 1.74355
6.78577 1.75647
6.81763 1.76734
6.78118 1.82824
6.74505 1.88750
6.71028 1.87665
6.67743 1.86314
6.71637 1.80405
6.68665 1.78870
6.72684 1.72831
6.76727 1.66607
6.79469 1.68121
6.76727 1.66607
6.80800 1.60201
6.84929 1.53562
6.87454 1.55093
6.91551 1.48218
6.94138 1.49484
6.96867 1.50547
6.92980 1.57421
6.90136 1.56368
6.94138 1.49484
6.98229 1.42363
7.00865 1.43410
7.04976 1.35969
7.07657 1.36785
7.10466 1.37388
7.06547 1.44826
7.10466 1.37388
7.13396 1.37748
7.16466 1.37868
7.12757 1.45286
7.16035 1.45171
7.12582 1.52295
7.09269 1.59163
7.05765 1.59269
7.02445 1.65910
6.98940 1.65781
6.95548 1.65444
6.99102 1.58815
6.95977 1.58227
6.99753 1.51353
7.03640 1.44220
7.06547 1.44826
7.03640 1.44220
7.07657 1.36785
7.11817 1.29026
7.14526 1.29627
7.18813 1.21413
7.21570 1.21780
7.24443 1.21914
7.20350 1.30100
7.17383 1.29974
7.21570 1.21780
7.26003 1.13074
7.28792 1.13216
7.33462 1.03877
7.36318 1.03723
7.39281 1.03338
7.34751 1.12717
7.39281 1.03338
7.42389 1.02641
7.45607 1.01705
7.41211 1.11137
7.44602 1.09976
7.40609 1.18782
7.36900 1.27079
7.33376 1.28168
7.29947 1.29026
7.33795 1.20810
7.37913 1.12073
7.41211 1.11137
7.45607 1.01705
7.48957 1.00485
7.52445 0.98930
7.48108 1.08544
7.52445 0.98930
7.56046 0.97108
7.59768 0.95004
7.55453 1.04833
7.59308 1.02525
7.55441 1.11678
7.51934 1.20171
7.48040 1.22279
7.51583 1.13854
7.55441 1.11678
7.59396 1.09207
7.55925 1.17790
7.60010 1.15121
7.56874 1.23272
7.54026 1.30948
7.49869 1.33463
7.54026 1.30948
7.51426 1.38227
7.49065 1.45171
7.44788 1.47624
7.42563 1.54274
7.38262 1.56477
7.33996 1.58468
7.36398 1.51825
7.33996 1.58468
7.29800 1.60201
7.25656 1.61708
7.28254 1.55093
7.24286 1.56368
7.27168 1.49484
7.30209 1.42363
7.33998 1.41044
7.30209 1.42363
7.33448 1.34904
7.36900 1.27079
7.40518 1.25724
7.44164 1.17412
7.47808 1.15785
7.51583 1.13854
7.48040 1.22279
7.44237 1.24127
7.47808 1.15785
7.51723 1.06834
7.55453 1.04833
7.59768 0.95004
7.63622 0.92557
7.67619 0.89742
7.63265 0.99929
7.67619 0.89742
7.71765 0.86569
7.76070 0.83001
7.71578 0.93703
7.75936 0.90049
7.71955 0.99929
7.68455 1.08950
7.64190 1.12181
7.60010 1.15121
7.63479 1.06422
7.67357 0.96985
7.71578 0.93703
7.76070 0.83001
7.80558 0.78985
7.85238 0.74504
7.80462 0.85976
7.85238 0.74504
7.90201 0.69358
7.95464 0.63512
7.90096 0.76367
7.95292 0.70637
7.90640 0.82241
7.86777 0.92386
7.81986 0.97108
7.85711 0.87339
7.90640 0.82241
7.95830 0.76520
7.91728 0.87203
7.96927 0.81426
7.93303 0.91354
7.90217 1.00327
7.85317 1.05365
7.90217 1.00327
7.87588 1.08544
7.85316 1.16167
7.80545 1.20810
7.78638 1.27784
7.73940 1.32039
7.69326 1.35969
7.71249 1.29121
7.66692 1.32876
7.68898 1.25724
7.71376 1.18167
7.75919 1.14242
7.78756 1.06008
7.83456 1.01549
7.88291 0.96699
7.85317 1.05365
7.88291 0.96699
7.93303 0.91354
7.98501 0.85518
7.95272 0.94837
8.00511 0.88859
7.97631 0.97678
7.95198 1.05744
7.90201 1.11137
7.92531 1.03338
7.97631 0.97678
8.02907 0.91527
8.00335 0.99929
8.05662 0.93576
8.03396 1.01549
8.01475 1.08950
7.96402 1.14735
8.01475 1.08950
7.99928 1.15785
7.98697 1.22146
7.93716 1.27688
7.92797 1.33586
7.87928 1.38705
7.83107 1.43526
7.83996 1.37748
7.85137 1.31666
7.89993 1.26694
7.94913 1.21413
7.93716 1.27688
7.98697 1.22146
7.97726 1.28168
7.97024 1.33832
7.92129 1.39181
7.97024 1.33832
7.96569 1.39181
7.96370 1.44220
7.91518 1.49484
7.91563 1.54274
7.86745 1.59269
7.81919 1.64041
7.81865 1.59269
7.86694 1.54493
7.86745 1.59269
7.87027 1.63806
7.82197 1.68607
7.82734 1.72931
7.77867 1.77546
7.72950 1.81980
7.72467 1.77546
7.72950 1.81980
7.67982 1.86195
7.62946 1.90229
7.62530 1.85720
7.57479 1.89502
7.57379 1.84742
7.57509 1.79822
7.62439 1.76141
7.62364 1.81012
7.57379 1.84742
7.52342 1.88255
7.52548 1.83304
7.47554 1.86552
7.48082 1.81375
7.48831 1.76018
7.53664 1.72831
7.48831 1.76018
7.49809 1.70463
7.50978 1.64744
7.55649 1.61603
7.56958 1.55664
7.61582 1.52295
7.66226 1.48669
7.65015 1.54629
7.60327 1.58227
7.61582 1.52295
7.63052 1.46116
7.67650 1.42479
7.69326 1.35969
7.73940 1.32039
7.78638 1.27784
7.76993 1.34415
7.78638 1.27784
7.83384 1.23272
7.88217 1.18406
7.86531 1.25237
7.91414 1.20171
7.89993 1.26694
7.88822 1.32876
7.83996 1.37748
7.79209 1.42363
7.80344 1.36332
7.81733 1.29974
7.86531 1.25237
7.88217 1.18406
7.93142 1.13216
7.98191 1.07618
7.96402 1.14735
7.98191 1.07618
8.03396 1.01549
8.08758 0.95004
8.06739 1.02641
8.12173 0.95834
8.10388 1.03183
8.08952 1.09976
8.03764 1.16272
8.05080 1.09720
8.10388 1.03183
8.15879 0.96123
8.14308 1.03183
8.19863 0.95834
8.18489 1.02641
8.17445 1.08950
8.12158 1.15785
8.17445 1.08950
8.16742 1.14735
8.16284 1.20171
8.11193 1.26694
8.11077 1.31666
8.06126 1.37748
8.01237 1.43526
8.01238 1.38705
7.96370 1.44220
7.96569 1.39181
7.97024 1.33832
8.01986 1.28168
8.02734 1.22412
8.07844 1.16272
8.13080 1.09720
8.12158 1.15785
8.13080 1.09720
8.18489 1.02641
8.24118 0.95004
8.22936 1.01549
8.28642 0.93576
8.27615 0.99929
8.26928 1.05744
8.21522 1.13216
8.22071 1.07618
8.27615 0.99929
8.33437 0.91527
8.32571 0.97678
8.38511 0.88859
8.37762 0.94837
8.37327 1.00327
8.31748 1.08544
8.37327 1.00327
8.37187 1.05365
8.37332 1.09976
8.32025 1.17790
8.32523 1.21914
8.27499 1.29121
8.22576 1.35969
8.21890 1.32039
8.21448 1.27784
8.26525 1.20810
8.31761 1.13358
8.32025 1.17790
8.37332 1.09976
8.37709 1.14242
8.38326 1.18167
8.33248 1.25724
8.38326 1.18167
8.39170 1.21780
8.40217 1.25107
8.35338 1.32505
8.36689 1.35483
8.32000 1.42479
8.27416 1.49147
8.25895 1.46230
8.30571 1.39538
8.32000 1.42479
8.33635 1.45171
8.29128 1.51825
8.31043 1.54274
8.26671 1.60678
8.22341 1.66838
8.20247 1.64406
8.22341 1.66838
8.18014 1.72831
8.13687 1.78625
8.11429 1.76141
8.07001 1.81738
8.04894 1.78992
8.03021 1.76018
8.07609 1.70463
8.03021 1.76018
8.01384 1.72831
7.99979 1.69422
8.04652 1.63937
8.03527 1.60307
8.08235 1.54629
8.12976 1.48669
8.14002 1.52295
8.12976 1.48669
8.17740 1.42479
8.22576 1.35969
8.23472 1.39656
8.28302 1.32876
8.29334 1.36332
8.30571 1.39538
8.25895 1.46230
8.24579 1.43062
8.29334 1.36332
8.34196 1.29248
8.35338 1.32505
8.40217 1.25107
8.41456 1.28168
8.42906 1.30948
8.38216 1.38227
8.42906 1.30948
8.44539 1.33463
8.46357 1.35726
8.41857 1.42945
8.43950 1.44941
8.39648 1.51825
8.35416 1.58468
8.33142 1.56477
8.31043 1.54274
8.35458 1.47624
8.39954 1.40691
8.41857 1.42945
8.46357 1.35726
8.48346 1.37748
8.50501 1.39538
8.46207 1.46686
8.50501 1.39538
8.52838 1.41044
8.55309 1.42363
8.51218 1.49484
8.53947 1.50547
8.50060 1.57421
8.46269 1.64041
8.43312 1.62996
8.47216 1.56368
8.50060 1.57421
8.53057 1.58227
8.49376 1.64848
8.52628 1.65444
8.49142 1.71877
8.45720 1.78160
8.42217 1.77546
8.45720 1.78160
8.42358 1.84264
8.39046 1.90229
8.35230 1.89619
8.31785 1.95450
8.27973 1.94575
8.24349 1.93442
8.28108 1.87665
8.24823 1.86314
8.28717 1.80405
8.32622 1.74355
8.35657 1.75647
8.39459 1.69422
8.42539 1.70463
8.45761 1.71297
8.42217 1.77546
8.45761 1.71297
8.49142 1.71877
8.52666 1.72229
8.49378 1.78503
8.53167 1.78625
8.50109 1.84742
8.47120 1.90720
8.43008 1.90603
8.46169 1.84622
8.50109 1.84742
8.54169 1.84622
8.51338 1.90603
8.55676 1.90229
8.53115 1.96070
8.50641 2.01799
8.45929 2.02181
8.50641 2.01799
8.48257 2.07426
8.45959 2.12961
8.40783 2.13375
8.38330 2.18820
8.32995 2.18971
8.27810 2.18820
8.30793 2.13375
8.33808 2.07824
8.38502 2.07957
8.43328 2.07824
8.40783 2.13375
8.45959 2.12961
8.43774 2.18391
8.41657 2.23767
8.35924 2.24212
8.41657 2.23767
8.39664 2.29052
8.37772 2.34275
8.31334 2.34772
8.29143 2.39974
8.22411 2.40137
8.15833 2.39974
8.18854 2.34772
8.25011 2.34937
8.22411 2.40137
8.19837 2.45285
8.12799 2.45103
8.09707 2.50185
8.02409 2.49603
7.95471 2.48657
7.99539 2.43663
7.95471 2.48657
7.88967 2.47327
7.82935 2.45650
7.87764 2.40832
7.82525 2.38929
7.87365 2.34131
7.91990 2.29220
7.96724 2.30932
7.91990 2.29220
7.82525 2.38929
7.87764 2.40832
7.82935 2.45650
8.09707 2.50185
8.12799 2.45103
8.19837 2.45285
8.18766 2.47428
7.85505 3.13950
6.28320 3.14159