# sss file
-1.57080 3.14159
-1.57080 3.14159
-1.03750 3.12220
-0.55223 2.15166
-0.41637 2.07914
-0.26593 1.97933
-0.12305 1.86439
0.01429 1.73462
0.16777 1.56700
0.34184 1.34866
0.44259 1.20922
0.55640 1.19289
0.68457 1.14325
0.82629 1.05783
0.98305 0.93064
1.16167 0.74611
1.25324 0.63512
1.22530 0.85733
1.24067 1.00704
1.28579 1.10994
1.35489 1.17503
1.44430 1.20600
1.48979 1.20922
1.42762 1.45018
1.39876 1.63244
1.39356 1.79207
1.40961 1.91546
1.44696 2.02402
1.50810 2.11698
1.54216 2.15166
1.05689 3.12220
2.23517 3.14159
-0.51390 3.12220
-0.02863 2.15166
0.10722 2.07914
0.25767 1.97933
0.40055 1.86439
0.53789 1.73462
0.69137 1.56700
0.86543 1.34866
0.96619 1.20922
1.08000 1.19289
1.20816 1.14325
1.34989 1.05783
1.50665 0.93064
1.68527 0.74611
1.77683 0.63512
1.74890 0.85733
1.76427 1.00704
1.80939 1.10994
1.87848 1.17503
1.96790 1.20600
2.01338 1.20922
1.95122 1.45018
1.92236 1.63244
1.91716 1.79207
1.93321 1.91546
1.97056 2.02402
2.03170 2.11698
2.06576 2.15166
1.58049 3.12220
-0.64318 3.14159
0.00969 3.12220
0.49496 2.15166
0.63082 2.07914
0.78127 1.97933
0.92415 1.86439
1.06149 1.73462
1.21497 1.56700
1.38903 1.34866
1.48979 1.20922
1.60360 1.19289
1.73176 1.14325
1.87349 1.05783
2.03025 0.93064
2.20887 0.74611
2.30043 0.63512
2.27250 0.85733
2.28786 1.00704
2.33299 1.10994
2.40208 1.17503
2.49150 1.20600
2.53698 1.20922
2.47482 1.45018
2.44596 1.63244
2.44076 1.79207
2.45680 1.91546
2.49416 2.02402
2.55530 2.11698
2.58936 2.15166
2.10409 3.12220
3.98455 3.14159
6.81648 3.12220
7.30175 2.15166
7.43761 2.07914
7.58805 1.97933
7.73093 1.86439
7.86827 1.73462
8.02175 1.56700
8.19582 1.34866
8.29657 1.20922
8.41038 1.19289
8.53855 1.14325
8.68027 1.05783
8.83703 0.93064
9.01565 0.74611
9.10722 0.63512
9.07928 0.85733
9.09465 1.00704
9.13977 1.10994
9.20887 1.17503
9.29828 1.20600
9.34377 1.20922
9.28160 1.45018
9.25274 1.63244
9.24755 1.79207
9.26359 1.91546
9.30095 2.02402
9.36208 2.11698
9.39614 2.15166
8.91087 3.12220
9.55391 3.14159
13.62326 3.12220
14.10853 2.15166
14.24439 2.07914
14.39483 1.97933
14.53772 1.86439
14.67506 1.73462
14.82854 1.56700
15.00260 1.34866
15.10335 1.20922
15.21717 1.19289
15.34533 1.14325
15.48705 1.05783
15.64382 0.93064
15.82244 0.74611
15.91400 0.63512
15.88607 0.85733
15.90143 1.00704
15.94655 1.10994
16.01565 1.17503
16.10506 1.20600
16.15055 1.20922
16.08839 1.45018
16.05953 1.63244
16.05433 1.79207
16.07037 1.91546
16.10773 2.02402
16.16887 2.11698
16.20293 2.15166
15.71766 3.12220
16.23886 3.14159
14.14686 3.12220
14.63213 2.15166
14.76799 2.07914
14.91843 1.97933
15.06132 1.86439
15.19865 1.73462
15.35213 1.56700
15.52620 1.34866
15.62695 1.20922
15.74077 1.19289
15.86893 1.14325
16.01065 1.05783
16.16742 0.93064
16.34604 0.74611
16.43760 0.63512
16.40966 0.85733
16.42503 1.00704
16.47015 1.10994
16.53925 1.17503
16.62866 1.20600
16.67415 1.20922
16.61199 1.45018
16.58312 1.63244
16.57793 1.79207
16.59397 1.91546
16.63133 2.02402
16.69247 2.11698
16.72653 2.15166
16.24126 3.12220
16.84210 3.14159
14.67046 3.12220
15.15573 2.15166
15.29159 2.07914
15.44203 1.97933
15.58491 1.86439
15.72225 1.73462
15.87573 1.56700
16.04980 1.34866
16.15055 1.20922
16.26436 1.19289
16.39253 1.14325
16.53425 1.05783
16.69101 0.93064
16.86963 0.74611
16.96120 0.63512
16.93326 0.85733
16.94863 1.00704
16.99375 1.10994
17.06285 1.17503
17.15226 1.20600
17.19775 1.20922
17.13559 1.45018
17.10672 1.63244
17.10153 1.79207
17.11757 1.91546
17.15493 2.02402
17.21606 2.11698
17.25012 2.15166
16.76485 3.12220
17.02421 3.14159
15.19406 3.12220
15.67933 2.15166
15.81519 2.07914
15.96563 1.97933
16.10851 1.86439
16.24585 1.73462
16.39933 1.56700
16.57340 1.34866
16.67415 1.20922
16.78796 1.19289
16.91613 1.14325
17.05785 1.05783
17.21461 0.93064
17.39323 0.74611
17.48480 0.63512
17.45686 0.85733
17.47223 1.00704
17.51735 1.10994
17.58645 1.17503
17.67586 1.20600
17.72135 1.20922
17.65919 1.45018
17.63032 1.63244
17.62513 1.79207
17.64117 1.91546
17.67853 2.02402
17.73966 2.11698
17.77372 2.15166
17.28845 3.12220
17.25450 3.14159
15.71766 3.12220
16.20293 2.15166
16.33879 2.07914
16.48923 1.97933
16.63211 1.86439
16.76945 1.73462
16.92293 1.56700
17.09700 1.34866
17.19775 1.20922
17.31156 1.19289
17.43973 1.14325
17.58145 1.05783
17.73821 0.93064
17.91683 0.74611
18.00840 0.63512
17.98046 0.85733
17.99583 1.00704
18.04095 1.10994
18.11005 1.17503
18.19946 1.20600
18.24495 1.20922
18.18278 1.45018
18.15392 1.63244
18.14872 1.79207
18.16477 1.91546
18.20212 2.02402
18.26326 2.11698
18.29732 2.15166
17.81205 3.12220
17.48114 3.14159
16.24126 3.12220
16.72653 2.15166
16.86238 2.07914
17.01283 1.97933
17.15571 1.86439
17.29305 1.73462
17.44653 1.56700
17.62060 1.34866
17.72135 1.20922
17.83516 1.19289
17.96333 1.14325
18.10505 1.05783
18.26181 0.93064
18.44043 0.74611
18.53200 0.63512
18.50406 0.85733
18.51943 1.00704
18.56455 1.10994
18.63364 1.17503
18.72306 1.20600
18.76855 1.20922
18.70638 1.45018
18.67752 1.63244
18.67232 1.79207
18.68837 1.91546
18.72572 2.02402
18.78686 2.11698
18.82092 2.15166
18.33565 3.12220
17.26828 3.14159
16.76485 3.12220
17.25012 2.15166
17.38598 2.07914
17.53643 1.97933
17.67931 1.86439
17.81665 1.73462
17.97013 1.56700
18.14419 1.34866
18.24495 1.20922
18.35876 1.19289
18.48692 1.14325
18.62865 1.05783
18.78541 0.93064
18.96403 0.74611
19.05559 0.63512
19.02766 0.85733
19.04303 1.00704
19.08815 1.10994
19.15724 1.17503
19.24666 1.20600
19.29214 1.20922
19.22998 1.45018
19.20112 1.63244
19.19592 1.79207
19.21197 1.91546
19.24932 2.02402
19.31046 2.11698
19.34452 2.15166
18.85925 3.12220
16.85574 3.14159
17.28845 3.12220
17.77372 2.15166
17.90958 2.07914
18.06003 1.97933
18.20291 1.86439
18.34025 1.73462
18.49373 1.56700
18.66779 1.34866
18.76855 1.20922
18.88236 1.19289
19.01052 1.14325
19.15224 1.05783
19.30901 0.93064
19.48763 0.74611
19.57919 0.63512
19.55126 0.85733
19.56662 1.00704
19.61175 1.10994
19.68084 1.17503
19.77026 1.20600
19.81574 1.20922
19.75358 1.45018
19.72472 1.63244
19.71952 1.79207
19.73556 1.91546
19.77292 2.02402
19.83406 2.11698
19.86812 2.15166
19.38285 3.12220
23.09677 3.14159
24.09524 3.12220
24.36042 2.59184
24.52983 2.53508
24.67927 2.46744
24.81153 2.39121
24.95233 2.29063
25.09858 2.16272
25.24745 2.15166
25.40149 2.11896
25.55565 2.06585
25.70658 1.99392
25.78557 2.06585
25.88662 2.11896
26.00796 2.15166
26.14578 2.16272
26.16411 2.29063
26.20434 2.39121
26.26037 2.46744
26.34216 2.53508
26.45482 2.59184
26.18963 3.12220
29.43953 3.14159
30.90202 3.12220
31.16720 2.59184
31.33661 2.53508
31.48605 2.46744
31.61831 2.39121
31.75912 2.29063
31.90536 2.16272
32.05424 2.15166
32.20828 2.11896
32.36244 2.06585
32.51336 1.99392
32.59236 2.06585
32.69340 2.11896
32.81474 2.15166
32.95256 2.16272
32.97090 2.29063
33.01112 2.39121
33.06716 2.46744
33.14895 2.53508
33.26160 2.59184
32.99642 3.12220
35.83494 3.14159
37.70881 3.12220
37.97399 2.59184
38.14340 2.53508
38.29283 2.46744
38.42509 2.39121
38.56590 2.29063
38.71215 2.16272
38.86102 2.15166
39.01506 2.11896
39.16922 2.06585
39.32014 1.99392
39.39914 2.06585
39.50019 2.11896
39.62152 2.15166
39.75934 2.16272
39.77768 2.29063
39.81790 2.39121
39.87394 2.46744
39.95573 2.53508
40.06838 2.59184
39.80320 3.12220
42.25522 3.14159
44.51559 3.12220
44.78077 2.59184
44.95018 2.53508
45.09962 2.46744
45.23188 2.39121
45.37268 2.29063
45.51893 2.16272
45.66781 2.15166
45.82184 2.11896
45.97601 2.06585
46.12693 1.99392
46.20593 2.06585
46.30697 2.11896
46.42831 2.15166
46.56613 2.16272
46.58447 2.29063
46.62469 2.39121
46.68072 2.46744
46.76252 2.53508
46.87517 2.59184
46.60999 3.12220
48.66955 3.14159
51.32237 3.12220
51.58756 2.59184
51.75696 2.53508
51.90640 2.46744
52.03866 2.39121
52.17947 2.29063
52.32571 2.16272
52.47459 2.15166
52.62863 2.11896
52.78279 2.06585
52.93371 1.99392
53.01271 2.06585
53.11376 2.11896
53.23509 2.15166
53.37291 2.16272
53.39125 2.29063
53.43147 2.39121
53.48751 2.46744
53.56930 2.53508
53.68195 2.59184
53.41677 3.12220
55.08902 3.14159
58.12916 3.12220
58.39434 2.59184
58.56375 2.53508
58.71319 2.46744
58.84545 2.39121
58.98625 2.29063
59.13250 2.16272
59.28137 2.15166
59.43541 2.11896
59.58957 2.06585
59.74050 1.99392
59.81950 2.06585
59.92054 2.11896
60.04188 2.15166
60.17970 2.16272
60.19803 2.29063
60.23826 2.39121
60.29429 2.46744
60.37609 2.53508
60.48874 2.59184
60.22355 3.12220
61.48448 3.14159
58.65276 3.12220
58.91794 2.59184
59.08735 2.53508
59.23678 2.46744
59.36904 2.39121
59.50985 2.29063
59.65610 2.16272
59.80497 2.15166
59.95901 2.11896
60.11317 2.06585
60.26410 1.99392
60.34309 2.06585
60.44414 2.11896
60.56548 2.15166
60.70330 2.16272
60.72163 2.29063
60.76186 2.39121
60.81789 2.46744
60.89968 2.53508
61.01233 2.59184
60.74715 3.12220
61.57935 3.14159
59.17636 3.12220
59.44154 2.59184
59.61095 2.53508
59.76038 2.46744
59.89264 2.39121
60.03345 2.29063
60.17970 2.16272
60.32857 2.15166
60.48261 2.11896
60.63677 2.06585
60.78769 1.99392
60.86669 2.06585
60.96774 2.11896
61.08907 2.15166
61.22689 2.16272
61.24523 2.29063
61.28545 2.39121
61.34149 2.46744
61.42328 2.53508
61.53593 2.59184
61.27075 3.12220
61.54496 3.14159
59.69995 3.12220
59.96514 2.59184
60.13454 2.53508
60.28398 2.46744
60.41624 2.39121
60.55705 2.29063
60.70330 2.16272
60.85217 2.15166
61.00621 2.11896
61.16037 2.06585
61.31129 1.99392
61.39029 2.06585
61.49134 2.11896
61.61267 2.15166
61.75049 2.16272
61.76883 2.29063
61.80905 2.39121
61.86509 2.46744
61.94688 2.53508
62.05953 2.59184
61.79435 3.12220
61.36458 3.14159
60.22355 3.12220
60.48874 2.59184
60.65814 2.53508
60.80758 2.46744
60.93984 2.39121
61.08065 2.29063
61.22689 2.16272
61.37577 2.15166
61.52981 2.11896
61.68397 2.06585
61.83489 1.99392
61.91389 2.06585
62.01494 2.11896
62.13627 2.15166
62.27409 2.16272
62.29243 2.29063
62.33265 2.39121
62.38869 2.46744
62.47048 2.53508
62.58313 2.59184
62.31795 3.12220
61.08109 3.14159
60.74715 3.12220
61.01233 2.59184
61.18174 2.53508
61.33118 2.46744
61.46344 2.39121
61.60425 2.29063
61.75049 2.16272
61.89937 2.15166
62.05341 2.11896
62.20757 2.06585
62.35849 1.99392
62.43749 2.06585
62.53853 2.11896
62.65987 2.15166
62.79769 2.16272
62.81603 2.29063
62.85625 2.39121
62.91229 2.46744
62.99408 2.53508
63.10673 2.59184
62.84155 3.12220
60.91954 3.14159
61.27075 3.12220
61.53593 2.59184
61.70534 2.53508
61.85478 2.46744
61.98704 2.39121
62.12784 2.29063
62.27409 2.16272
62.42297 2.15166
62.57701 2.11896
62.73117 2.06585
62.88209 1.99392
62.96109 2.06585
63.06213 2.11896
63.18347 2.15166
63.32129 2.16272
63.33963 2.29063
63.37985 2.39121
63.43588 2.46744
63.51768 2.53508
63.63033 2.59184
63.36515 3.12220
67.16690 3.14159
68.07753 3.12220
68.22357 2.83013
68.38758 2.79688
68.56852 2.74305
68.71491 2.68163
68.86343 2.59762
69.04643 2.58861
69.22737 2.56233
69.39799 2.52072
69.43045 2.51078
69.55400 2.55516
69.70387 2.58469
69.87474 2.59726
69.91062 2.59762
69.97513 2.68163
70.06010 2.74305
70.18721 2.79688
70.31797 2.83013
70.17193 3.12220
73.48920 3.14159
74.88432 3.12220
75.03036 2.83013
75.19436 2.79688
75.37530 2.74305
75.52169 2.68163
75.67021 2.59762
75.85322 2.58861
76.03416 2.56233
76.20477 2.52072
76.23723 2.51078
76.36078 2.55516
76.51066 2.58469
76.68152 2.59726
76.71741 2.59762
76.78192 2.68163
76.86688 2.74305
76.99399 2.79688
77.12475 2.83013
76.97871 3.12220
79.83917 3.14159
81.69110 3.12220
81.83714 2.83013
82.00115 2.79688
82.18209 2.74305
82.32848 2.68163
82.47699 2.59762
82.66000 2.58861
82.84094 2.56233
83.01156 2.52072
83.04401 2.51078
83.16757 2.55516
83.31744 2.58469
83.48830 2.59726
83.52419 2.59762
83.58870 2.68163
83.67367 2.74305
83.80077 2.79688
83.93153 2.83013
83.78550 3.12220
86.21165 3.14159
88.49789 3.12220
88.64392 2.83013
88.80793 2.79688
88.98887 2.74305
89.13526 2.68163
89.28378 2.59762
89.46678 2.58861
89.64773 2.56233
89.81834 2.52072
89.85080 2.51078
89.97435 2.55516
90.12423 2.58469
90.29509 2.59726
90.33098 2.59762
90.39548 2.68163
90.48045 2.74305
90.60756 2.79688
90.73832 2.83013
90.59228 3.12220
92.58195 3.14159
95.30467 3.12220
95.45071 2.83013
95.61472 2.79688
95.79566 2.74305
95.94205 2.68163
96.09056 2.59762
96.27357 2.58861
96.45451 2.56233
96.62512 2.52072
96.65758 2.51078
96.78114 2.55516
96.93101 2.58469
97.10187 2.59726
97.13776 2.59762
97.20227 2.68163
97.28723 2.74305
97.41434 2.79688
97.54510 2.83013
97.39907 3.12220
98.94436 3.14159
95.82827 3.12220
95.97431 2.83013
96.13832 2.79688
96.31926 2.74305
96.46565 2.68163
96.61416 2.59762
96.79717 2.58861
96.97811 2.56233
97.14872 2.52072
97.18118 2.51078
97.30473 2.55516
97.45461 2.58469
97.62547 2.59726
97.66136 2.59762
97.72587 2.68163
97.81083 2.74305
97.93794 2.79688
98.06870 2.83013
97.92267 3.12220
98.98967 3.14159
96.35187 3.12220
96.49791 2.83013
96.66191 2.79688
96.84285 2.74305
96.98924 2.68163
97.13776 2.59762
97.32077 2.58861
97.50171 2.56233
97.67232 2.52072
97.70478 2.51078
97.82833 2.55516
97.97821 2.58469
98.14907 2.59726
98.18496 2.59762
98.24947 2.68163
98.33443 2.74305
98.46154 2.79688
98.59230 2.83013
98.44626 3.12220
98.99320 3.14159
96.87547 3.12220
97.02150 2.83013
97.18551 2.79688
97.36645 2.74305
97.51284 2.68163
97.66136 2.59762
97.84437 2.58861
98.02531 2.56233
98.19592 2.52072
98.22838 2.51078
98.35193 2.55516
98.50181 2.58469
98.67267 2.59726
98.70856 2.59762
98.77306 2.68163
98.85803 2.74305
98.98514 2.79688
99.11590 2.83013
98.93863 3.14159
97.39907 3.12220
97.54510 2.83013
97.70911 2.79688
97.89005 2.74305
98.03644 2.68163
98.18496 2.59762
98.36796 2.58861
98.54891 2.56233
98.71952 2.52072
98.75198 2.51078
98.87553 2.55516
99.02541 2.58469
99.19627 2.59726
99.23215 2.59762
99.29666 2.68163
99.38163 2.74305
99.50874 2.79688
99.63950 2.83013
99.49346 3.12220
98.82446 3.14159
97.92267 3.12220
98.06870 2.83013
98.23271 2.79688
98.41365 2.74305
98.56004 2.68163
98.70856 2.59762
98.89156 2.58861
99.07250 2.56233
99.24312 2.52072
99.27558 2.51078
99.39913 2.55516
99.54901 2.58469
99.71987 2.59726
99.75575 2.59762
99.82026 2.68163
99.90523 2.74305
100.03234 2.79688
100.16310 2.83013
100.01706 3.12220
98.68804 3.14159
98.45596 3.10281
98.59230 2.83013
98.75631 2.79688
98.93725 2.74305
99.08364 2.68163
99.23215 2.59762
99.41516 2.58861
99.59610 2.56233
99.76672 2.52072
99.79918 2.51078
99.92273 2.55516
100.07260 2.58469
100.24346 2.59726
100.27935 2.59762
100.34386 2.68163
100.42883 2.74305
100.55593 2.79688
100.68670 2.83013
100.54066 3.12220
98.60712 3.14159
98.96986 3.12220
99.11590 2.83013
99.27991 2.79688
99.46085 2.74305
99.60724 2.68163
99.75575 2.59762
99.93876 2.58861
100.11970 2.56233
100.29031 2.52072
100.32277 2.51078
100.44633 2.55516
100.59620 2.58469
100.76706 2.59726
100.80295 2.59762
100.86746 2.68163
100.95243 2.74305
101.07953 2.79688
101.21029 2.83013
101.06426 3.12220
104.86880 3.14159
105.77582 3.12387
105.85570 2.96410
106.09383 2.93222
106.27161 2.89279
106.44467 2.83335
106.67572 2.82517
106.89315 2.80177
106.99235 2.78519
107.16746 2.81522
107.37794 2.83129
107.49187 2.83335
107.60550 2.89279
107.74384 2.93222
107.95009 2.96410
107.87021 3.12387
111.17013 3.14159
112.58260 3.12387
112.66248 2.96410
112.90061 2.93222
113.07839 2.89279
113.25146 2.83335
113.48251 2.82517
113.69994 2.80177
113.79914 2.78519
113.97424 2.81522
114.18473 2.83129
114.29865 2.83335
114.41228 2.89279
114.55063 2.93222
114.75688 2.96410
114.67699 3.12387
117.37844 3.14159
119.38938 3.12387
119.46927 2.96410
119.70739 2.93222
119.88517 2.89279
120.05824 2.83335
120.28929 2.82517
120.50672 2.80177
120.60592 2.78519
120.78103 2.81522
120.99151 2.83129
121.10544 2.83335
121.21907 2.89279
121.35741 2.93222
121.56366 2.96410
121.48378 3.12387
123.45412 3.14159
126.19617 3.12387
126.27605 2.96410
126.51418 2.93222
126.69196 2.89279
126.86502 2.83335
127.09608 2.82517
127.31350 2.80177
127.41270 2.78519
127.58781 2.81522
127.79829 2.83129
127.91222 2.83335
128.02585 2.89279
128.16419 2.93222
128.37045 2.96410
128.29056 3.12387
129.59245 3.14159
133.00295 3.12387
133.08284 2.96410
133.32096 2.93222
133.49874 2.89279
133.67181 2.83335
133.90286 2.82517
134.12029 2.80177
134.21949 2.78519
134.39460 2.81522
134.60508 2.83129
134.71901 2.83335
134.83264 2.89279
134.97098 2.93222
135.17723 2.96410
135.09735 3.12387
135.83439 3.14159
133.52655 3.12387
133.60643 2.96410
133.84456 2.93222
134.02234 2.89279
134.19541 2.83335
134.42646 2.82517
134.64389 2.80177
134.74309 2.78519
134.91820 2.81522
135.12868 2.83129
135.24260 2.83335
135.35623 2.89279
135.49458 2.93222
135.70083 2.96410
135.62095 3.12387
135.87557 3.14159
134.05015 3.12387
134.13003 2.96410
134.36816 2.93222
134.54594 2.89279
134.71901 2.83335
134.95006 2.82517
135.16749 2.80177
135.26669 2.78519
135.44179 2.81522
135.65227 2.83129
135.76620 2.83335
135.87983 2.89279
136.01818 2.93222
136.22443 2.96410
136.14454 3.12387
135.96293 3.14159
134.57375 3.12387
134.65363 2.96410
134.89176 2.93222
135.06954 2.89279
135.24260 2.83335
135.47366 2.82517
135.69108 2.80177
135.79028 2.78519
135.96539 2.81522
136.17587 2.83129
136.28980 2.83335
136.40343 2.89279
136.54177 2.93222
136.74803 2.96410
136.66814 3.12387
136.07383 3.14159
135.09735 3.12387
135.17723 2.96410
135.41536 2.93222
135.59314 2.89279
135.76620 2.83335
135.99725 2.82517
136.21468 2.80177
136.31388 2.78519
136.48899 2.81522
136.69947 2.83129
136.81340 2.83335
136.92703 2.89279
137.06537 2.93222
137.27163 2.96410
137.19174 3.12387
136.19058 3.14159
135.62095 3.12387
135.70083 2.96410
135.93896 2.93222
136.11674 2.89279
136.28980 2.83335
136.52085 2.82517
136.73828 2.80177
136.83748 2.78519
137.01259 2.81522
137.22307 2.83129
137.33700 2.83335
137.45063 2.89279
137.58897 2.93222
137.79522 2.96410
137.71534 3.12387
136.30097 3.14159
136.16227 3.08841
136.22443 2.96410
136.46256 2.93222
136.64034 2.89279
136.81340 2.83335
137.04445 2.82517
137.26188 2.80177
137.36108 2.78519
137.53619 2.81522
137.74667 2.83129
137.86060 2.83335
137.97423 2.89279
138.11257 2.93222
138.31882 2.96410
138.23894 3.12387
136.38718 3.14159
136.67701 3.10614
136.74803 2.96410
136.98615 2.93222
137.16393 2.89279
137.33700 2.83335
137.56805 2.82517
137.78548 2.80177
137.88468 2.78519
138.05979 2.81522
138.27027 2.83129
138.38420 2.83335
138.49783 2.89279
138.63617 2.93222
138.84242 2.96410
138.76254 3.12387
142.70989 3.14159
143.47451 3.12471
143.51673 3.04026
143.76953 3.01978
144.01783 2.98038
144.07750 2.96593
144.36213 2.95873
144.61473 2.93866
144.84726 2.95873
145.12469 2.96593
145.29403 3.00750
145.48338 3.03083
145.61113 3.04026
145.56890 3.12471
148.97006 3.14159
150.28129 3.12471
150.32352 3.04026
150.57632 3.01978
150.82462 2.98038
150.88428 2.96593
151.16891 2.95873
151.42151 2.93866
151.65404 2.95873
151.93148 2.96593
152.10082 3.00750
152.29017 3.03083
152.41791 3.04026
152.37568 3.12471
155.17930 3.14159
157.08807 3.12471
157.13030 3.04026
157.38310 3.01978
157.63140 2.98038
157.69107 2.96593
157.97570 2.95873
158.22830 2.93866
158.46082 2.95873
158.73826 2.96593
158.90760 3.00750
159.09695 3.03083
159.22470 3.04026
159.18247 3.12471
161.35769 3.14159
163.89486 3.12471
163.93708 3.04026
164.18989 3.01978
164.43819 2.98038
164.49785 2.96593
164.78248 2.95873
165.03508 2.93866
165.26761 2.95873
165.54505 2.96593
165.71439 3.00750
165.90374 3.03083
166.03148 3.04026
165.98925 3.12471
167.54910 3.14159
170.70164 3.12471
170.74387 3.04026
170.99667 3.01978
171.24497 2.98038
171.30463 2.96593
171.58926 2.95873
171.84186 2.93866
172.07439 2.95873
172.35183 2.96593
172.52117 3.00750
172.71052 3.03083
172.83826 3.04026
172.79604 3.12471
173.78574 3.14159
171.22524 3.12471
171.26747 3.04026
171.52027 3.01978
171.76857 2.98038
171.82823 2.96593
172.11286 2.95873
172.36546 2.93866
172.59799 2.95873
172.87543 2.96593
173.04477 3.00750
173.23412 3.03083
173.36186 3.04026
173.31964 3.12471
173.79001 3.14159
171.74884 3.12471
171.79107 3.04026
172.04387 3.01978
172.29217 2.98038
172.35183 2.96593
172.63646 2.95873
172.88906 2.93866
173.12159 2.95873
173.39903 2.96593
173.56837 3.00750
173.75772 3.03083
173.88546 3.04026
173.83243 3.14159
172.27244 3.12471
172.31466 3.04026
172.56747 3.01978
172.81577 2.98038
172.87543 2.96593
173.16006 2.95873
173.41266 2.93866
173.64519 2.95873
173.92263 2.96593
174.09197 3.00750
174.28132 3.03083
174.40906 3.04026
174.36683 3.12471
173.89858 3.14159
172.79604 3.12471
172.83826 3.04026
173.09107 3.01978
173.33937 2.98038
173.39903 2.96593
173.68366 2.95873
173.93626 2.93866
174.16879 2.95873
174.44623 2.96593
174.61557 3.00750
174.80492 3.03083
174.93266 3.04026
174.89043 3.12471
173.97378 3.14159
173.31964 3.12471
173.36186 3.04026
173.61466 3.01978
173.86296 2.98038
173.92263 2.96593
174.20726 2.95873
174.45986 2.93866
174.69239 2.95873
174.96982 2.96593
175.13916 3.00750
175.32851 3.03083
175.45626 3.04026
175.41403 3.12471
174.04588 3.14159
173.86012 3.09094
173.88546 3.04026
174.13826 3.01978
174.38656 2.98038
174.44623 2.96593
174.73086 2.95873
174.98346 2.93866
175.21598 2.95873
175.49342 2.96593
175.66276 3.00750
175.85211 3.03083
175.97986 3.04026
175.93763 3.12471
174.10088 3.14159
174.37527 3.10783
174.40906 3.04026
174.66186 3.01978
174.91016 2.98038
174.96982 2.96593
175.25446 2.95873
175.50705 2.93866
175.73958 2.95873
176.01702 2.96593
176.18636 3.00750
176.37571 3.03083
176.50345 3.04026
176.46123 3.12471
180.40752 3.14159
180.40752 3.14159
180.40752 3.14159