# sss file
-1.57080 3.14159
-1.57080 3.14159
-1.29930 3.12220
-0.81403 2.15166
-0.67817 2.07914
-0.52773 1.97933
-0.38485 1.86439
-0.24751 1.73462
-0.09403 1.56700
0.08004 1.34866
0.18079 1.20922
0.29460 1.19289
0.42277 1.14325
0.56449 1.05783
0.72125 0.93064
0.89987 0.74611
0.99144 0.63512
0.96350 0.85733
0.97887 1.00704
1.02399 1.10994
1.09309 1.17503
1.18250 1.20600
1.22799 1.20922
1.16582 1.45018
1.13696 1.63244
1.13176 1.79207
1.14781 1.91546
1.18516 2.02402
1.24630 2.11698
1.28036 2.15166
0.79509 3.12220
-0.05258 3.14159
-1.03750 3.12220
-0.55223 2.15166
-0.41637 2.07914
-0.26593 1.97933
-0.12305 1.86439
0.01429 1.73462
0.16777 1.56700
0.34184 1.34866
0.44259 1.20922
0.55640 1.19289
0.68457 1.14325
0.82629 1.05783
0.98305 0.93064
1.16167 0.74611
1.25324 0.63512
1.22530 0.85733
1.24067 1.00704
1.28579 1.10994
1.35489 1.17503
1.44430 1.20600
1.48979 1.20922
1.42762 1.45018
1.39876 1.63244
1.39356 1.79207
1.40961 1.91546
1.44696 2.02402
1.50810 2.11698
1.54216 2.15166
1.05689 3.12220
4.34426 3.14159
5.50748 3.12220
5.99275 2.15166
6.12861 2.07914
6.27905 1.97933
6.42194 1.86439
6.55927 1.73462
6.71275 1.56700
6.88682 1.34866
6.98757 1.20922
7.10139 1.19289
7.22955 1.14325
7.37127 1.05783
7.52804 0.93064
7.70666 0.74611
7.79822 0.63512
7.77028 0.85733
7.78565 1.00704
7.83077 1.10994
7.89987 1.17503
7.98928 1.20600
8.03477 1.20922
7.97261 1.45018
7.94375 1.63244
7.93855 1.79207
7.95459 1.91546
7.99195 2.02402
8.05309 2.11698
8.08715 2.15166
7.60188 3.12220
9.43024 3.14159
12.05247 3.12220
12.53774 2.15166
12.67359 2.07914
12.82404 1.97933
12.96692 1.86439
13.10426 1.73462
13.25774 1.56700
13.43180 1.34866
13.53256 1.20922
13.64637 1.19289
13.77454 1.14325
13.91626 1.05783
14.07302 0.93064
14.25164 0.74611
14.34321 0.63512
14.31527 0.85733
14.33064 1.00704
14.37576 1.10994
14.44485 1.17503
14.53427 1.20600
14.57975 1.20922
14.51759 1.45018
14.48873 1.63244
14.48353 1.79207
14.49958 1.91546
14.53693 2.02402
14.59807 2.11698
14.63213 2.15166
14.14686 3.12220
15.19228 3.14159
12.31427 3.12220
12.79954 2.15166
12.93539 2.07914
13.08584 1.97933
13.22872 1.86439
13.36606 1.73462
13.51954 1.56700
13.69360 1.34866
13.79436 1.20922
13.90817 1.19289
14.03633 1.14325
14.17806 1.05783
14.33482 0.93064
14.51344 0.74611
14.60500 0.63512
14.57707 0.85733
14.59244 1.00704
14.63756 1.10994
14.70665 1.17503
14.79607 1.20600
14.84155 1.20922
14.77939 1.45018
14.75053 1.63244
14.74533 1.79207
14.76138 1.91546
14.79873 2.02402
14.85987 2.11698
14.89393 2.15166
14.40866 3.12220
15.17653 3.14159
12.57606 3.12220
13.06133 2.15166
13.19719 2.07914
13.34764 1.97933
13.49052 1.86439
13.62786 1.73462
13.78134 1.56700
13.95540 1.34866
14.05616 1.20922
14.16997 1.19289
14.29813 1.14325
14.43986 1.05783
14.59662 0.93064
14.77524 0.74611
14.86680 0.63512
14.83887 0.85733
14.85424 1.00704
14.89936 1.10994
14.96845 1.17503
15.05787 1.20600
15.10335 1.20922
15.04119 1.45018
15.01233 1.63244
15.00713 1.79207
15.02318 1.91546
15.06053 2.02402
15.12167 2.11698
15.15573 2.15166
14.67046 3.12220
15.14389 3.14159
12.83786 3.12220
13.32313 2.15166
13.45899 2.07914
13.60944 1.97933
13.75232 1.86439
13.88966 1.73462
14.04314 1.56700
14.21720 1.34866
14.31796 1.20922
14.43177 1.19289
14.55993 1.14325
14.70166 1.05783
14.85842 0.93064
15.03704 0.74611
15.12860 0.63512
15.10067 0.85733
15.11603 1.00704
15.16116 1.10994
15.23025 1.17503
15.31967 1.20600
15.36515 1.20922
15.30299 1.45018
15.27413 1.63244
15.26893 1.79207
15.28497 1.91546
15.32233 2.02402
15.38347 2.11698
15.41753 2.15166
14.93226 3.12220
15.15542 3.14159
13.09966 3.12220
13.58493 2.15166
13.72079 2.07914
13.87124 1.97933
14.01412 1.86439
14.15146 1.73462
14.30494 1.56700
14.47900 1.34866
14.57975 1.20922
14.69357 1.19289
14.82173 1.14325
14.96345 1.05783
15.12022 0.93064
15.29884 0.74611
15.39040 0.63512
15.36247 0.85733
15.37783 1.00704
15.42296 1.10994
15.49205 1.17503
15.58147 1.20600
15.62695 1.20922
15.56479 1.45018
15.53593 1.63244
15.53073 1.79207
15.54677 1.91546
15.58413 2.02402
15.64527 2.11698
15.67933 2.15166
15.19406 3.12220
15.29226 3.14159
13.36146 3.12220
13.84673 2.15166
13.98259 2.07914
14.13303 1.97933
14.27592 1.86439
14.41326 1.73462
14.56674 1.56700
14.74080 1.34866
14.84155 1.20922
14.95537 1.19289
15.08353 1.14325
15.22525 1.05783
15.38202 0.93064
15.56064 0.74611
15.65220 0.63512
15.62427 0.85733
15.63963 1.00704
15.68475 1.10994
15.75385 1.17503
15.84326 1.20600
15.88875 1.20922
15.82659 1.45018
15.79773 1.63244
15.79253 1.79207
15.80857 1.91546
15.84593 2.02402
15.90707 2.11698
15.94113 2.15166
15.45586 3.12220
15.38950 3.14159
13.62326 3.12220
14.10853 2.15166
14.24439 2.07914
14.39483 1.97933
14.53772 1.86439
14.67506 1.73462
14.82854 1.56700
15.00260 1.34866
15.10335 1.20922
15.21717 1.19289
15.34533 1.14325
15.48705 1.05783
15.64382 0.93064
15.82244 0.74611
15.91400 0.63512
15.88607 0.85733
15.90143 1.00704
15.94655 1.10994
16.01565 1.17503
16.10506 1.20600
16.15055 1.20922
16.08839 1.45018
16.05953 1.63244
16.05433 1.79207
16.07037 1.91546
16.10773 2.02402
16.16887 2.11698
16.20293 2.15166
15.71766 3.12220
15.25225 3.14159
13.88506 3.12220
14.37033 2.15166
14.50619 2.07914
14.65663 1.97933
14.79952 1.86439
14.93686 1.73462
15.09034 1.56700
15.26440 1.34866
15.36515 1.20922
15.47897 1.19289
15.60713 1.14325
15.74885 1.05783
15.90562 0.93064
16.08424 0.74611
16.17580 0.63512
16.14786 0.85733
16.16323 1.00704
16.20835 1.10994
16.27745 1.17503
16.36686 1.20600
16.41235 1.20922
16.35019 1.45018
16.32133 1.63244
16.31613 1.79207
16.33217 1.91546
16.36953 2.02402
16.43067 2.11698
16.46473 2.15166
15.97946 3.12220
14.51624 3.14159
14.14686 3.12220
14.63213 2.15166
14.76799 2.07914
14.91843 1.97933
15.06132 1.86439
15.19865 1.73462
15.35213 1.56700
15.52620 1.34866
15.62695 1.20922
15.74077 1.19289
15.86893 1.14325
16.01065 1.05783
16.16742 0.93064
16.34604 0.74611
16.43760 0.63512
16.40966 0.85733
16.42503 1.00704
16.47015 1.10994
16.53925 1.17503
16.62866 1.20600
16.67415 1.20922
16.61199 1.45018
16.58312 1.63244
16.57793 1.79207
16.59397 1.91546
16.63133 2.02402
16.69247 2.11698
16.72653 2.15166
16.24126 3.12220
14.17437 3.14159
14.41836 3.10281
14.89393 2.15166
15.02979 2.07914
15.18023 1.97933
15.32312 1.86439
15.46045 1.73462
15.61393 1.56700
15.78800 1.34866
15.88875 1.20922
16.00256 1.19289
16.13073 1.14325
16.27245 1.05783
16.42922 0.93064
16.60784 0.74611
16.69940 0.63512
16.67146 0.85733
16.68683 1.00704
16.73195 1.10994
16.80105 1.17503
16.89046 1.20600
16.93595 1.20922
16.87379 1.45018
16.84492 1.63244
16.83973 1.79207
16.85577 1.91546
16.89313 2.02402
16.95427 2.11698
16.98833 2.15166
16.50306 3.12220
20.34028 3.14159
20.95365 3.12220
21.43892 2.15166
21.57477 2.07914
21.72522 1.97933
21.86810 1.86439
22.00544 1.73462
22.15892 1.56700
22.33298 1.34866
22.43374 1.20922
22.54755 1.19289
22.67571 1.14325
22.81744 1.05783
22.97420 0.93064
23.15282 0.74611
23.24438 0.63512
23.21645 0.85733
23.23182 1.00704
23.27694 1.10994
23.34603 1.17503
23.43545 1.20600
23.48093 1.20922
23.41877 1.45018
23.38991 1.63244
23.38471 1.79207
23.40076 1.91546
23.43811 2.02402
23.49925 2.11698
23.53331 2.15166
23.04804 3.12220
26.67355 3.14159
27.49863 3.12220
27.98390 2.15166
28.11976 2.07914
28.27020 1.97933
28.41308 1.86439
28.55042 1.73462
28.70390 1.56700
28.87797 1.34866
28.97872 1.20922
29.09253 1.19289
29.22070 1.14325
29.36242 1.05783
29.51918 0.93064
29.69780 0.74611
29.78937 0.63512
29.76143 0.85733
29.77680 1.00704
29.82192 1.10994
29.89102 1.17503
29.98043 1.20600
30.02592 1.20922
29.96376 1.45018
29.93489 1.63244
29.92970 1.79207
29.94574 1.91546
29.98310 2.02402
30.04423 2.11698
30.07829 2.15166
29.59302 3.12220
26.73687 3.14159
27.76043 3.12220
28.24570 2.15166
28.38156 2.07914
28.53200 1.97933
28.67488 1.86439
28.81222 1.73462
28.96570 1.56700
29.13977 1.34866
29.24052 1.20922
29.35433 1.19289
29.48250 1.14325
29.62422 1.05783
29.78098 0.93064
29.95960 0.74611
30.05117 0.63512
30.02323 0.85733
30.03860 1.00704
30.08372 1.10994
30.15282 1.17503
30.24223 1.20600
30.28772 1.20922
30.22556 1.45018
30.19669 1.63244
30.19150 1.79207
30.20754 1.91546
30.24490 2.02402
30.30603 2.11698
30.34009 2.15166
29.85482 3.12220
26.82646 3.14159
28.02223 3.12220
28.50750 2.15166
28.64336 2.07914
28.79380 1.97933
28.93668 1.86439
29.07402 1.73462
29.22750 1.56700
29.40157 1.34866
29.50232 1.20922
29.61613 1.19289
29.74430 1.14325
29.88602 1.05783
30.04278 0.93064
30.22140 0.74611
30.31297 0.63512
30.28503 0.85733
30.30040 1.00704
30.34552 1.10994
30.41462 1.17503
30.50403 1.20600
30.54952 1.20922
30.48736 1.45018
30.45849 1.63244
30.45330 1.79207
30.46934 1.91546
30.50670 2.02402
30.56783 2.11698
30.60189 2.15166
30.11662 3.12220
26.91123 3.14159
28.28403 3.12220
28.76930 2.15166
28.90516 2.07914
29.05560 1.97933
29.19848 1.86439
29.33582 1.73462
29.48930 1.56700
29.66337 1.34866
29.76412 1.20922
29.87793 1.19289
30.00610 1.14325
30.14782 1.05783
30.30458 0.93064
30.48320 0.74611
30.57477 0.63512
30.54683 0.85733
30.56220 1.00704
30.60732 1.10994
30.67642 1.17503
30.76583 1.20600
30.81132 1.20922
30.74915 1.45018
30.72029 1.63244
30.71510 1.79207
30.73114 1.91546
30.76850 2.02402
30.82963 2.11698
30.86369 2.15166
30.37842 3.12220
26.99759 3.14159
28.54583 3.12220
29.03110 2.15166
29.16696 2.07914
29.31740 1.97933
29.46028 1.86439
29.59762 1.73462
29.75110 1.56700
29.92517 1.34866
30.02592 1.20922
30.13973 1.19289
30.26790 1.14325
30.40962 1.05783
30.56638 0.93064
30.74500 0.74611
30.83657 0.63512
30.80863 0.85733
30.82400 1.00704
30.86912 1.10994
30.93822 1.17503
31.02763 1.20600
31.07312 1.20922
31.01095 1.45018
30.98209 1.63244
30.97689 1.79207
30.99294 1.91546
31.03029 2.02402
31.09143 2.11698
31.12549 2.15166
30.64022 3.12220
27.09219 3.14159
28.80763 3.12220
29.29290 2.15166
29.42876 2.07914
29.57920 1.97933
29.72208 1.86439
29.85942 1.73462
30.01290 1.56700
30.18697 1.34866
30.28772 1.20922
30.40153 1.19289
30.52970 1.14325
30.67142 1.05783
30.82818 0.93064
31.00680 0.74611
31.09837 0.63512
31.07043 0.85733
31.08580 1.00704
31.13092 1.10994
31.20002 1.17503
31.28943 1.20600
31.33492 1.20922
31.27275 1.45018
31.24389 1.63244
31.23869 1.79207
31.25474 1.91546
31.29209 2.02402
31.35323 2.11698
31.38729 2.15166
30.90202 3.12220
27.11935 3.14159
29.06943 3.12220
29.55470 2.15166
29.69055 2.07914
29.84100 1.97933
29.98388 1.86439
30.12122 1.73462
30.27470 1.56700
30.44877 1.34866
30.54952 1.20922
30.66333 1.19289
30.79150 1.14325
30.93322 1.05783
31.08998 0.93064
31.26860 0.74611
31.36017 0.63512
31.33223 0.85733
31.34760 1.00704
31.39272 1.10994
31.46181 1.17503
31.55123 1.20600
31.59672 1.20922
31.53455 1.45018
31.50569 1.63244
31.50049 1.79207
31.51654 1.91546
31.55389 2.02402
31.61503 2.11698
31.64909 2.15166
31.16382 3.12220
27.25375 3.14159
29.33123 3.12220
29.81650 2.15166
29.95235 2.07914
30.10280 1.97933
30.24568 1.86439
30.38302 1.73462
30.53650 1.56700
30.71056 1.34866
30.81132 1.20922
30.92513 1.19289
31.05329 1.14325
31.19502 1.05783
31.35178 0.93064
31.53040 0.74611
31.62196 0.63512
31.59403 0.85733
31.60940 1.00704
31.65452 1.10994
31.72361 1.17503
31.81303 1.20600
31.85851 1.20922
31.79635 1.45018
31.76749 1.63244
31.76229 1.79207
31.77834 1.91546
31.81569 2.02402
31.87683 2.11698
31.91089 2.15166
31.42562 3.12220
33.64473 3.14159
35.87621 3.12220
36.36148 2.15166
36.49734 2.07914
36.64778 1.97933
36.79067 1.86439
36.92800 1.73462
37.08148 1.56700
37.25555 1.34866
37.35630 1.20922
37.47011 1.19289
37.59828 1.14325
37.74000 1.05783
37.89677 0.93064
38.07539 0.74611
38.16695 0.63512
38.13901 0.85733
38.15438 1.00704
38.19950 1.10994
38.26860 1.17503
38.35801 1.20600
38.40350 1.20922
38.34134 1.45018
38.31247 1.63244
38.30728 1.79207
38.32332 1.91546
38.36068 2.02402
38.42182 2.11698
38.45588 2.15166
37.97061 3.12220
40.01683 3.14159
42.42119 3.12220
42.90646 2.15166
43.04232 2.07914
43.19277 1.97933
43.33565 1.86439
43.47299 1.73462
43.62647 1.56700
43.80053 1.34866
43.90129 1.20922
44.01510 1.19289
44.14326 1.14325
44.28499 1.05783
44.44175 0.93064
44.62037 0.74611
44.71193 0.63512
44.68400 0.85733
44.69937 1.00704
44.74449 1.10994
44.81358 1.17503
44.90300 1.20600
44.94848 1.20922
44.88632 1.45018
44.85746 1.63244
44.85226 1.79207
44.86831 1.91546
44.90566 2.02402
44.96680 2.11698
45.00086 2.15166
44.51559 3.12220
46.42944 3.14159
42.68299 3.12220
42.94818 2.59184
43.11758 2.53508
43.26702 2.46744
43.39928 2.39121
43.54009 2.29063
43.68633 2.16272
43.83521 2.15166
43.98925 2.11896
44.14341 2.06585
44.29433 1.99392
44.37333 2.06585
44.47438 2.11896
44.59571 2.15166
44.73353 2.16272
44.75187 2.29063
44.79209 2.39121
44.84813 2.46744
44.92992 2.53508
45.04257 2.59184
44.77739 3.12220
46.49357 3.14159
42.94479 3.12220
43.20998 2.59184
43.37938 2.53508
43.52882 2.46744
43.66108 2.39121
43.80189 2.29063
43.94813 2.16272
44.09701 2.15166
44.25105 2.11896
44.40521 2.06585
44.55613 1.99392
44.63513 2.06585
44.73618 2.11896
44.85751 2.15166
44.99533 2.16272
45.01367 2.29063
45.05389 2.39121
45.10993 2.46744
45.19172 2.53508
45.30437 2.59184
45.03919 3.12220
46.55319 3.14159
43.20659 3.12220
43.47178 2.59184
43.64118 2.53508
43.79062 2.46744
43.92288 2.39121
44.06369 2.29063
44.20993 2.16272
44.35881 2.15166
44.51285 2.11896
44.66701 2.06585
44.81793 1.99392
44.89693 2.06585
44.99798 2.11896
45.11931 2.15166
45.25713 2.16272
45.27547 2.29063
45.31569 2.39121
45.37173 2.46744
45.45352 2.53508
45.56617 2.59184
45.30099 3.12220
46.59777 3.14159
43.46839 3.12220
43.73358 2.59184
43.90298 2.53508
44.05242 2.46744
44.18468 2.39121
44.32549 2.29063
44.47173 2.16272
44.62061 2.15166
44.77465 2.11896
44.92881 2.06585
45.07973 1.99392
45.15873 2.06585
45.25978 2.11896
45.38111 2.15166
45.51893 2.16272
45.53727 2.29063
45.57749 2.39121
45.63353 2.46744
45.71532 2.53508
45.82797 2.59184
45.56279 3.12220
46.63225 3.14159
43.73019 3.12220
43.99537 2.59184
44.16478 2.53508
44.31422 2.46744
44.44648 2.39121
44.58729 2.29063
44.73353 2.16272
44.88241 2.15166
45.03645 2.11896
45.19061 2.06585
45.34153 1.99392
45.42053 2.06585
45.52157 2.11896
45.64291 2.15166
45.78073 2.16272
45.79907 2.29063
45.83929 2.39121
45.89533 2.46744
45.97712 2.53508
46.08977 2.59184
45.82459 3.12220
46.65459 3.14159
43.99199 3.12220
44.25717 2.59184
44.42658 2.53508
44.57602 2.46744
44.70828 2.39121
44.84908 2.29063
44.99533 2.16272
45.14421 2.15166
45.29825 2.11896
45.45241 2.06585
45.60333 1.99392
45.68233 2.06585
45.78337 2.11896
45.90471 2.15166
46.04253 2.16272
46.06087 2.29063
46.10109 2.39121
46.15712 2.46744
46.23892 2.53508
46.35157 2.59184
46.08639 3.12220
46.66636 3.14159
44.25379 3.12220
44.51897 2.59184
44.68838 2.53508
44.83782 2.46744
44.97008 2.39121
45.11088 2.29063
45.25713 2.16272
45.40601 2.15166
45.56005 2.11896
45.71421 2.06585
45.86513 1.99392
45.94413 2.06585
46.04517 2.11896
46.16651 2.15166
46.30433 2.16272
46.32267 2.29063
46.36289 2.39121
46.41892 2.46744
46.50072 2.53508
46.61337 2.59184
46.34819 3.12220
46.64965 3.14159
44.51559 3.12220
44.78077 2.59184
44.95018 2.53508
45.09962 2.46744
45.23188 2.39121
45.37268 2.29063
45.51893 2.16272
45.66781 2.15166
45.82184 2.11896
45.97601 2.06585
46.12693 1.99392
46.20593 2.06585
46.30697 2.11896
46.42831 2.15166
46.56613 2.16272
46.58447 2.29063
46.62469 2.39121
46.68072 2.46744
46.76252 2.53508
46.87517 2.59184
46.59315 3.14159
44.77739 3.12220
45.04257 2.59184
45.21198 2.53508
45.36142 2.46744
45.49368 2.39121
45.63448 2.29063
45.78073 2.16272
45.92961 2.15166
46.08364 2.11896
46.23780 2.06585
46.38873 1.99392
46.46773 2.06585
46.56877 2.11896
46.69011 2.15166
46.82793 2.16272
46.84626 2.29063
46.88649 2.39121
46.94252 2.46744
47.02432 2.53508
47.13697 2.59184
46.87178 3.12220
46.50344 3.14159
45.03919 3.12220
45.30437 2.59184
45.47378 2.53508
45.62322 2.46744
45.75548 2.39121
45.89628 2.29063
46.04253 2.16272
46.19141 2.15166
46.34544 2.11896
46.49960 2.06585
46.65053 1.99392
46.72953 2.06585
46.83057 2.11896
46.95191 2.15166
47.08973 2.16272
47.10806 2.29063
47.14829 2.39121
47.20432 2.46744
47.28612 2.53508
47.39877 2.59184
47.13358 3.12220
46.38542 3.14159
45.30099 3.12220
45.56617 2.59184
45.73558 2.53508
45.88502 2.46744
46.01728 2.39121
46.15808 2.29063
46.30433 2.16272
46.45320 2.15166
46.60724 2.11896
46.76140 2.06585
46.91233 1.99392
46.99133 2.06585
47.09237 2.11896
47.21371 2.15166
47.35153 2.16272
47.36986 2.29063
47.41009 2.39121
47.46612 2.46744
47.54792 2.53508
47.66057 2.59184
47.39538 3.12220
46.26347 3.14159
45.56279 3.12220
45.82797 2.59184
45.99738 2.53508
46.14682 2.46744
46.27908 2.39121
46.41988 2.29063
46.56613 2.16272
46.71500 2.15166
46.86904 2.11896
47.02320 2.06585
47.17413 1.99392
47.25312 2.06585
47.35417 2.11896
47.47551 2.15166
47.61333 2.16272
47.63166 2.29063
47.67189 2.39121
47.72792 2.46744
47.80971 2.53508
47.92237 2.59184
47.65718 3.12220
46.14926 3.14159
45.82459 3.12220
46.08977 2.59184
46.25918 2.53508
46.40861 2.46744
46.54087 2.39121
46.68168 2.29063
46.82793 2.16272
46.97680 2.15166
47.13084 2.11896
47.28500 2.06585
47.43593 1.99392
47.51492 2.06585
47.61597 2.11896
47.73731 2.15166
47.87513 2.16272
47.89346 2.29063
47.93369 2.39121
47.98972 2.46744
48.07151 2.53508
48.18416 2.59184
47.91898 3.12220
46.07428 3.14159
46.35157 2.59184
46.52098 2.53508
46.67041 2.46744
46.80267 2.39121
46.94348 2.29063
47.08973 2.16272
47.23860 2.15166
47.39264 2.11896
47.54680 2.06585
47.69773 1.99392
47.77672 2.06585
47.87777 2.11896
47.99911 2.15166
48.13692 2.16272
48.15526 2.29063
48.19549 2.39121
48.25152 2.46744
48.33331 2.53508
48.44596 2.59184
48.18078 3.12220
46.02849 3.14159
46.34819 3.12220
46.61337 2.59184
46.78278 2.53508
46.93221 2.46744
47.06447 2.39121
47.20528 2.29063
47.35153 2.16272
47.50040 2.15166
47.65444 2.11896
47.80860 2.06585
47.95952 1.99392
48.03852 2.06585
48.13957 2.11896
48.26090 2.15166
48.39872 2.16272
48.41706 2.29063
48.45728 2.39121
48.51332 2.46744
48.59511 2.53508
48.70776 2.59184
48.44258 3.12220
46.01254 3.14159
46.60999 3.12220
46.87517 2.59184
47.04457 2.53508
47.19401 2.46744
47.32627 2.39121
47.46708 2.29063
47.61333 2.16272
47.76220 2.15166
47.91624 2.11896
48.07040 2.06585
48.22132 1.99392
48.30032 2.06585
48.40137 2.11896
48.52270 2.15166
48.66052 2.16272
48.67886 2.29063
48.71908 2.39121
48.77512 2.46744
48.85691 2.53508
48.96956 2.59184
48.70438 3.12220
45.97188 3.14159
46.87178 3.12220
47.13697 2.59184
47.30637 2.53508
47.45581 2.46744
47.58807 2.39121
47.72888 2.29063
47.87513 2.16272
48.02400 2.15166
48.17804 2.11896
48.33220 2.06585
48.48312 1.99392
48.56212 2.06585
48.66317 2.11896
48.78450 2.15166
48.92232 2.16272
48.94066 2.29063
48.98088 2.39121
49.03692 2.46744
49.11871 2.53508
49.23136 2.59184
48.96618 3.12220
45.63575 3.14159
47.13358 3.12220
47.39877 2.59184
47.56817 2.53508
47.71761 2.46744
47.84987 2.39121
47.99068 2.29063
48.13692 2.16272
48.28580 2.15166
48.43984 2.11896
48.59400 2.06585
48.74492 1.99392
48.82392 2.06585
48.92497 2.11896
49.04630 2.15166
49.18412 2.16272
49.20246 2.29063
49.24268 2.39121
49.29872 2.46744
49.38051 2.53508
49.49316 2.59184
49.22798 3.12220
50.88551 3.14159
53.67857 3.12220
53.94375 2.59184
54.11316 2.53508
54.26260 2.46744
54.39486 2.39121
54.53566 2.29063
54.68191 2.16272
54.83078 2.15166
54.98482 2.11896
55.13898 2.06585
55.28991 1.99392
55.36891 2.06585
55.46995 2.11896
55.59129 2.15166
55.72911 2.16272
55.74744 2.29063
55.78767 2.39121
55.84370 2.46744
55.92550 2.53508
56.03815 2.59184
55.77296 3.12220
56.71759 3.14159
60.22355 3.12220
60.48874 2.59184
60.65814 2.53508
60.80758 2.46744
60.93984 2.39121
61.08065 2.29063
61.22689 2.16272
61.37577 2.15166
61.52981 2.11896
61.68397 2.06585
61.83489 1.99392
61.91389 2.06585
62.01494 2.11896
62.13627 2.15166
62.27409 2.16272
62.29243 2.29063
62.33265 2.39121
62.38869 2.46744
62.47048 2.53508
62.58313 2.59184
62.31795 3.12220
62.93520 3.14159
66.76854 3.12220
67.03372 2.59184
67.20313 2.53508
67.35257 2.46744
67.48483 2.39121
67.62563 2.29063
67.77188 2.16272
67.92075 2.15166
68.07479 2.11896
68.22895 2.06585
68.37988 1.99392
68.45888 2.06585
68.55992 2.11896
68.68126 2.15166
68.81908 2.16272
68.83741 2.29063
68.87764 2.39121
68.93367 2.46744
69.01546 2.53508
69.12812 2.59184
68.86293 3.12220
69.25340 3.14159
73.31352 3.12220
73.57871 2.59184
73.74811 2.53508
73.89755 2.46744
74.02981 2.39121
74.17062 2.29063
74.31686 2.16272
74.46574 2.15166
74.61978 2.11896
74.77394 2.06585
74.92486 1.99392
75.00386 2.06585
75.10491 2.11896
75.22624 2.15166
75.36406 2.16272
75.38240 2.29063
75.42262 2.39121
75.47866 2.46744
75.56045 2.53508
75.67310 2.59184
75.40792 3.12220
75.62489 3.14159
79.85851 3.12220
80.12369 2.59184
80.29310 2.53508
80.44254 2.46744
80.57479 2.39121
80.71560 2.29063
80.86185 2.16272
81.01072 2.15166
81.16476 2.11896
81.31892 2.06585
81.46985 1.99392
81.54884 2.06585
81.64989 2.11896
81.77123 2.15166
81.90905 2.16272
81.92738 2.29063
81.96761 2.39121
82.02364 2.46744
82.10543 2.53508
82.21809 2.59184
81.95290 3.12220
82.00154 3.14159
80.12031 3.12220
80.38549 2.59184
80.55490 2.53508
80.70433 2.46744
80.83659 2.39121
80.97740 2.29063
81.12365 2.16272
81.27252 2.15166
81.42656 2.11896
81.58072 2.06585
81.73165 1.99392
81.81064 2.06585
81.91169 2.11896
82.03303 2.15166
82.17084 2.16272
82.18918 2.29063
82.22941 2.39121
82.28544 2.46744
82.36723 2.53508
82.47988 2.59184
82.21470 3.12220
82.10283 3.14159
80.38211 3.12220
80.52814 2.83013
80.69215 2.79688
80.87309 2.74305
81.01948 2.68163
81.16800 2.59762
81.35100 2.58861
81.53195 2.56233
81.70256 2.52072
81.73502 2.51078
81.85857 2.55516
82.00845 2.58469
82.17931 2.59726
82.21519 2.59762
82.27970 2.68163
82.36467 2.74305
82.49178 2.79688
82.62254 2.83013
82.47650 3.12220
82.16885 3.14159
80.64391 3.12220
80.78994 2.83013
80.95395 2.79688
81.13489 2.74305
81.28128 2.68163
81.42980 2.59762
81.61280 2.58861
81.79374 2.56233
81.96436 2.52072
81.99682 2.51078
82.12037 2.55516
82.27025 2.58469
82.44111 2.59726
82.47699 2.59762
82.54150 2.68163
82.62647 2.74305
82.75358 2.79688
82.88434 2.83013
82.73830 3.12220
82.24070 3.14159
80.90570 3.12220
81.05174 2.83013
81.21575 2.79688
81.39669 2.74305
81.54308 2.68163
81.69160 2.59762
81.87460 2.58861
82.05554 2.56233
82.22616 2.52072
82.25862 2.51078
82.38217 2.55516
82.53204 2.58469
82.70291 2.59726
82.73879 2.59762
82.80330 2.68163
82.88827 2.74305
83.01538 2.79688
83.14614 2.83013
83.00010 3.12220
82.31728 3.14159
81.16750 3.12220
81.31354 2.83013
81.47755 2.79688
81.65849 2.74305
81.80488 2.68163
81.95339 2.59762
82.13640 2.58861
82.31734 2.56233
82.48796 2.52072
82.52042 2.51078
82.64397 2.55516
82.79384 2.58469
82.96470 2.59726
83.00059 2.59762
83.06510 2.68163
83.15007 2.74305
83.27717 2.79688
83.40794 2.83013
83.26190 3.12220
82.39677 3.14159
81.42930 3.12220
81.57534 2.83013
81.73935 2.79688
81.92029 2.74305
82.06668 2.68163
82.21519 2.59762
82.39820 2.58861
82.57914 2.56233
82.74976 2.52072
82.78221 2.51078
82.90577 2.55516
83.05564 2.58469
83.22650 2.59726
83.26239 2.59762
83.32690 2.68163
83.41187 2.74305
83.53897 2.79688
83.66974 2.83013
83.52370 3.12220
82.47516 3.14159
81.69110 3.12220
81.83714 2.83013
82.00115 2.79688
82.18209 2.74305
82.32848 2.68163
82.47699 2.59762
82.66000 2.58861
82.84094 2.56233
83.01156 2.52072
83.04401 2.51078
83.16757 2.55516
83.31744 2.58469
83.48830 2.59726
83.52419 2.59762
83.58870 2.68163
83.67367 2.74305
83.80077 2.79688
83.93153 2.83013
83.78550 3.12220
82.55250 3.14159
81.95290 3.12220
82.09894 2.83013
82.26295 2.79688
82.44389 2.74305
82.59028 2.68163
82.73879 2.59762
82.92180 2.58861
83.10274 2.56233
83.27335 2.52072
83.30581 2.51078
83.42937 2.55516
83.57924 2.58469
83.75010 2.59726
83.78599 2.59762
83.85050 2.68163
83.93547 2.74305
84.06257 2.79688
84.19333 2.83013
84.04730 3.12220
82.62712 3.14159
82.21470 3.12220
82.36074 2.83013
82.52475 2.79688
82.70569 2.74305
82.85208 2.68163
83.00059 2.59762
83.18360 2.58861
83.36454 2.56233
83.53515 2.52072
83.56761 2.51078
83.69117 2.55516
83.84104 2.58469
84.01190 2.59726
84.04779 2.59762
84.11230 2.68163
84.19726 2.74305
84.32437 2.79688
84.45513 2.83013
84.30910 3.12220
82.69724 3.14159
82.48620 3.10281
82.62254 2.83013
82.78655 2.79688
82.96749 2.74305
83.11388 2.68163
83.26239 2.59762
83.44540 2.58861
83.62634 2.56233
83.79695 2.52072
83.82941 2.51078
83.95297 2.55516
84.10284 2.58469
84.27370 2.59726
84.30959 2.59762
84.37410 2.68163
84.45906 2.74305
84.58617 2.79688
84.71693 2.83013
84.57090 3.12220
82.75931 3.14159
82.88434 2.83013
83.04835 2.79688
83.22929 2.74305
83.37568 2.68163
83.52419 2.59762
83.70720 2.58861
83.88814 2.56233
84.05875 2.52072
84.09121 2.51078
84.21476 2.55516
84.36464 2.58469
84.53550 2.59726
84.57139 2.59762
84.63590 2.68163
84.72086 2.74305
84.84797 2.79688
84.97873 2.83013
84.83270 3.12220
82.81292 3.14159
83.01949 3.08342
83.14614 2.83013
83.31015 2.79688
83.49109 2.74305
83.63748 2.68163
83.78599 2.59762
83.96900 2.58861
84.14994 2.56233
84.32055 2.52072
84.35301 2.51078
84.47656 2.55516
84.62644 2.58469
84.79730 2.59726
84.83319 2.59762
84.89770 2.68163
84.98266 2.74305
85.10977 2.79688
85.24053 2.83013
85.09450 3.12220
89.13434 3.14159
89.54508 3.12220
89.69112 2.83013
89.85513 2.79688
90.03607 2.74305
90.18246 2.68163
90.33098 2.59762
90.51398 2.58861
90.69492 2.56233
90.86554 2.52072
90.89800 2.51078
91.02155 2.55516
91.17142 2.58469
91.34229 2.59726
91.37817 2.59762
91.44268 2.68163
91.52765 2.74305
91.65476 2.79688
91.78552 2.83013
91.63948 3.12220
95.43027 3.14159
96.09007 3.12220
96.23611 2.83013
96.40011 2.79688
96.58106 2.74305
96.72744 2.68163
96.87596 2.59762
97.05897 2.58861
97.23991 2.56233
97.41052 2.52072
97.44298 2.51078
97.56653 2.55516
97.71641 2.58469
97.88727 2.59726
97.92316 2.59762
97.98767 2.68163
98.07263 2.74305
98.19974 2.79688
98.33050 2.83013
98.18446 3.12220
101.69578 3.14159
102.63505 3.12220
102.78109 2.83013
102.94510 2.79688
103.12604 2.74305
103.27243 2.68163
103.42094 2.59762
103.60395 2.58861
103.78489 2.56233
103.95551 2.52072
103.98797 2.51078
104.11152 2.55516
104.26139 2.58469
104.43225 2.59726
104.46814 2.59762
104.53265 2.68163
104.61762 2.74305
104.74472 2.79688
104.87549 2.83013
104.72945 3.12220
107.91566 3.14159
109.18004 3.12220
109.32608 2.83013
109.49008 2.79688
109.67102 2.74305
109.81741 2.68163
109.96593 2.59762
110.14894 2.58861
110.32988 2.56233
110.50049 2.52072
110.53295 2.51078
110.65650 2.55516
110.80638 2.58469
110.97724 2.59726
111.01313 2.59762
111.07764 2.68163
111.16260 2.74305
111.28971 2.79688
111.42047 2.83013
111.27443 3.12220
114.07447 3.14159
115.72502 3.12220
115.87106 2.83013
116.03507 2.79688
116.21601 2.74305
116.36240 2.68163
116.51091 2.59762
116.69392 2.58861
116.87486 2.56233
117.04548 2.52072
117.07793 2.51078
117.20149 2.55516
117.35136 2.58469
117.52222 2.59726
117.55811 2.59762
117.62262 2.68163
117.70759 2.74305
117.83469 2.79688
117.96546 2.83013
117.81942 3.12220
120.18337 3.14159
122.27001 3.12220
122.41604 2.83013
122.58005 2.79688
122.76099 2.74305
122.90738 2.68163
123.05590 2.59762
123.23891 2.58861
123.41985 2.56233
123.59046 2.52072
123.62292 2.51078
123.74647 2.55516
123.89635 2.58469
124.06721 2.59726
124.10310 2.59762
124.16761 2.68163
124.25257 2.74305
124.37968 2.79688
124.51044 2.83013
124.36440 3.12220
126.27337 3.14159
128.81499 3.12220
128.96103 2.83013
129.12504 2.79688
129.30598 2.74305
129.45237 2.68163
129.60088 2.59762
129.78389 2.58861
129.96483 2.56233
130.13545 2.52072
130.16790 2.51078
130.29146 2.55516
130.44133 2.58469
130.61219 2.59726
130.64808 2.59762
130.71259 2.68163
130.79756 2.74305
130.92466 2.79688
131.05542 2.83013
130.90939 3.12220
132.39437 3.14159
135.35998 3.12220
135.50601 2.83013
135.67002 2.79688
135.85096 2.74305
135.99735 2.68163
136.14587 2.59762
136.32888 2.58861
136.50982 2.56233
136.68043 2.52072
136.71289 2.51078
136.83644 2.55516
136.98632 2.58469
137.15718 2.59726
137.19307 2.59762
137.25757 2.68163
137.34254 2.74305
137.46965 2.79688
137.60041 2.83013
137.45437 3.12220
138.57693 3.14159
141.90496 3.12220
142.05100 2.83013
142.21501 2.79688
142.39595 2.74305
142.54234 2.68163
142.69085 2.59762
142.87386 2.58861
143.05480 2.56233
143.22541 2.52072
143.25787 2.51078
143.38143 2.55516
143.53130 2.58469
143.70216 2.59726
143.73805 2.59762
143.80256 2.68163
143.88752 2.74305
144.01463 2.79688
144.14539 2.83013
143.99936 3.12220
144.81470 3.14159
148.44995 3.12220
148.59598 2.83013
148.75999 2.79688
148.94093 2.74305
149.08732 2.68163
149.23584 2.59762
149.41884 2.58861
149.59979 2.56233
149.77040 2.52072
149.80286 2.51078
149.92641 2.55516
150.07629 2.58469
150.24715 2.59726
150.28303 2.59762
150.34754 2.68163
150.43251 2.74305
150.55962 2.79688
150.69038 2.83013
150.54434 3.12220
151.09615 3.14159
154.99493 3.12220
155.14097 2.83013
155.30498 2.79688
155.48592 2.74305
155.63231 2.68163
155.78082 2.59762
155.96383 2.58861
156.14477 2.56233
156.31538 2.52072
156.34784 2.51078
156.47140 2.55516
156.62127 2.58469
156.79213 2.59726
156.82802 2.59762
156.89253 2.68163
156.97749 2.74305
157.10460 2.79688
157.23536 2.83013
157.08933 3.12220
157.40297 3.14159
161.53992 3.12220
161.68595 2.83013
161.84996 2.79688
162.03090 2.74305
162.17729 2.68163
162.32581 2.59762
162.50881 2.58861
162.68976 2.56233
162.86037 2.52072
162.89283 2.51078
163.01638 2.55516
163.16626 2.58469
163.33712 2.59726
163.37300 2.59762
163.43751 2.68163
163.52248 2.74305
163.64959 2.79688
163.78035 2.83013
163.63431 3.12220
163.72849 3.14159
161.80172 3.12220
161.94775 2.83013
162.11176 2.79688
162.29270 2.74305
162.43909 2.68163
162.58761 2.59762
162.77061 2.58861
162.95155 2.56233
163.12217 2.52072
163.15463 2.51078
163.27818 2.55516
163.42806 2.58469
163.59892 2.59726
163.63480 2.59762
163.69931 2.68163
163.78428 2.74305
163.91139 2.79688
164.04215 2.83013
163.89611 3.12220
163.78610 3.14159
162.06268 3.12387
162.14257 2.96410
162.38069 2.93222
162.55847 2.89279
162.73154 2.83335
162.96259 2.82517
163.18002 2.80177
163.27922 2.78519
163.45433 2.81522
163.66481 2.83129
163.77874 2.83335
163.89237 2.89279
164.03071 2.93222
164.23696 2.96410
164.15708 3.12387
163.82486 3.14159
162.32448 3.12387
162.40437 2.96410
162.64249 2.93222
162.82027 2.89279
162.99334 2.83335
163.22439 2.82517
163.44182 2.80177
163.54102 2.78519
163.71613 2.81522
163.92661 2.83129
164.04054 2.83335
164.15417 2.89279
164.29251 2.93222
164.49876 2.96410
164.41888 3.12387
163.86838 3.14159
162.58628 3.12387
162.66617 2.96410
162.90429 2.93222
163.08207 2.89279
163.25514 2.83335
163.48619 2.82517
163.70362 2.80177
163.80282 2.78519
163.97793 2.81522
164.18841 2.83129
164.30234 2.83335
164.41597 2.89279
164.55431 2.93222
164.76056 2.96410
164.68068 3.12387
163.91498 3.14159
162.84808 3.12387
162.92797 2.96410
163.16609 2.93222
163.34387 2.89279
163.51694 2.83335
163.74799 2.82517
163.96542 2.80177
164.06462 2.78519
164.23973 2.81522
164.45021 2.83129
164.56414 2.83335
164.67777 2.89279
164.81611 2.93222
165.02236 2.96410
164.94248 3.12387
163.96247 3.14159
163.10988 3.12387
163.18976 2.96410
163.42789 2.93222
163.60567 2.89279
163.77874 2.83335
164.00979 2.82517
164.22722 2.80177
164.32642 2.78519
164.50153 2.81522
164.71201 2.83129
164.82594 2.83335
164.93956 2.89279
165.07791 2.93222
165.28416 2.96410
165.20428 3.12387
164.00954 3.14159
163.37168 3.12387
163.45156 2.96410
163.68969 2.93222
163.86747 2.89279
164.04054 2.83335
164.27159 2.82517
164.48902 2.80177
164.58822 2.78519
164.76333 2.81522
164.97381 2.83129
165.08773 2.83335
165.20136 2.89279
165.33971 2.93222
165.54596 2.96410
165.46608 3.12387
164.05472 3.14159
163.63348 3.12387
163.71336 2.96410
163.95149 2.93222
164.12927 2.89279
164.30234 2.83335
164.53339 2.82517
164.75082 2.80177
164.85002 2.78519
165.02512 2.81522
165.23561 2.83129
165.34953 2.83335
165.46316 2.89279
165.60151 2.93222
165.80776 2.96410
165.72788 3.12387
164.01448 3.14159
163.92188 3.07067
163.97516 2.96410
164.21329 2.93222
164.39107 2.89279
164.56414 2.83335
164.79519 2.82517
165.01262 2.80177
165.11182 2.78519
165.28692 2.81522
165.49741 2.83129
165.61133 2.83335
165.72496 2.89279
165.86331 2.93222
166.06956 2.96410
165.98967 3.12387
163.97387 3.14159
164.17481 3.08841
164.23696 2.96410
164.47509 2.93222
164.65287 2.89279
164.82594 2.83335
165.05699 2.82517
165.27442 2.80177
165.37361 2.78519
165.54872 2.81522
165.75920 2.83129
165.87313 2.83335
165.98676 2.89279
166.12511 2.93222
166.33136 2.96410
166.25147 3.12387
163.95241 3.14159
164.41888 3.12387
164.49876 2.96410
164.73689 2.93222
164.91467 2.89279
165.08773 2.83335
165.31879 2.82517
165.53621 2.80177
165.63541 2.78519
165.81052 2.81522
166.02100 2.83129
166.13493 2.83335
166.24856 2.89279
166.38691 2.93222
166.59316 2.96410
166.51327 3.12387
163.94872 3.14159
164.68068 3.12387
164.76056 2.96410
164.99869 2.93222
165.17647 2.89279
165.34953 2.83335
165.58059 2.82517
165.79801 2.80177
165.89721 2.78519
166.07232 2.81522
166.28280 2.83129
166.39673 2.83335
166.51036 2.89279
166.64870 2.93222
166.85496 2.96410
166.77507 3.12387
170.24253 3.14159
171.22566 3.12387
171.30555 2.96410
171.54367 2.93222
171.72145 2.89279
171.89452 2.83335
172.12557 2.82517
172.34300 2.80177
172.44220 2.78519
172.61731 2.81522
172.82779 2.83129
172.94172 2.83335
173.05535 2.89279
173.19369 2.93222
173.39994 2.96410
173.32006 3.12387
176.54909 3.14159
177.77065 3.12387
177.85053 2.96410
178.08866 2.93222
178.26644 2.89279
178.43950 2.83335
178.67056 2.82517
178.88798 2.80177
178.98718 2.78519
179.16229 2.81522
179.37277 2.83129
179.48670 2.83335
179.60033 2.89279
179.73867 2.93222
179.94493 2.96410
179.86504 3.12387
182.86456 3.14159
184.31563 3.12387
184.39552 2.96410
184.63364 2.93222
184.81142 2.89279
184.98449 2.83335
185.21554 2.82517
185.43297 2.80177
185.53217 2.78519
185.70728 2.81522
185.91776 2.83129
186.03169 2.83335
186.14532 2.89279
186.28366 2.93222
186.48991 2.96410
186.41003 3.12387
189.18704 3.14159
190.86062 3.12387
190.94050 2.96410
191.17863 2.93222
191.35641 2.89279
191.52947 2.83335
191.76052 2.82517
191.97795 2.80177
192.07715 2.78519
192.25226 2.81522
192.46274 2.83129
192.57667 2.83335
192.69030 2.89279
192.82864 2.93222
193.03489 2.96410
192.95501 3.12387
195.51424 3.14159
197.40560 3.12387
197.48548 2.96410
197.72361 2.93222
197.90139 2.89279
198.07446 2.83335
198.30551 2.82517
198.52294 2.80177
198.62214 2.78519
198.79725 2.81522
199.00773 2.83129
199.12166 2.83335
199.23528 2.89279
199.37363 2.93222
199.57988 2.96410
199.50000 3.12387
201.84434 3.14159
203.95059 3.12387
204.03047 2.96410
204.26860 2.93222
204.44638 2.89279
204.61944 2.83335
204.85049 2.82517
205.06792 2.80177
205.16712 2.78519
205.34223 2.81522
205.55271 2.83129
205.66664 2.83335
205.78027 2.89279
205.91861 2.93222
206.12486 2.96410
206.04498 3.12387
208.17551 3.14159
210.49557 3.12387
210.57545 2.96410
210.81358 2.93222
210.99136 2.89279
211.16443 2.83335
211.39548 2.82517
211.61291 2.80177
211.71211 2.78519
211.88722 2.81522
212.09770 2.83129
212.21162 2.83335
212.32525 2.89279
212.46360 2.93222
212.66985 2.96410
212.58997 3.12387
214.50611 3.14159
217.04056 3.12387
217.12044 2.96410
217.35857 2.93222
217.53635 2.89279
217.70941 2.83335
217.94046 2.82517
218.15789 2.80177
218.25709 2.78519
218.43220 2.81522
218.64268 2.83129
218.75661 2.83335
218.87024 2.89279
219.00858 2.93222
219.21483 2.96410
219.13495 3.12387
220.83428 3.14159
223.58554 3.12387
223.66542 2.96410
223.90355 2.93222
224.08133 2.89279
224.25440 2.83335
224.48545 2.82517
224.70288 2.80177
224.80208 2.78519
224.97718 2.81522
225.18767 2.83129
225.30159 2.83335
225.41522 2.89279
225.55357 2.93222
225.75982 2.96410
225.67994 3.12387
227.15789 3.14159
230.13052 3.12387
230.21041 2.96410
230.44854 2.93222
230.62632 2.89279
230.79938 2.83335
231.03043 2.82517
231.24786 2.80177
231.34706 2.78519
231.52217 2.81522
231.73265 2.83129
231.84658 2.83335
231.96021 2.89279
232.09855 2.93222
232.30480 2.96410
232.22492 3.12387
233.47531 3.14159
236.67551 3.12387
236.75539 2.96410
236.99352 2.93222
237.17130 2.89279
237.34437 2.83335
237.57542 2.82517
237.79285 2.80177
237.89205 2.78519
238.06715 2.81522
238.27763 2.83129
238.39156 2.83335
238.50519 2.89279
238.64354 2.93222
238.84979 2.96410
238.76990 3.12387
239.78413 3.14159
243.22049 3.12387
243.30038 2.96410
243.53850 2.93222
243.71628 2.89279
243.88935 2.83335
244.12040 2.82517
244.33783 2.80177
244.43703 2.78519
244.61214 2.81522
244.82262 2.83129
244.93655 2.83335
245.05018 2.89279
245.18852 2.93222
245.39477 2.96410
245.31489 3.12387
246.08085 3.14159
243.48229 3.12387
243.56218 2.96410
243.80030 2.93222
243.97808 2.89279
244.15115 2.83335
244.38220 2.82517
244.59963 2.80177
244.69883 2.78519
244.87394 2.81522
245.08442 2.83129
245.19835 2.83335
245.31198 2.89279
245.45032 2.93222
245.65657 2.96410
245.57669 3.12387
246.08034 3.14159
243.74367 3.12471
243.78590 3.04026
244.03870 3.01978
244.28700 2.98038
244.34666 2.96593
244.63129 2.95873
244.88389 2.93866
245.11642 2.95873
245.39386 2.96593
245.56320 3.00750
245.75255 3.03083
245.88029 3.04026
245.83807 3.12471
246.07040 3.14159
244.00547 3.12471
244.04770 3.04026
244.30050 3.01978
244.54880 2.98038
244.60846 2.96593
244.89309 2.95873
245.14569 2.93866
245.37822 2.95873
245.65566 2.96593
245.82500 3.00750
246.01435 3.03083
246.14209 3.04026
246.05065 3.14159
244.26727 3.12471
244.30950 3.04026
244.56230 3.01978
244.81060 2.98038
244.87026 2.96593
245.15489 2.95873
245.40749 2.93866
245.64002 2.95873
245.91746 2.96593
246.08680 3.00750
246.27615 3.03083
246.40389 3.04026
246.36166 3.12471
246.02185 3.14159
244.52907 3.12471
244.57130 3.04026
244.82410 3.01978
245.07240 2.98038
245.13206 2.96593
245.41669 2.95873
245.66929 2.93866
245.90182 2.95873
246.17926 2.96593
246.34860 3.00750
246.53795 3.03083
246.66569 3.04026
246.62346 3.12471
245.98633 3.14159
244.79087 3.12471
244.83309 3.04026
245.08590 3.01978
245.33420 2.98038
245.39386 2.96593
245.67849 2.95873
245.93109 2.93866
246.16362 2.95873
246.44106 2.96593
246.61040 3.00750
246.79975 3.03083
246.92749 3.04026
246.88526 3.12471
245.94689 3.14159
245.05267 3.12471
245.09489 3.04026
245.34770 3.01978
245.59600 2.98038
245.65566 2.96593
245.94029 2.95873
246.19289 2.93866
246.42542 2.95873
246.70286 2.96593
246.87220 3.00750
247.06155 3.03083
247.18929 3.04026
247.14706 3.12471
245.90767 3.14159
245.31447 3.12471
245.35669 3.04026
245.60950 3.01978
245.85780 2.98038
245.91746 2.96593
246.20209 2.95873
246.45469 2.93866
246.68722 2.95873
246.96466 2.96593
247.13400 3.00750
247.32335 3.03083
247.45109 3.04026
247.40886 3.12471
245.87251 3.14159
245.57627 3.12471
245.61849 3.04026
245.87130 3.01978
246.11959 2.98038
246.17926 2.96593
246.46389 2.95873
246.71649 2.93866
246.94902 2.95873
247.22646 2.96593
247.39580 3.00750
247.58515 3.03083
247.71289 3.04026
247.67066 3.12471
245.84462 3.14159
245.88029 3.04026
246.13310 3.01978
246.38139 2.98038
246.44106 2.96593
246.72569 2.95873
246.97829 2.93866
247.21082 2.95873
247.48826 2.96593
247.65760 3.00750
247.84694 3.03083
247.97469 3.04026
247.93246 3.12471
245.82580 3.14159
246.10831 3.10783
246.14209 3.04026
246.39489 3.01978
246.64319 2.98038
246.70286 2.96593
246.98749 2.95873
247.24009 2.93866
247.47262 2.95873
247.75005 2.96593
247.91939 3.00750
248.10874 3.03083
248.23649 3.04026
248.19426 3.12471
245.81665 3.14159
246.36166 3.12471
246.40389 3.04026
246.65669 3.01978
246.90499 2.98038
246.96466 2.96593
247.24929 2.95873
247.50189 2.93866
247.73442 2.95873
248.01185 2.96593
248.18119 3.00750
248.37054 3.03083
248.49829 3.04026
248.45606 3.12471
252.10035 3.14159
252.90665 3.12471
252.94888 3.04026
253.20168 3.01978
253.44998 2.98038
253.50964 2.96593
253.79427 2.95873
254.04687 2.93866
254.27940 2.95873
254.55684 2.96593
254.72618 3.00750
254.91553 3.03083
255.04327 3.04026
255.00104 3.12471
258.39252 3.14159
259.45163 3.12471
259.49386 3.04026
259.74666 3.01978
259.99496 2.98038
260.05463 2.96593
260.33926 2.95873
260.59186 2.93866
260.82438 2.95873
261.10182 2.96593
261.27116 3.00750
261.46051 3.03083
261.58826 3.04026
261.54603 3.12471
264.69205 3.14159
265.99662 3.12471
266.03885 3.04026
266.29165 3.01978
266.53995 2.98038
266.59961 2.96593
266.88424 2.95873
267.13684 2.93866
267.36937 2.95873
267.64681 2.96593
267.81615 3.00750
268.00550 3.03083
268.13324 3.04026
268.09101 3.12471
270.99718 3.14159
272.54160 3.12471
272.58383 3.04026
272.83663 3.01978
273.08493 2.98038
273.14460 2.96593
273.42923 2.95873
273.68183 2.93866
273.91435 2.95873
274.19179 2.96593
274.36113 3.00750
274.55048 3.03083
274.67823 3.04026
274.63600 3.12471
277.30671 3.14159
279.08659 3.12471
279.12881 3.04026
279.38162 3.01978
279.62992 2.98038
279.68958 2.96593
279.97421 2.95873
280.22681 2.93866
280.45934 2.95873
280.73678 2.96593
280.90612 3.00750
281.09547 3.03083
281.22321 3.04026
281.18098 3.12471
283.61912 3.14159
285.63157 3.12471
285.67380 3.04026
285.92660 3.01978
286.17490 2.98038
286.23456 2.96593
286.51920 2.95873
286.77179 2.93866
287.00432 2.95873
287.28176 2.96593
287.45110 3.00750
287.64045 3.03083
287.76819 3.04026
287.72597 3.12471
289.93273 3.14159
292.17656 3.12471
292.21878 3.04026
292.47159 3.01978
292.71989 2.98038
292.77955 2.96593
293.06418 2.95873
293.31678 2.93866
293.54931 2.95873
293.82675 2.96593
293.99609 3.00750
294.18544 3.03083
294.31318 3.04026
294.27095 3.12471
296.24632 3.14159
298.72154 3.12471
298.76377 3.04026
299.01657 3.01978
299.26487 2.98038
299.32453 2.96593
299.60917 2.95873
299.86176 2.93866
300.09429 2.95873
300.37173 2.96593
300.54107 3.00750
300.73042 3.03083
300.85816 3.04026
300.81594 3.12471
302.55829 3.14159
305.26653 3.12471
305.30875 3.04026
305.56156 3.01978
305.80986 2.98038
305.86952 2.96593
306.15415 2.95873
306.40675 2.93866
306.63928 2.95873
306.91672 2.96593
307.08606 3.00750
307.27541 3.03083
307.40315 3.04026
307.36092 3.12471
308.86739 3.14159
311.81151 3.12471
311.85374 3.04026
312.10654 3.01978
312.35484 2.98038
312.41450 2.96593
312.69913 2.95873
312.95173 2.93866
313.18426 2.95873
313.46170 2.96593
313.63104 3.00750
313.82039 3.03083
313.94813 3.04026
313.90591 3.12471
315.17213 3.14159
318.35650 3.12471
318.39872 3.04026
318.65153 3.01978
318.89982 2.98038
318.95949 2.96593
319.24412 2.95873
319.49672 2.93866
319.72925 2.95873
320.00669 2.96593
320.17603 3.00750
320.36538 3.03083
320.49312 3.04026
320.45089 3.12471
321.47081 3.14159
324.90148 3.12471
324.94371 3.04026
325.19651 3.01978
325.44481 2.98038
325.50447 2.96593
325.78910 2.95873
326.04170 2.93866
326.27423 2.95873
326.55167 2.96593
326.72101 3.00750
326.91036 3.03083
327.03810 3.04026
326.99588 3.12471
327.76228 3.14159
325.16328 3.12471
325.20551 3.04026
325.45831 3.01978
325.70661 2.98038
325.76627 2.96593
326.05090 2.95873
326.30350 2.93866
326.53603 2.95873
326.81347 2.96593
326.98281 3.00750
327.17216 3.03083
327.29990 3.04026
327.25768 3.12471
327.76202 3.14159
327.76202 3.14159
327.76202 3.14159