# sss file
-1.57080 3.14159
-1.57080 3.14159
11.78863 1.55548
11.77132 1.60186
11.74446 1.64388
11.70558 1.68315
11.67682 1.70053
11.64568 1.70712
11.61548 1.69159
11.60301 1.65602
11.60514 1.60746
11.62601 1.52994
11.66242 1.44390
11.72305 1.33094
11.79439 1.21711
11.88740 1.08472
11.98265 0.96186
12.09002 0.83718
12.18670 0.74096
12.26631 0.68244
12.32439 0.66814
12.36388 0.70480
12.37972 0.78610
12.37788 0.91181
12.36236 1.05768
12.33732 1.21337
12.30053 1.39076
12.25469 1.56821
12.20476 1.72539
12.14472 1.87827
12.08053 2.00900
12.01362 2.11805
11.93402 2.22052
11.85340 2.30156
11.75927 2.37449
11.65023 2.43707
11.60453 2.45771
11.71174 2.41850
11.81424 2.39893
11.90910 2.39911
11.99176 2.41903
12.05940 2.45857
12.10424 2.51450
12.11880 2.57860
12.09977 2.64216
12.04875 2.69705
11.96904 2.74068
11.86046 2.77259
11.72865 2.78983
11.59391 2.78924
11.48140 2.77094
11.40742 2.73824
11.37346 2.69235
11.38086 2.63714
11.42804 2.57373
11.51080 2.50865
11.61262 2.45409
11.71993 2.41627
11.82201 2.39822
11.91607 2.39997
11.99760 2.42140
12.06371 2.46231
12.10653 2.51933
12.11852 2.58407
12.09628 2.64775
12.04162 2.70223
11.95814 2.74493
11.84627 2.77539
11.71288 2.79070
11.57946 2.78800
11.47081 2.76784
11.40163 2.73378
11.37237 2.68706
11.38456 2.62965
11.43745 2.56472
11.52313 2.50089
11.62621 2.44826
11.73357 2.41281
11.83489 2.39731
11.92755 2.40167
12.00713 2.42560
12.07061 2.46877
12.10995 2.52755
12.11749 2.59328
12.09112 2.65519
12.03409 2.70733
11.94683 2.74905
11.83177 2.77799
11.69711 2.79132
11.56536 2.78653
11.46076 2.76455
11.39638 2.72921
11.37171 2.68170
11.38769 2.62404
11.44332 2.55939
11.53063 2.49635
11.63437 2.44490
11.74171 2.41090
11.84253 2.39693
11.92061 2.40060
11.88154 2.39553
11.86033 2.37728
11.85617 2.34452
11.87636 2.29949
11.90912 2.26066
11.96639 2.21383
12.04388 2.17063
12.11692 2.14518
12.19931 2.13347
12.27142 2.13986
12.34523 2.16649
12.41563 2.21779
12.47779 2.29608
12.52648 2.40155
12.55226 2.51889
12.54948 2.64288
12.51701 2.74094
12.45187 2.82387
12.34914 2.88992
12.20959 2.93817
12.05075 2.96921
11.82914 2.99263
11.54862 3.00444
11.25468 3.00172
11.00941 2.98529
10.83787 2.95889
10.70484 2.91445
10.64307 2.86432
10.62299 2.79775
10.65132 2.70144
10.73440 2.57626
10.88056 2.41076
11.08489 2.20959
11.31001 2.00469
11.44044 1.89116
11.38278 1.93373
11.32582 1.95717
11.27606 1.95906
11.23974 1.93917
11.22133 1.89961
11.22252 1.84430
11.24316 1.77595
11.28295 1.69748
11.33721 1.61819
11.39995 1.54635
11.46249 1.49201
11.51847 1.46121
11.56285 1.45756
11.59228 1.48150
11.60498 1.53019
11.60039 1.59815
11.57958 1.67568
11.54470 1.75450
11.50002 1.82507
11.44792 1.88421
11.39060 1.92905
11.33319 1.95525
11.28207 1.96009
11.24364 1.94305
11.22267 1.90593
11.22124 1.85245
11.23947 1.78525
11.27592 1.70951
11.32861 1.62950
11.39079 1.55575
11.45379 1.49848
11.51105 1.46401
11.55734 1.45636
11.58906 1.47644
11.60422 1.52187
11.60211 1.58748
11.58365 1.66381
11.55089 1.74257
11.50640 1.81633
11.45347 1.87882
11.39647 1.92532
11.33880 1.95355
11.28675 1.96060
11.24678 1.94572
11.22391 1.91049
11.22050 1.85845
11.23689 1.79217
11.27184 1.71676
11.32351 1.63639
11.38529 1.56157
11.44849 1.50260
11.50647 1.46597
11.55388 1.45592
11.58696 1.47365
11.60359 1.51706
11.60298 1.58119
11.58519 1.65906
11.55330 1.73775
11.50954 1.81188
11.45716 1.87513
11.40040 1.92272
11.34258 1.95229
11.28994 1.96082
11.24898 1.94739
11.23980 1.93924
11.25811 1.95705
11.25997 1.98739
11.24432 2.03263
11.22232 2.06678
11.18635 2.10477
11.14713 2.13333
11.08848 2.15949
11.03463 2.16826
10.98917 2.16221
10.95421 2.14386
10.92517 2.10428
10.91540 2.05196
10.92245 1.99096
10.95028 1.90729
10.99395 1.81951
11.06063 1.71319
11.15035 1.59249
11.24622 1.47940
11.35699 1.36360
11.46398 1.26599
11.56330 1.19006
11.66237 1.13406
11.74571 1.11130
11.81264 1.12141
11.86405 1.16134
11.90536 1.23480
11.93520 1.34259
11.95226 1.47035
11.95942 1.62477
11.95584 1.80301
11.94093 1.98763
11.93328 2.04941
11.94888 1.98605
11.98535 1.91368
12.03801 1.84105
12.10084 1.77558
12.16710 1.72481
12.22681 1.69657
12.27695 1.69205
12.31394 1.71173
12.33541 1.75359
12.33983 1.81345
12.32631 1.88540
12.29677 1.95788
12.25451 2.02389
12.20167 2.08013
12.14031 2.12345
12.07594 2.14927
12.01611 2.15459
11.96882 2.13876
11.94081 2.10512
11.93289 2.05512
11.94648 1.99252
11.98000 1.92254
12.03121 1.84931
12.09341 1.78241
12.15983 1.72947
12.22036 1.69864
12.27180 1.69133
12.31045 1.70828
12.33378 1.74776
12.34022 1.80583
12.32880 1.87674
12.30124 1.94903
12.25921 2.01771
12.20745 2.07496
12.14673 2.11981
12.08448 2.14695
12.02357 2.15511
11.97418 2.14206
11.94352 2.11074
11.93270 2.06255
11.94357 2.00107
11.97488 1.93142
12.02454 1.85768
12.08601 1.78944
12.15251 1.73440
12.21378 1.70103
12.26648 1.69093
12.30675 1.70513
12.33194 1.74219
12.34036 1.80022
12.33050 1.87028
12.30340 1.94457
12.26230 2.01354
12.21126 2.07143
12.15101 2.11728
12.08880 2.14565
12.02740 2.15523
11.97700 2.14359
11.94503 2.11346
11.93275 2.06621
11.94160 2.00742
11.97118 1.93809
12.01962 1.86404
12.07683 1.79849
12.04647 1.82975
12.01136 1.84714
11.98188 1.84203
11.96945 1.82414
11.96614 1.78981
11.98088 1.72844
12.01003 1.66416
12.06105 1.58089
12.11853 1.50466
12.19222 1.42302
12.26287 1.35888
12.33925 1.30666
12.40390 1.28162
12.45588 1.28238
12.50096 1.31218
12.53087 1.36774
12.54912 1.45524
12.55298 1.56082
12.54243 1.69337
12.51715 1.83398
12.48185 1.96157
12.43276 2.08846
12.37607 2.19666
12.30332 2.29992
12.22505 2.38245
12.12892 2.45709
12.03331 2.51117
11.92313 2.55568
11.80019 2.58838
11.66957 2.60720
11.53961 2.61078
11.42006 2.59893
11.31903 2.57273
11.24095 2.53413
11.18645 2.48540
11.14942 2.41653
11.13840 2.33913
11.13890 2.32152
11.12711 2.38793
11.09189 2.44995
11.03512 2.50379
10.96142 2.54515
10.87204 2.57306
10.77702 2.58368
10.69054 2.57538
10.62574 2.54945
10.58968 2.50951
10.58288 2.45840
10.60585 2.39668
10.65590 2.33156
10.72686 2.26962
10.80896 2.21909
10.89210 2.18620
10.96990 2.17365
11.03740 2.18247
11.09056 2.21193
11.12568 2.25963
11.13890 2.32148
11.12713 2.38789
11.09193 2.44991
11.03517 2.50376
10.96148 2.54513
10.87212 2.57305
10.77709 2.58368
10.69060 2.57540
10.62578 2.54948
10.58970 2.50955
10.58287 2.45844
10.60582 2.39672
10.65586 2.33161
10.72681 2.26965
10.80891 2.21912
10.89205 2.18621
10.96986 2.17365
11.03737 2.18246
11.09053 2.21191
11.12567 2.25959
11.13890 2.32144
11.12714 2.38784
11.09196 2.44987
11.03522 2.50372
10.96155 2.54510
10.87219 2.57303
10.77717 2.58368
10.69067 2.57541
10.62582 2.54951
10.58972 2.50958
10.58287 2.45849
10.60580 2.39676
10.65582 2.33165
10.72677 2.26968
10.80886 2.21914
10.89200 2.18623
10.96981 2.17365
11.03733 2.18244
11.09050 2.21189
11.12565 2.25956
11.13890 2.32140
11.12716 2.38780
11.09199 2.44983
11.03527 2.50368
10.97611 2.53853
11.02749 2.51262
11.08063 2.50117
11.14143 2.50325
11.20115 2.52464
11.24521 2.56401
11.26531 2.60904
11.26086 2.67192
11.21992 2.73357
11.16181 2.77651
11.07638 2.81454
10.96121 2.84546
10.81837 2.86684
10.65830 2.87660
10.49955 2.87382
10.36121 2.85932
10.25432 2.83523
10.16240 2.79248
10.11822 2.74211
10.11001 2.67349
10.14347 2.58787
10.21632 2.48790
10.33694 2.36359
10.48614 2.23446
10.65504 2.10595
10.83641 1.98406
11.01002 1.88294
11.17336 1.80385
11.32523 1.74753
11.46529 1.71408
11.59387 1.70287
11.72131 1.71421
11.83208 1.74514
11.80242 1.72400
11.79007 1.68162
11.79637 1.62169
11.82136 1.54659
11.86347 1.46155
11.92080 1.37094
11.98613 1.28676
12.05006 1.22140
12.10533 1.18328
12.14623 1.17781
12.16939 1.20582
12.17387 1.26323
12.16044 1.34238
12.13183 1.43114
12.09123 1.51981
12.04195 1.60039
11.98770 1.66667
11.93281 1.71431
11.88038 1.74158
11.83591 1.74599
11.80466 1.72714
11.79048 1.68675
11.79491 1.62839
11.81817 1.55434
11.85891 1.46972
11.91535 1.37878
11.98043 1.29342
12.04478 1.22607
12.10106 1.18533
12.14337 1.17694
12.16813 1.20215
12.17420 1.25729
12.16227 1.33492
12.13495 1.42301
12.09542 1.51181
12.04695 1.59321
11.99317 1.66089
11.93832 1.71038
11.88540 1.73985
11.83987 1.74661
11.80709 1.73006
11.79107 1.69171
11.79362 1.63495
11.81514 1.56201
11.85446 1.47787
11.90996 1.38668
11.97284 1.30250
12.03767 1.23261
12.09521 1.18844
12.13935 1.17617
12.16623 1.19762
12.17445 1.24964
12.16451 1.32514
12.13893 1.41224
12.10085 1.50110
12.05350 1.58348
12.00040 1.65294
11.94567 1.70483
11.89219 1.73717
11.84534 1.74707
11.81058 1.73360
11.79215 1.69801
11.79220 1.64347
11.81134 1.57209
11.82022 1.54933
11.80113 1.59645
11.77327 1.63783
11.73424 1.67498
11.70611 1.69014
11.67651 1.69367
11.64941 1.67385
11.64033 1.63465
11.64577 1.58314
11.67058 1.50263
11.71025 1.41456
11.77398 1.30021
11.84739 1.18610
11.94163 1.05482
12.03681 0.93472
12.14239 0.81579
12.23531 0.72844
12.30942 0.68167
12.36115 0.68030
12.39395 0.73003
12.40466 0.82073
12.39870 0.95305
12.38006 1.10270
12.35230 1.26049
12.31246 1.43893
12.26310 1.61646
12.20928 1.77296
12.14430 1.92438
12.07448 2.05298
12.00143 2.15928
11.91436 2.25790
11.82628 2.33446
11.72410 2.40154
11.60734 2.45661
11.55910 2.47392
11.67069 2.44282
11.77503 2.43148
11.87000 2.43959
11.95327 2.46759
12.01868 2.51497
12.05648 2.57589
12.06018 2.64065
12.02865 2.70039
11.96211 2.75138
11.86536 2.78968
11.74007 2.81502
11.59057 2.82491
11.44967 2.81599
11.34748 2.79140
11.28661 2.75362
11.26872 2.70473
11.29399 2.64506
11.36046 2.57995
11.45808 2.51829
11.57051 2.46989
11.68191 2.44073
11.78548 2.43141
11.87923 2.44155
11.96077 2.47150
12.02384 2.52059
12.05854 2.58274
12.05828 2.64807
12.02188 2.70768
11.95288 2.75622
11.85197 2.79339
11.72350 2.81707
11.57340 2.82484
11.43543 2.81382
11.33513 2.78630
11.28010 2.74539
11.27024 2.69371
11.30432 2.63208
11.37881 2.56640
11.47991 2.50730
11.59055 2.46329
11.70146 2.43757
11.80356 2.43182
11.89504 2.44550
11.97344 2.47881
12.03223 2.53080
12.06125 2.59497
12.05441 2.65926
12.01240 2.71671
11.93639 2.76409
11.82858 2.79920
11.69530 2.81999
11.54509 2.82417
11.41721 2.81057
11.32389 2.78093
11.27600 2.73864
11.27214 2.68632
11.31083 2.62474
11.38833 2.55981
11.49094 2.50205
11.60197 2.45979
11.71252 2.43606
11.81371 2.43234
11.88143 2.44206
11.84276 2.43364
11.82396 2.41309
11.82398 2.37898
11.84927 2.33431
11.90599 2.28101
11.96764 2.24241
12.04717 2.20943
12.12041 2.19321
12.20205 2.19161
12.28610 2.21122
12.35651 2.24891
12.42356 2.31003
12.48249 2.39624
12.52740 2.50739
12.54704 2.62780
12.53436 2.73878
12.48148 2.83613
12.39610 2.90370
12.27057 2.95438
12.11612 2.98819
11.88002 3.01503
11.55040 3.02970
11.18839 3.02746
10.89886 3.00923
10.71426 2.98044
10.60903 2.94580
10.54351 2.89495
10.52704 2.82788
10.56328 2.73155
10.66743 2.59337
10.83833 2.41672
11.06611 2.20737
11.31081 1.99758
11.47077 1.86675
11.41344 1.90599
11.35848 1.92523
11.31225 1.92249
11.28057 1.89805
11.26721 1.85440
11.27320 1.79573
11.29806 1.72483
11.34118 1.64476
11.39750 1.56508
11.46087 1.49429
11.52258 1.44250
11.57638 1.41567
11.61748 1.41706
11.64285 1.44648
11.65110 1.50040
11.64202 1.57264
11.61712 1.65296
11.57881 1.73288
11.53169 1.80293
11.47832 1.86016
11.42113 1.90182
11.36548 1.92391
11.31772 1.92415
11.28381 1.90251
11.26787 1.86123
11.27131 1.80429
11.29388 1.73441
11.33519 1.65452
11.39043 1.57410
11.45354 1.50159
11.51579 1.44727
11.57077 1.41735
11.61352 1.41544
11.64079 1.44176
11.65104 1.49314
11.64393 1.56365
11.62086 1.64319
11.58417 1.72329
11.53833 1.79435
11.48580 1.85328
11.42884 1.89730
11.37263 1.92219
11.32344 1.92541
11.28738 1.90662
11.26889 1.86778
11.26975 1.81266
11.28997 1.74390
11.32797 1.66676
11.38172 1.58555
11.44437 1.51104
11.50716 1.45369
11.56353 1.41998
11.60828 1.41394
11.63791 1.43634
11.65064 1.48443
11.64601 1.55263
11.62524 1.63106
11.59061 1.71122
11.54483 1.78558
11.49319 1.84614
11.43656 1.89243
11.37990 1.92007
11.32939 1.92627
11.29127 1.91037
11.28062 1.89812
11.29586 1.91868
11.29472 1.95092
11.27583 1.99722
11.25204 2.03120
11.21483 2.06796
11.17556 2.09456
11.11872 2.11702
11.06839 2.12174
11.02758 2.11170
10.99779 2.08963
10.97568 2.04571
10.97222 1.98978
10.98466 1.92584
11.01789 1.83924
11.06565 1.74920
11.13584 1.64086
11.22816 1.51865
11.32537 1.40498
11.43636 1.28979
11.54223 1.19447
11.63906 1.12288
11.72401 1.07804
11.80336 1.06136
11.86517 1.07946
11.91080 1.12836
11.94544 1.21181
11.96806 1.32967
11.97815 1.46612
11.97780 1.62839
11.96576 1.81343
11.94130 2.00329
11.92718 2.08121
11.94668 2.01712
11.98660 1.94572
12.04350 1.87380
12.10969 1.81127
12.17613 1.76669
12.23496 1.74491
12.28352 1.74658
12.31852 1.77152
12.33799 1.81886
12.33929 1.88140
12.32294 1.95196
12.28998 2.02334
12.24408 2.08684
12.18762 2.13928
12.12537 2.17656
12.06137 2.19670
12.00128 2.19710
11.95679 2.17767
11.93103 2.14099
11.92618 2.08899
11.94305 2.02573
11.98088 1.95437
12.03471 1.88360
12.09841 1.82063
12.16528 1.77268
12.22546 1.74702
12.27606 1.74460
12.31357 1.76565
12.33597 1.80959
12.34022 1.87164
12.32580 1.94332
12.29490 2.01471
12.25081 2.07901
12.19576 2.13296
12.13426 2.17234
12.07008 2.19504
12.00867 2.19828
11.96193 2.18147
11.93337 2.14698
11.92556 2.09661
11.93973 2.03427
11.97537 1.96306
12.02779 1.89161
12.09089 1.82716
12.15796 1.77702
12.21895 1.74882
12.27085 1.74367
12.31001 1.76208
12.33435 1.80368
12.34069 1.86400
12.32841 1.93474
12.29956 2.00604
12.25731 2.07104
12.20375 2.12640
12.14309 2.16779
12.07888 2.19300
12.01630 2.19908
11.96742 2.18492
11.93612 2.15270
11.92533 2.10406
11.93673 2.04274
11.96881 1.97395
12.01932 1.90177
12.08155 1.83559
12.05052 1.86488
12.01555 1.87938
11.98728 1.87111
11.97627 1.85128
11.97497 1.81526
11.99240 1.75295
12.02357 1.68917
12.07626 1.60810
12.13440 1.53536
12.20782 1.45925
12.27735 1.40141
12.35175 1.35701
12.41422 1.33937
12.46418 1.34650
12.50738 1.38206
12.53596 1.44155
12.55321 1.53162
12.55633 1.63825
12.54484 1.77072
12.51801 1.91036
12.48033 2.03648
12.42733 2.16136
12.36533 2.26719
12.29757 2.35344
12.21305 2.43350
12.12738 2.49367
12.02617 2.54589
11.90925 2.58790
11.77923 2.61733
11.64258 2.63207
11.50924 2.63097
11.38980 2.61427
11.29209 2.58347
11.21941 2.54084
11.17119 2.48879
11.14165 2.41685
11.13737 2.33727
11.14371 2.29107
11.12324 2.35740
11.08212 2.41730
11.02301 2.46762
10.94844 2.50602
10.86228 2.52988
10.77487 2.53598
10.69903 2.52342
10.64539 2.49401
10.61847 2.44985
10.62032 2.39491
10.64970 2.33215
10.70494 2.26537
10.77889 2.20369
10.85930 2.15682
10.93848 2.12890
11.00868 2.12219
11.06780 2.13622
11.11332 2.17105
11.13992 2.22359
11.14418 2.28724
11.12515 2.35341
11.08549 2.41352
11.02777 2.46440
10.95431 2.50369
10.86869 2.52873
10.78094 2.53617
10.70386 2.52493
10.64838 2.49663
10.61939 2.45328
10.61934 2.39880
10.64716 2.33612
10.70126 2.26907
10.77249 2.20824
10.85269 2.15999
10.93221 2.13040
11.00316 2.12195
11.06335 2.13426
11.11026 2.16749
11.13855 2.21874
11.14473 2.28156
11.12784 2.34745
11.08877 2.40972
11.03243 2.46113
10.96011 2.50128
10.87509 2.52748
10.78708 2.53626
10.70881 2.52635
10.65151 2.49917
10.62103 2.45831
10.61809 2.40457
10.64351 2.34208
10.69410 2.27649
10.76405 2.21445
10.84388 2.16439
10.92379 2.13262
10.99569 2.12186
11.05728 2.13187
11.10600 2.16294
11.13648 2.21242
11.14520 2.27407
11.13110 2.33951
11.09500 2.40208
11.03923 2.45616
10.96866 2.49754
10.95444 2.50364
11.00689 2.48085
11.05773 2.47330
11.11284 2.48053
11.16280 2.50778
11.19355 2.55232
11.19913 2.60056
11.18302 2.64908
11.14528 2.69565
11.08450 2.73831
10.99917 2.77506
10.88954 2.80378
10.76016 2.82242
10.62154 2.82950
10.48827 2.82468
10.37358 2.80898
10.28475 2.78437
10.20761 2.74142
10.17054 2.69093
10.16541 2.62200
10.19886 2.53569
10.27003 2.43471
10.37398 2.32277
10.51932 2.19162
10.68503 2.06161
10.84872 1.94870
11.00603 1.85447
11.15462 1.78003
11.29324 1.72610
11.43256 1.69083
11.55964 1.67952
11.68455 1.69257
11.79800 1.72914
11.84952 1.75429
11.82274 1.72884
11.81375 1.68286
11.82402 1.61805
11.85257 1.54123
11.89900 1.45340
11.95814 1.36472
12.02359 1.28476
12.08602 1.22556
12.13848 1.19487
12.17578 1.19707
12.19513 1.23183
12.19596 1.29423
12.17925 1.37624
12.14780 1.46567
12.10482 1.55309
12.05542 1.62852
12.00209 1.68931
11.94717 1.73302
11.89564 1.75582
11.85310 1.75560
11.82467 1.73239
11.81380 1.68832
11.82218 1.62499
11.84907 1.54907
11.89420 1.46149
11.95259 1.37230
12.01795 1.29097
12.08093 1.22964
12.13449 1.19626
12.17325 1.19556
12.19419 1.22764
12.19660 1.28794
12.18134 1.36862
12.15115 1.45757
12.10921 1.54528
12.06055 1.62164
12.00579 1.68570
11.95083 1.73070
11.89889 1.75500
11.85557 1.75635
11.82606 1.73465
11.81395 1.69188
11.82050 1.63181
11.84572 1.55686
11.88950 1.46960
11.94709 1.37996
12.01230 1.29733
12.07577 1.23393
12.13038 1.19789
12.17058 1.19429
12.19312 1.22366
12.19711 1.28181
12.18332 1.36108
12.15440 1.44948
12.11351 1.53741
12.06561 1.61464
12.01129 1.68016
11.95632 1.72705
11.90383 1.75357
11.85939 1.75728
11.82828 1.73783
11.81432 1.69704
11.81901 1.63851
11.84251 1.56457
11.85016 1.54660
11.82941 1.59422
11.80069 1.63475
11.76166 1.66956
11.73426 1.68243
11.70629 1.68285
11.68233 1.65881
11.67658 1.61614
11.68521 1.56187
11.71376 1.47871
11.75645 1.38899
11.82293 1.27378
11.89804 1.16003
11.99302 1.03075
12.08754 0.91453
12.19056 0.80282
12.27900 0.72579
12.34720 0.69157
12.39275 0.70276
12.41962 0.76404
12.42604 0.86242
12.41672 0.99976
12.39549 1.15207
12.36535 1.31111
12.32265 1.48990
12.27559 1.64940
12.21897 1.80527
12.15864 1.93915
12.08631 2.06692
12.01053 2.17204
11.93411 2.25567
11.84520 2.33160
11.74233 2.39775
11.62529 2.45159
11.51196 2.48666
11.62633 2.46435
11.73374 2.46186
11.82939 2.47936
11.91054 2.51685
11.96872 2.57147
11.99510 2.63715
11.98245 2.70177
11.93279 2.75666
11.84743 2.80085
11.72923 2.83245
11.57997 2.85012
11.42312 2.85036
11.29054 2.83311
11.20267 2.80181
11.16028 2.75781
11.16452 2.70299
11.21576 2.63833
11.30474 2.57404
11.41706 2.51880
11.53565 2.48053
11.64904 2.46220
11.75441 2.46383
11.84710 2.48532
11.92420 2.52649
11.97690 2.58407
11.99574 2.64979
11.97582 2.71292
11.92021 2.76534
11.82690 2.80802
11.70149 2.83722
11.54832 2.85162
11.39387 2.84825
11.26917 2.82785
11.18883 2.79278
11.15704 2.74540
11.17259 2.68809
11.23439 2.62236
11.33155 2.55888
11.44645 2.50753
11.56219 2.47459
11.67418 2.46079
11.77703 2.46705
11.86618 2.49296
11.93842 2.53812
11.98451 2.59882
11.99468 2.66444
11.96614 2.72585
11.90025 2.77715
11.80023 2.81610
11.66665 2.84217
11.51025 2.85247
11.36038 2.84481
11.24603 2.82084
11.17762 2.78330
11.15646 2.73455
11.18158 2.67508
11.25003 2.61025
11.35088 2.54879
11.46714 2.50031
11.58268 2.47067
11.69339 2.46043
11.79412 2.47028
11.83598 2.48146
11.79836 2.46961
11.78265 2.44689
11.78751 2.41176
11.81837 2.36788
11.88069 2.31781
11.94584 2.28332
12.02820 2.25607
12.10317 2.24536
12.18618 2.25003
12.27141 2.27603
12.35359 2.32735
12.42801 2.40580
12.48958 2.51113
12.52974 2.64138
12.53116 2.76500
12.48986 2.86225
12.41101 2.93035
12.28241 2.98192
12.10783 3.01647
11.81271 3.04307
11.53405 3.05270
11.22503 3.05312
10.95069 3.04425
10.67268 3.01845
10.52530 2.98450
10.44050 2.93366
10.42029 2.86647
10.46070 2.77029
10.57311 2.63294
10.76746 2.44490
11.01841 2.22693
11.28302 2.01176
11.50106 1.84401
11.44438 1.87971
11.39165 1.89463
11.34908 1.88725
11.32198 1.85833
11.31350 1.81072
11.32472 1.74660
11.35525 1.67066
11.40222 1.58920
11.46075 1.50986
11.52453 1.44137
11.58482 1.39381
11.63559 1.37288
11.67240 1.38119
11.69270 1.41769
11.69556 1.47792
11.68118 1.55493
11.65153 1.63793
11.61077 1.71600
11.56124 1.78487
11.50675 1.83938
11.45002 1.87701
11.39661 1.89413
11.35274 1.88900
11.32390 1.86215
11.31348 1.81624
11.32277 1.75336
11.35165 1.67807
11.39742 1.59659
11.45531 1.51652
11.51906 1.44655
11.57991 1.39693
11.63170 1.37354
11.66985 1.37932
11.69163 1.41352
11.69600 1.47194
11.68309 1.54783
11.65476 1.63044
11.61510 1.70882
11.56643 1.77862
11.51243 1.83458
11.45568 1.87410
11.40166 1.89340
11.35656 1.89053
11.32601 1.86578
11.31365 1.82162
11.32046 1.76222
11.34598 1.69032
11.38963 1.60894
11.44634 1.52778
11.50993 1.45551
11.57161 1.40255
11.62502 1.37514
11.66534 1.37668
11.68957 1.40699
11.69645 1.46231
11.68598 1.53617
11.65988 1.61801
11.62073 1.69919
11.57323 1.77013
11.51993 1.82793
11.46327 1.86991
11.40852 1.89208
11.36187 1.89222
11.32910 1.87029
11.32202 1.85841
11.33426 1.88165
11.33026 1.91566
11.30843 1.96279
11.28311 1.99642
11.24500 2.03177
11.20599 2.05626
11.15127 2.07494
11.10460 2.07562
11.06834 2.06166
11.03776 2.02527
11.02687 1.97391
11.03329 1.91233
11.06100 1.82646
11.10513 1.73545
11.17288 1.62451
11.25062 1.51573
11.34760 1.39568
11.44609 1.28669
11.55524 1.17997
11.65624 1.09667
11.74552 1.04073
11.82073 1.01466
11.88747 1.02129
11.93622 1.06266
11.97230 1.14194
11.99323 1.24728
12.00285 1.38364
12.00088 1.54782
11.98790 1.72130
11.96411 1.89947
11.92767 2.07917
11.91892 2.11351
11.94248 2.04905
11.98593 1.97899
12.04539 1.91013
12.11296 1.85205
12.17974 1.81263
12.23819 1.79596
12.28593 1.80227
12.32056 1.83207
12.33815 1.88254
12.33724 1.94664
12.31818 2.01725
12.28330 2.08519
12.23424 2.14635
12.17444 2.19550
12.10927 2.22871
12.04342 2.24417
11.98503 2.24005
11.94175 2.21684
11.91853 2.17723
11.91704 2.12342
11.93738 2.05974
11.97835 1.98950
12.03631 1.91941
12.10342 1.85914
12.17071 1.81684
12.23037 1.79696
12.27987 1.79995
12.31671 1.82658
12.33679 1.87443
12.33829 1.93870
12.32139 2.00868
12.28730 2.07888
12.23964 2.14076
12.18091 2.19115
12.11622 2.22603
12.05008 2.24346
11.99053 2.24140
11.94538 2.22009
11.91995 2.18200
11.91619 2.12928
11.93453 2.06615
11.97394 1.99586
12.03091 1.92511
12.09769 1.86358
12.16522 1.81958
12.22557 1.79778
12.27608 1.79878
12.31339 1.82249
12.33544 1.86816
12.33909 1.93090
12.32364 2.00227
12.29115 2.07254
12.24492 2.13507
12.18729 2.18665
12.12316 2.22315
12.05681 2.24254
11.99618 2.24253
11.94922 2.22315
11.92160 2.18664
11.91555 2.13506
11.93186 2.07253
11.96965 2.00225
12.02557 1.93088
12.08438 1.87438
12.05269 1.90160
12.01788 1.91317
11.99090 1.90182
11.98135 1.88015
11.98209 1.84263
12.00219 1.77968
12.03533 1.71668
12.08960 1.63815
12.14834 1.56912
12.22146 1.49871
12.28992 1.44714
12.36252 1.41033
12.42305 1.39967
12.47127 1.41270
12.51287 1.45351
12.54035 1.51653
12.55676 1.60889
12.55919 1.71640
12.54669 1.84870
12.51805 1.98731
12.47756 2.11192
12.42815 2.21953
12.36235 2.32353
12.28944 2.40777
12.19747 2.48519
12.10350 2.54238
11.99222 2.59064
11.86434 2.62746
11.72440 2.65032
11.58160 2.65736
11.44793 2.64801
11.33409 2.62330
11.24609 2.58540
11.18489 2.53688
11.14337 2.46804
11.13050 2.39073
11.14324 2.29303
11.15256 2.25966
11.12495 2.32522
11.07777 2.38440
11.01492 2.43228
10.93987 2.46677
10.85746 2.48560
10.77547 2.48595
10.71118 2.46775
10.66970 2.43377
10.65377 2.38623
10.66490 2.32724
10.70217 2.26166
10.76132 2.19577
10.83384 2.13820
10.91209 2.09517
10.98512 2.07266
11.04991 2.07116
11.10243 2.09081
11.14015 2.13128
11.15815 2.18868
11.15399 2.25374
11.12843 2.31923
11.08330 2.37890
11.02225 2.42779
10.94848 2.46374
10.86641 2.48441
10.78348 2.48685
10.71712 2.47053
10.67295 2.43808
10.65417 2.39162
10.66199 2.33516
10.69649 2.26959
10.75379 2.20295
10.82542 2.14395
10.90363 2.09892
10.97729 2.07415
11.04322 2.07027
11.09728 2.08760
11.13695 2.12598
11.15725 2.18177
11.15524 2.24785
11.13171 2.31323
11.08863 2.37333
11.02942 2.42316
10.95699 2.46053
10.87539 2.48302
10.79165 2.48753
10.72332 2.47313
10.67650 2.44225
10.65486 2.39693
10.66008 2.34108
10.69110 2.27756
10.74642 2.21025
10.81705 2.14988
10.89514 2.10291
10.96936 2.07591
11.03637 2.06964
11.09194 2.08464
11.13351 2.12088
11.15608 2.17501
11.15663 2.24008
11.13480 2.30721
11.09376 2.36768
11.03641 2.41841
10.96262 2.45828
10.94292 2.46572
10.99513 2.44620
11.04285 2.44246
11.09161 2.45454
11.13143 2.48703
11.14889 2.53580
11.14051 2.58615
11.10973 2.63484
11.05707 2.67957
10.98246 2.71829
10.88701 2.74901
10.77481 2.76987
10.65406 2.77953
10.53598 2.77760
10.43139 2.76483
10.32439 2.73376
10.25736 2.69092
10.22515 2.64044
10.22199 2.57121
10.25513 2.48418
10.32470 2.38208
10.42652 2.26883
10.55457 2.14914
10.70247 2.02840
10.86395 1.91281
11.01928 1.81708
11.16566 1.74255
11.30160 1.69004
11.42652 1.65969
11.55035 1.65118
11.66209 1.66664
11.77131 1.70748
11.86552 1.76577
11.84167 1.73617
11.83600 1.68684
11.84962 1.61971
11.88225 1.53929
11.93115 1.45193
11.99147 1.36567
12.05667 1.29006
12.11749 1.23674
12.16737 1.21273
12.20159 1.22143
12.21780 1.26159
12.21573 1.32771
12.19639 1.41151
12.16268 1.50090
12.11930 1.58417
12.06872 1.65708
12.01473 1.71449
11.95987 1.75411
11.90935 1.77236
11.86884 1.76754
11.84327 1.74010
11.83571 1.69259
11.84746 1.62682
11.87846 1.54718
11.92618 1.45991
11.98588 1.37295
12.05111 1.29583
12.11259 1.24027
12.16363 1.21353
12.19933 1.21939
12.21713 1.25700
12.21661 1.32117
12.19870 1.40381
12.16623 1.49287
12.12382 1.57655
12.07395 1.65048
12.02028 1.70945
11.96529 1.75104
11.91408 1.77155
11.87232 1.76907
11.84507 1.74383
11.83562 1.69818
11.84547 1.63382
11.87364 1.55761
11.91970 1.47056
11.97849 1.38280
12.04367 1.30376
12.10594 1.24530
12.15847 1.21498
12.19611 1.21704
12.21603 1.25120
12.21758 1.31269
12.20160 1.39367
12.17078 1.48218
12.12826 1.56885
12.07911 1.64376
12.02583 1.70422
11.97075 1.74775
11.91891 1.77051
11.87594 1.77038
11.84704 1.74736
11.83572 1.70360
11.84311 1.64297
11.86906 1.56795
11.87841 1.54730
11.85611 1.59518
11.82665 1.63464
11.78776 1.66694
11.76119 1.67744
11.73493 1.67474
11.71411 1.64657
11.71164 1.60060
11.72334 1.54381
11.75540 1.45835
11.80085 1.36740
11.86973 1.25193
11.94614 1.13924
12.04132 1.01295
12.13459 0.90175
12.23431 0.79870
12.31769 0.73311
12.37986 0.71168
12.41967 0.73457
12.44143 0.80573
12.44436 0.91018
12.43231 1.05121
12.40890 1.20523
12.37663 1.36484
12.33619 1.52558
12.28708 1.68455
12.22768 1.83948
12.16411 1.97205
12.09794 2.08260
12.01948 2.18643
11.94034 2.26849
11.84838 2.34232
11.74245 2.40571
11.62287 2.45603
11.49281 2.49053
11.46394 2.49566
11.57906 2.48269
11.68504 2.48946
11.77742 2.51553
11.85312 2.56056
11.90270 2.62093
11.91571 2.68623
11.88848 2.74749
11.82134 2.79881
11.71652 2.83783
11.57389 2.86379
11.40556 2.87350
11.24545 2.86476
11.12606 2.83956
11.05741 2.80103
11.03895 2.75179
11.06978 2.69054
11.14606 2.62484
11.25496 2.56371
11.37538 2.51768
11.49400 2.49049
11.60723 2.48254
11.71014 2.49433
11.80036 2.52615
11.86970 2.57577
11.91042 2.63958
11.91203 2.70470
11.87463 2.76208
11.79767 2.81016
11.68592 2.84527
11.53493 2.86774
11.36507 2.87308
11.21237 2.86007
11.10530 2.83160
11.04914 2.79099
11.04148 2.73891
11.08330 2.67590
11.16878 2.61003
11.28142 2.55192
11.40286 2.50978
11.52074 2.48691
11.63200 2.48351
11.73191 2.49979
11.81796 2.53584
11.88168 2.58902
11.91411 2.65357
11.90724 2.71770
11.86207 2.77282
11.77881 2.81791
11.65866 2.85092
11.50158 2.87027
11.33211 2.87192
11.18689 2.85549
11.09033 2.82452
11.04336 2.78065
11.04635 2.72594
11.09861 2.66146
11.19265 2.59580
11.30831 2.54094
11.43030 2.50285
11.54712 2.48438
11.65616 2.48553
11.75285 2.50624
11.78370 2.51823
11.74799 2.50292
11.73618 2.47820
11.74658 2.44242
11.78344 2.39983
11.85153 2.35356
11.92019 2.32357
12.00535 2.30238
12.09985 2.29822
12.18183 2.31257
12.26578 2.34798
12.34678 2.40767
12.42027 2.49292
12.48067 2.60318
12.51673 2.73637
12.50797 2.84687
12.45321 2.92979
12.36156 2.98353
12.22592 3.02142
11.96486 3.05395
11.66971 3.06893
11.28166 3.07404
10.90961 3.06725
10.64709 3.05123
10.43492 3.01813
10.32716 2.96713
10.30543 2.89970
10.35272 2.80363
10.48916 2.65354
10.71066 2.45495
10.98577 2.22977
11.25523 2.02220
11.49915 1.84536
11.53115 1.82308
11.47541 1.85504
11.42512 1.86554
11.38629 1.85352
11.36373 1.82019
11.35995 1.76876
11.37562 1.70152
11.40991 1.62336
11.45960 1.54078
11.52143 1.45949
11.58524 1.39325
11.64396 1.34970
11.69176 1.33424
11.72456 1.34887
11.74023 1.39169
11.73829 1.45739
11.71928 1.53838
11.68680 1.62090
11.64326 1.69922
11.59193 1.76682
11.53683 1.81878
11.48088 1.85276
11.42976 1.86550
11.38953 1.85573
11.36517 1.82444
11.35946 1.77464
11.37328 1.70854
11.40600 1.63094
11.45460 1.54823
11.51409 1.46822
11.57804 1.39984
11.63767 1.35336
11.68697 1.33449
11.72164 1.34569
11.73933 1.38548
11.73940 1.44890
11.72230 1.52857
11.69032 1.61331
11.64783 1.69209
11.59725 1.76077
11.54251 1.81429
11.48640 1.85025
11.43452 1.86523
11.39293 1.85773
11.36680 1.82849
11.35917 1.78037
11.37110 1.71548
11.40222 1.63849
11.44968 1.55572
11.50859 1.47491
11.57259 1.40498
11.63286 1.35634
11.68325 1.33495
11.71929 1.34354
11.73850 1.38102
11.74008 1.44267
11.72443 1.52126
11.69374 1.60570
11.65230 1.68489
11.60251 1.75458
11.54817 1.80962
11.49196 1.84754
11.43938 1.86473
11.39649 1.85950
11.36863 1.83235
11.36375 1.82029
11.37306 1.84613
11.36636 1.88176
11.34186 1.92950
11.31524 1.96262
11.27655 1.99637
11.21975 2.02585
11.17025 2.03416
11.13089 2.02563
11.10299 2.00371
11.08373 1.95865
11.08322 1.90063
11.09852 1.83404
11.13507 1.74371
11.18578 1.64976
11.25904 1.53677
11.35426 1.40951
11.45355 1.29160
11.55195 1.18691
11.65842 1.08804
11.75419 1.01604
11.83593 0.97483
11.90896 0.96730
11.96208 0.99877
11.99767 1.06315
12.02065 1.16393
12.03028 1.28606
12.02907 1.43617
12.01630 1.61101
11.99249 1.79179
11.95654 1.97466
11.90838 2.14614
11.93740 2.07958
11.98655 2.00934
12.04909 1.94446
12.11814 1.89196
12.18504 1.85895
12.24264 1.84861
12.28890 1.86070
12.32154 1.89533
12.33669 1.94913
12.33285 2.01484
12.31021 2.08537
12.27120 2.15167
12.21949 2.20801
12.15782 2.25191
12.08941 2.28083
12.02168 2.29141
11.96342 2.28235
11.92235 2.25478
11.90282 2.21190
11.90576 2.15621
11.93157 2.09016
11.97839 2.01942
12.03966 1.95306
12.10849 1.89821
12.17606 1.86224
12.23499 1.84872
12.28308 1.85760
12.31799 1.88925
12.33570 1.94065
12.33458 2.00482
12.31477 2.07479
12.27845 2.14153
12.22909 2.19921
12.16915 2.24527
12.10145 2.27706
12.03298 2.29098
11.97246 2.28531
11.92799 2.26076
11.90460 2.22023
11.90372 2.16611
11.92516 2.10283
11.96744 2.03374
12.02668 1.96553
12.09496 1.90757
12.16327 1.86758
12.22552 1.84946
12.27572 1.85449
12.31329 1.88247
12.33403 1.93087
12.33591 1.99497
12.31890 2.06424
12.28529 2.13125
12.23652 2.19195
12.17585 2.24106
12.10868 2.27453
12.03989 2.29043
11.97814 2.28681
11.93169 2.26413
11.90599 2.22508
11.90278 2.17197
11.92220 2.10916
11.96291 2.03997
12.02118 1.97105
12.08527 1.91469
12.05291 1.93974
12.01830 1.94835
11.99867 1.94063
11.98464 1.91059
11.98745 1.87176
12.01023 1.80849
12.04531 1.74653
12.10110 1.67085
12.16039 1.60575
12.23322 1.54112
12.30069 1.49576
12.37167 1.46627
12.43051 1.46220
12.48391 1.48575
12.52212 1.53463
12.54688 1.60336
12.56076 1.69980
12.56088 1.80941
12.54541 1.94234
12.51720 2.06476
12.47331 2.18780
12.41904 2.29347
12.34567 2.39480
12.26324 2.47586
12.17740 2.53735
12.07340 2.59122
11.95015 2.63496
11.80985 2.66581
11.65989 2.68125
11.51264 2.67985
11.38162 2.66188
11.27637 2.62924
11.20021 2.58461
11.15158 2.53075
11.12401 2.45714
11.12297 2.37653
11.14671 2.27639
11.16505 2.22755
11.13171 2.29178
11.08166 2.34807
11.01692 2.39362
10.94022 2.42547
10.85969 2.43960
10.78649 2.43406
10.73130 2.40962
10.70064 2.36954
10.69595 2.31656
10.71655 2.25537
10.76182 2.18743
10.82641 2.12158
10.89924 2.06819
10.97272 2.03207
11.04086 2.01640
11.09895 2.02255
11.14333 2.04997
11.17097 2.09628
11.17914 2.15735
11.16579 2.22550
11.13310 2.28977
11.08366 2.34628
11.01944 2.39222
10.94305 2.42463
10.86247 2.43943
10.78882 2.43458
10.73285 2.41078
10.70127 2.37117
10.69568 2.31850
10.71552 2.25743
10.76019 2.18942
10.82443 2.12330
10.89713 2.06948
10.97069 2.03283
11.03905 2.01655
11.09748 2.02207
11.14229 2.04892
11.17044 2.09474
11.17921 2.15546
11.16650 2.22345
11.13446 2.28775
11.08564 2.34447
11.02195 2.39081
10.94587 2.42377
10.86527 2.43924
10.79117 2.43509
10.73443 2.41191
10.70194 2.37278
10.69544 2.32043
10.71451 2.25949
10.75858 2.19142
10.82245 2.12504
10.89502 2.07079
10.96864 2.03360
11.03722 2.01671
11.09599 2.02162
11.14123 2.04788
11.16990 2.09321
11.17925 2.15358
11.16719 2.22139
11.13449 2.28770
11.08568 2.34443
11.02200 2.39078
10.94593 2.42375
10.94040 2.42541
11.05980 2.43809
11.09366 2.45419
11.10040 2.47858
11.07410 2.51732
11.00903 2.56504
10.90035 2.61749
10.76721 2.66118
10.59380 2.69737
10.42135 2.71633
10.23430 2.72040
10.05046 2.70656
9.88834 2.67431
9.75931 2.62550
9.66556 2.56319
9.60343 2.49049
9.56725 2.41010
9.55033 2.30643
9.55749 2.17916
9.59029 2.02974
9.64776 1.86206
9.71834 1.70113
9.76930 1.60119
9.75843 1.64367
9.73561 1.68620
9.69833 1.73065
9.66829 1.75420
9.63295 1.76995
9.59334 1.76799
9.56992 1.74454
9.56097 1.70636
9.56451 1.65789
9.58517 1.58264
9.62000 1.49996
9.67779 1.39157
9.74608 1.28200
9.83583 1.15368
9.92882 1.03307
10.03548 0.90767
10.13439 0.80552
10.21995 0.73435
10.29563 0.69946
10.34523 0.71675
10.37143 0.77905
10.37996 0.88717
10.37334 1.01983
10.35392 1.18260
10.32492 1.35286
10.28738 1.52539
10.24080 1.69693
10.18964 1.84851
10.12724 1.99575
10.05939 2.12146
9.98743 2.22601
9.90031 2.32369
9.82194 2.39159
9.90737 2.33313
9.99914 2.29053
10.08689 2.26763
10.16739 2.26484
10.23616 2.28234
10.29044 2.32006
10.32381 2.37473
10.33115 2.43976
10.31054 2.50456
10.26391 2.56252
10.19602 2.60888
10.10810 2.64336
10.00480 2.66332
9.89982 2.66574
9.81002 2.65021
9.74812 2.61917
9.71800 2.57509
9.72089 2.52012
9.75668 2.45695
9.82190 2.39163
9.90732 2.33316
9.99908 2.29054
10.08684 2.26764
10.16735 2.26483
10.23612 2.28232
10.29041 2.32003
10.32380 2.37470
10.33115 2.43972
10.31056 2.50452
10.26395 2.56248
10.19609 2.60885
10.10818 2.64334
10.00488 2.66331
9.89990 2.66574
9.81008 2.65023
9.74816 2.61921
9.71801 2.57512
9.72088 2.52016
9.75665 2.45699
9.82185 2.39166
9.90726 2.33319
9.99903 2.29056
10.08679 2.26765
10.16730 2.26483
10.23608 2.28231
10.29039 2.32001
10.32379 2.37466
10.33116 2.43968
10.31058 2.50448
10.26400 2.56244
10.19615 2.60882
10.10826 2.64331
10.00497 2.66330
9.89998 2.66575
9.81015 2.65025
9.74819 2.61924
9.71802 2.57516
9.72086 2.52021
9.75661 2.45703
9.82181 2.39170
9.90721 2.33322
9.99898 2.29058
10.08674 2.26766
10.10268 2.26555
10.06447 2.27040
10.03865 2.25986
10.02463 2.23281
10.03145 2.18909
10.05357 2.14724
10.09937 2.09183
10.15026 2.04677
10.21854 2.00155
10.29884 1.96625
10.37081 1.95134
10.44527 1.95612
10.50720 1.98126
10.56494 2.03102
10.60858 2.09772
10.64266 2.18913
10.66142 2.30519
10.65743 2.42972
10.62932 2.54359
10.57697 2.64283
10.50003 2.72514
10.40073 2.78942
10.28747 2.83584
10.13394 2.87506
9.93450 2.90342
9.69928 2.91675
9.46200 2.91247
9.26212 2.89162
9.11789 2.85796
9.02561 2.81558
8.96536 2.75499
8.94674 2.67586
8.96970 2.57899
9.02971 2.46564
9.13248 2.32293
9.27691 2.15273
9.43645 1.98131
9.37997 2.03262
9.31861 2.06823
9.25868 2.08432
9.20759 2.07906
9.17208 2.05304
9.15631 2.00918
9.16114 1.95195
9.18565 1.88443
9.22881 1.80988
9.28703 1.73543
9.35070 1.67314
9.41295 1.62938
9.46802 1.60870
9.51147 1.61332
9.54030 1.64274
9.55270 1.69384
9.54774 1.76133
9.52601 1.83610
9.48923 1.91045
9.44168 1.97546
9.38597 2.02809
9.32485 2.06548
9.26444 2.08366
9.21213 2.08056
9.17481 2.05653
9.15695 2.01428
9.15976 1.95817
9.18249 1.89122
9.22428 1.81663
9.27992 1.74350
9.34333 1.67947
9.40607 1.63330
9.46221 1.60980
9.50718 1.61149
9.53780 1.63818
9.55214 1.68702
9.54921 1.75295
9.52945 1.82702
9.49451 1.90154
9.44849 1.96751
9.39386 2.02181
9.33315 2.06151
9.27223 2.08243
9.21841 2.08222
9.17875 2.06089
9.15814 2.02086
9.15823 1.96632
9.17853 1.90021
9.21841 1.82568
9.27290 1.75172
9.33596 1.68603
9.39909 1.63752
9.45625 1.61125
9.50269 1.61000
9.53508 1.63391
9.55136 1.68042
9.55044 1.74470
9.53266 1.81797
9.49958 1.89256
9.45512 1.95939
9.40165 2.01527
9.34145 2.05720
9.28016 2.08083
9.22494 2.08350
9.20769 2.07909
9.23605 2.08792
9.24845 2.11143
9.24502 2.15184
9.23059 2.18527
9.20114 2.22567
9.16451 2.25935
9.10304 2.29626
9.03947 2.31765
8.97914 2.32463
8.92620 2.31871
8.87176 2.29387
8.83803 2.25383
8.82435 2.20281
8.83145 2.12892
8.85963 2.04864
8.91325 1.94897
8.98114 1.84972
9.07083 1.73826
9.17968 1.62042
9.28932 1.51607
9.40839 1.41820
9.51895 1.34401
9.61829 1.29575
9.70487 1.27444
9.78565 1.28166
9.85103 1.31860
9.90733 1.38832
9.95007 1.48217
9.98449 1.60498
10.01065 1.75492
10.02967 1.94222
10.03083 1.95891
10.03442 1.90220
10.05753 1.83408
10.09941 1.75772
10.15497 1.68235
10.21813 1.61591
10.28038 1.56763
10.33567 1.54269
10.37936 1.54388
10.40831 1.57107
10.42074 1.62123
10.41590 1.68898
10.39459 1.76497
10.35873 1.84125
10.31258 1.90866
10.25864 1.96411
10.19940 2.00472
10.14049 2.02637
10.08884 2.02669
10.05109 2.00564
10.03187 1.96553
10.03281 1.91045
10.05354 1.84325
10.09354 1.76700
10.14797 1.69085
10.21080 1.62274
10.27347 1.57207
10.32983 1.54425
10.37505 1.54239
10.40580 1.56670
10.42018 1.61445
10.41734 1.68051
10.39795 1.75570
10.36387 1.83207
10.31918 1.90037
10.26629 1.95743
10.20746 2.00030
10.14813 2.02468
10.09509 2.02791
10.05514 2.00964
10.03328 1.97188
10.03153 1.91852
10.04982 1.85235
10.08786 1.77632
10.14105 1.69948
10.20346 1.62980
10.26649 1.57681
10.32384 1.54616
10.37054 1.54125
10.40307 1.56263
10.41939 1.60792
10.41855 1.67220
10.40109 1.74647
10.36880 1.82282
10.32561 1.89192
10.27382 1.95049
10.21552 1.99555
10.15587 2.02260
10.10158 2.02874
10.05953 2.01329
10.03506 1.97795
10.03061 1.92641
10.04640 1.86136
10.08105 1.78798
10.13257 1.71044
10.14102 1.69953
10.11281 1.73614
10.07748 1.76223
10.04447 1.76732
10.02773 1.75622
10.01811 1.72843
10.02405 1.67212
10.04625 1.60846
10.07872 1.54272
10.13148 1.45671
10.20461 1.35728
10.27900 1.27112
10.36356 1.18935
10.43845 1.13415
10.50095 1.10684
10.55697 1.10928
10.59549 1.14461
10.61862 1.20665
10.62944 1.30181
10.62669 1.41462
10.61008 1.55437
10.58053 1.70116
10.53789 1.85008
10.48760 1.98107
10.43210 2.09255
10.36341 2.19915
10.29167 2.28493
10.20568 2.36361
10.10333 2.43286
10.00482 2.48127
9.89518 2.51920
9.77749 2.54477
9.65735 2.55648
9.54219 2.55362
9.43942 2.53650
9.35453 2.50637
9.29007 2.46500
9.24400 2.41112
9.27004 2.47181
9.26628 2.53781
9.23303 2.59835
9.17299 2.64974
9.08881 2.68969
8.98034 2.71703
8.85974 2.72752
8.74719 2.71927
8.66187 2.69379
8.61310 2.65511
8.60023 2.60444
8.62411 2.54404
8.68189 2.47935
8.76686 2.41732
8.86254 2.36918
8.95973 2.33873
9.04942 2.32828
9.12939 2.33751
9.19716 2.36680
9.24599 2.41396
9.27062 2.47528
9.26571 2.53966
9.23150 2.60017
9.17042 2.65135
9.08527 2.69093
8.97608 2.71773
8.85539 2.72755
8.74354 2.71863
8.65945 2.69259
8.61203 2.65352
8.60043 2.60263
8.62534 2.54218
8.68385 2.47762
8.76924 2.41589
8.86505 2.36816
8.96219 2.33821
9.05167 2.32827
9.13134 2.33802
9.19867 2.36780
9.24696 2.41538
9.27088 2.47700
9.26512 2.54152
9.22993 2.60198
9.16782 2.65295
9.08169 2.69215
8.97180 2.71840
8.85105 2.72755
8.73992 2.71797
8.65707 2.69137
8.61101 2.65192
8.60066 2.60082
8.62659 2.54033
8.68582 2.47589
8.77162 2.41447
8.86757 2.36716
8.96464 2.33769
9.05392 2.32828
9.13327 2.33854
9.20017 2.36881
9.24790 2.41681
9.27111 2.47872
9.26451 2.54337
9.22834 2.60379
9.20802 2.62379
9.24436 2.59026
9.31017 2.56277
9.39095 2.55008
9.47804 2.55640
9.54964 2.57868
9.61975 2.62141
9.67620 2.68624
9.70000 2.75744
9.68388 2.83071
9.62813 2.88813
9.54655 2.92871
9.41215 2.96494
9.20318 2.99336
8.91472 3.00885
8.60003 3.00706
8.34463 2.98891
8.18002 2.95956
8.08854 2.92382
8.03868 2.87119
8.04098 2.80204
8.10274 2.70406
8.22530 2.58067
8.41532 2.42501
8.62843 2.27086
8.85328 2.12407
9.06773 1.99909
9.25537 1.90393
9.43106 1.82986
9.59461 1.77738
9.74632 1.74644
9.85858 1.73675
9.82016 1.72982
9.79707 1.70012
9.79208 1.65031
9.80634 1.58224
9.83959 1.50036
9.88916 1.41099
9.95021 1.32227
10.01610 1.24405
10.07738 1.18851
10.12724 1.16319
10.16085 1.17185
10.17591 1.21318
10.17235 1.28128
10.15151 1.36740
10.11655 1.45898
10.07235 1.54407
10.02139 1.61842
9.96744 1.67694
9.91298 1.71736
9.86313 1.73614
9.82340 1.73158
9.79860 1.70408
9.79174 1.65613
9.80412 1.58947
9.83575 1.50841
9.88413 1.41917
9.94455 1.32979
10.01048 1.25004
10.07245 1.19220
10.12352 1.16406
10.15867 1.16976
10.17535 1.20844
10.17336 1.27455
10.15394 1.35950
10.12019 1.45076
10.07693 1.53629
10.02663 1.61170
9.97297 1.67179
9.91835 1.71422
9.86778 1.73530
9.82679 1.73310
9.80032 1.70783
9.79158 1.66178
9.80208 1.59658
9.83084 1.51905
9.87756 1.43009
9.93707 1.33993
10.00296 1.25826
10.06576 1.19746
10.11839 1.16561
10.15554 1.16737
10.17440 1.20246
10.17451 1.26581
10.15701 1.34909
10.12488 1.43982
10.08144 1.52843
10.03182 1.60486
9.97667 1.66825
9.92197 1.71200
9.87095 1.73460
9.82915 1.73399
9.80157 1.71022
9.79158 1.66546
9.80081 1.60127
9.80554 1.58480
9.79252 1.62871
9.76827 1.67127
9.73029 1.71429
9.70051 1.73598
9.66636 1.74890
9.62963 1.74262
9.60968 1.71525
9.60433 1.67364
9.61601 1.60356
9.64456 1.52311
9.69740 1.41496
9.76304 1.30388
9.85168 1.17232
9.94506 1.04744
10.05347 0.91611
10.15506 0.80725
10.24379 0.72905
10.31450 0.68917
10.36990 0.69485
10.39995 0.74973
10.41038 0.84081
10.40595 0.97038
10.38989 1.11598
10.36217 1.28681
10.32564 1.46104
10.28023 1.63484
10.22444 1.80559
10.16295 1.95474
10.09652 2.08217
10.02653 2.18826
9.94234 2.28762
9.85620 2.36572
9.78523 2.41651
9.87737 2.36359
9.97326 2.32755
10.06325 2.31134
10.14470 2.31495
10.21505 2.33900
10.26766 2.38185
10.29768 2.44011
10.29955 2.50499
10.27227 2.56769
10.21779 2.62219
10.13821 2.66571
10.03698 2.69588
9.92163 2.71004
9.81008 2.70576
9.72133 2.68381
9.66653 2.64770
9.64664 2.59855
9.66269 2.54038
9.71223 2.47648
9.78979 2.41340
9.88235 2.36127
9.97821 2.32619
10.06786 2.31103
10.14873 2.31570
10.21826 2.34079
10.26982 2.38454
10.29851 2.44348
10.29876 2.50872
10.26961 2.57142
10.21309 2.62556
10.13154 2.66837
10.02883 2.69751
9.91308 2.71036
9.80260 2.70472
9.71609 2.68159
9.66394 2.64463
9.64661 2.59495
9.66479 2.53660
9.71774 2.47108
9.79671 2.40879
9.88985 2.35786
9.98564 2.32425
10.07475 2.31067
10.15473 2.31694
10.22301 2.34358
10.27297 2.38866
10.29962 2.44860
10.29739 2.51435
10.26682 2.57513
10.21072 2.62721
10.12820 2.66967
10.02478 2.69828
9.90886 2.71048
9.79896 2.70417
9.71357 2.68047
9.66272 2.64309
9.64666 2.59316
9.66586 2.53474
9.71958 2.46931
9.79901 2.40729
9.89231 2.35676
9.98807 2.32364
10.07700 2.31057
10.07930 2.31050
10.04051 2.31233
10.01569 2.29932
10.00426 2.27028
10.01487 2.22581
10.04013 2.18461
10.08942 2.13155
10.16043 2.07799
10.22978 2.04156
10.30965 2.01659
10.38037 2.01095
10.45307 2.02522
10.51335 2.05808
10.56949 2.11477
10.61678 2.19768
10.64992 2.30710
10.66104 2.42745
10.64849 2.53944
10.61310 2.63860
10.55488 2.72239
10.47522 2.78950
10.38014 2.83970
10.24419 2.88454
10.05356 2.92055
9.87146 2.93882
9.66568 2.94716
9.45887 2.94435
9.27640 2.93090
9.09387 2.89975
8.97888 2.85832
8.90515 2.79805
8.88182 2.73253
8.89871 2.63644
8.95753 2.52399
9.06174 2.38272
9.22179 2.20094
9.42107 1.99651
9.46574 1.95257
9.40844 2.00134
9.34808 2.03322
9.29113 2.04481
9.24471 2.03482
9.21483 2.00436
9.20477 1.95670
9.21535 1.89438
9.24577 1.82234
9.29434 1.74462
9.35476 1.67124
9.41842 1.61203
9.47867 1.57319
9.53003 1.55891
9.56847 1.57077
9.59141 1.60747
9.59747 1.66501
9.58614 1.73737
9.55853 1.81481
9.51826 1.88728
9.46758 1.95066
9.41048 1.99993
9.35013 2.03245
9.29294 2.04477
9.24605 2.03551
9.21553 2.00570
9.20478 1.95856
9.21469 1.89658
9.24454 1.82470
9.29110 1.74914
9.35111 1.67516
9.41477 1.61495
9.47538 1.57479
9.52738 1.55902
9.56666 1.56938
9.59054 1.60473
9.59759 1.66122
9.58727 1.73291
9.56062 1.81015
9.52119 1.88284
9.47118 1.94686
9.41449 1.99709
9.35417 2.03087
9.29655 2.04462
9.24875 2.03680
9.21698 2.00830
9.20486 1.96219
9.21284 1.90306
9.24099 1.83165
9.28633 1.75593
9.34568 1.68111
9.40931 1.61944
9.47042 1.57734
9.52335 1.55936
9.56384 1.56747
9.58912 1.60077
9.59767 1.65565
9.58885 1.72630
9.56364 1.80317
9.52547 1.87616
9.47650 1.94107
9.42046 1.99270
9.36024 2.02833
9.30202 2.04420
9.25293 2.03856
9.24480 2.03486
9.26992 2.04662
9.27880 2.07244
9.27113 2.11463
9.25392 2.14849
9.22188 2.18834
9.18391 2.22056
9.12268 2.25416
9.06180 2.27150
9.00613 2.27420
8.95915 2.26412
8.91346 2.23432
8.88819 2.19014
8.88190 2.13579
8.89640 2.05869
8.93009 1.97599
8.98832 1.87422
9.07181 1.75710
9.16439 1.64581
9.27423 1.52966
9.38300 1.42863
9.48673 1.34560
9.59394 1.27663
9.68859 1.23574
9.76932 1.22365
9.84266 1.24257
9.90010 1.29173
9.94760 1.37439
9.98180 1.47994
10.00719 1.61381
10.02367 1.77378
10.03091 1.97049
10.03098 1.98791
10.03797 1.92945
10.06537 1.85880
10.11024 1.78384
10.16939 1.70974
10.23312 1.64858
10.29464 1.60666
10.34830 1.58842
10.38981 1.59584
10.41634 1.62811
10.42624 1.68177
10.41876 1.75124
10.39468 1.82714
10.35728 1.89950
10.30866 1.96412
10.25248 2.01577
10.19162 2.05167
10.13231 2.06801
10.08185 2.06293
10.04684 2.03703
10.03139 1.99316
10.03639 1.93578
10.06094 1.86793
10.10407 1.79286
10.16222 1.71773
10.22579 1.65474
10.28787 1.61034
10.34268 1.58923
10.38576 1.59369
10.41411 1.62323
10.42598 1.67468
10.42051 1.74266
10.39838 1.81797
10.36140 1.89281
10.31387 1.95823
10.25844 2.01121
10.19780 2.04889
10.13801 2.06732
10.08633 2.06442
10.04952 2.04052
10.03201 1.99827
10.03500 1.94202
10.05778 1.87476
10.09955 1.79967
10.15513 1.72588
10.21844 1.66114
10.28101 1.61433
10.33691 1.59037
10.38152 1.59187
10.41167 1.61864
10.42549 1.66781
10.42203 1.73422
10.40186 1.80882
10.36669 1.88384
10.32067 1.95023
10.26628 2.00489
10.20603 2.04489
10.14572 2.06606
10.09253 2.06606
10.05340 2.04487
10.03316 2.00486
10.03344 1.95019
10.05382 1.88380
10.09368 1.80878
10.14811 1.73418
10.15159 1.73004
10.12268 1.76507
10.08735 1.78847
10.05537 1.79029
10.03994 1.77696
10.03227 1.74693
10.04103 1.68872
10.06550 1.62457
10.11245 1.53800
10.16809 1.45552
10.24202 1.36307
10.31503 1.28587
10.39603 1.21651
10.46617 1.17441
10.52356 1.15972
10.57402 1.17494
10.60796 1.22012
10.62937 1.30039
10.63547 1.40254
10.62889 1.51908
10.60827 1.66032
10.57423 1.80663
10.53193 1.93730
10.47638 2.06574
10.41449 2.17417
10.33710 2.27668
10.25564 2.35778
10.15764 2.43028
10.06211 2.48210
9.95416 2.52407
9.83608 2.55416
9.71289 2.57061
9.59205 2.57235
9.48175 2.55938
9.38866 2.53272
9.31641 2.49414
9.25788 2.43497
9.23343 2.38571
9.24577 2.44921
9.23014 2.51344
9.18802 2.57181
9.12071 2.62105
9.03347 2.65723
8.92830 2.67940
8.81868 2.68416
8.72253 2.67072
8.65426 2.64126
8.61882 2.59825
8.61785 2.54391
8.65131 2.48093
8.71564 2.41536
8.80142 2.35614
8.89447 2.31233
8.98417 2.28788
9.06716 2.28323
9.13891 2.29872
9.19673 2.33439
9.23409 2.38725
9.24571 2.45100
9.22924 2.51532
9.18621 2.57359
9.11795 2.62255
9.02991 2.65830
8.92430 2.67989
8.81486 2.68399
8.71951 2.66991
8.65241 2.63994
8.61822 2.59658
8.61837 2.54206
8.65273 2.47908
8.71767 2.41368
8.80376 2.35480
8.89689 2.31145
8.98647 2.28750
9.06922 2.28338
9.14062 2.29940
9.19797 2.33555
9.23474 2.38880
9.24563 2.45280
9.22832 2.51719
9.18436 2.57536
9.11516 2.62404
9.02634 2.65936
8.92030 2.68036
8.81105 2.68379
8.71653 2.66908
8.65061 2.63861
8.61766 2.59490
8.61893 2.54021
8.65418 2.47723
8.71972 2.41201
8.80611 2.35347
8.89930 2.31057
8.98877 2.28713
9.07127 2.28355
9.14232 2.30008
9.19919 2.33672
9.23537 2.39036
9.24553 2.45461
9.22737 2.51906
9.18248 2.57712
9.14972 2.60323
9.19314 2.57162
9.26136 2.54875
9.33978 2.54255
9.42004 2.55665
9.48217 2.58588
9.53703 2.63594
9.56885 2.70725
9.55785 2.78187
9.50855 2.84045
9.43792 2.88175
9.32705 2.91875
9.16436 2.94867
8.94701 2.96779
8.69873 2.97257
8.46877 2.96218
8.29467 2.93930
8.18155 2.90796
8.10381 2.85854
8.08066 2.79079
8.11177 2.70650
8.20146 2.59446
8.34663 2.45966
8.53705 2.30935
8.74527 2.16338
8.94718 2.03690
9.13903 1.93146
9.31906 1.84823
9.48657 1.78792
9.64157 1.75067
9.78467 1.73584
9.88033 1.73826
9.84457 1.72675
9.82486 1.69285
9.82352 1.63958
9.84133 1.56895
9.87762 1.48569
9.92934 1.39633
9.99140 1.30919
10.05702 1.23422
10.11681 1.18336
10.16422 1.16365
10.19483 1.17802
10.20675 1.22432
10.20022 1.29604
10.17759 1.38151
10.14202 1.47067
10.09667 1.55506
10.04491 1.62792
9.99064 1.68432
9.93647 1.72209
9.88759 1.73790
9.84953 1.73029
9.82691 1.69997
9.82244 1.64967
9.83720 1.58124
9.87089 1.49917
9.92076 1.40984
9.98195 1.32140
10.04779 1.24370
10.10886 1.18888
10.15837 1.16440
10.19157 1.17389
10.20619 1.21592
10.20224 1.28451
10.18104 1.37089
10.14578 1.46248
10.10134 1.54738
10.05021 1.62138
9.99618 1.67941
9.94178 1.71924
9.89212 1.73736
9.85273 1.73211
9.82839 1.70399
9.82204 1.65553
9.83493 1.58849
9.86701 1.50723
9.91571 1.41801
9.97629 1.32888
10.04219 1.24963
10.10395 1.19250
10.15469 1.16519
10.18942 1.17173
10.20567 1.21113
10.20328 1.27775
10.18351 1.36297
10.14945 1.45427
10.10595 1.53962
10.05547 1.61471
10.00172 1.67432
9.94713 1.71616
9.89674 1.73658
9.85608 1.73370
9.83006 1.70780
9.82183 1.66122
9.83284 1.59563
9.84042 1.57158
9.82536 1.61671
9.79983 1.65910
9.76132 1.70046
9.73194 1.72018
9.69910 1.73017
9.66533 1.71956
9.64885 1.68833
9.64701 1.64343
9.66304 1.56981
9.69534 1.48669
9.75191 1.37623
9.82032 1.26381
9.91110 1.13179
10.00547 1.00774
10.11357 0.87931
10.21310 0.77599
10.29785 0.70652
10.36289 0.67822
10.41092 0.69835
10.43423 0.76590
10.43925 0.86645
10.43013 1.00323
10.41029 1.15344
10.37879 1.32743
10.33845 1.50339
10.28874 1.67784
10.23444 1.83143
10.16853 1.97997
10.09719 2.10607
10.02197 2.21023
9.93159 2.30667
9.83946 2.38124
9.74533 2.43904
9.84645 2.39142
9.94600 2.36298
10.03999 2.35436
10.12340 2.36618
10.19188 2.39759
10.24188 2.44778
10.26504 2.51029
10.25711 2.57501
10.21957 2.63321
10.15238 2.68336
10.05923 2.72120
9.94571 2.74476
9.81777 2.75185
9.70240 2.73994
9.62159 2.71255
9.57655 2.67200
9.56891 2.62035
9.59835 2.55998
9.66330 2.49460
9.75282 2.43482
9.85431 2.38852
9.95364 2.36157
10.04697 2.35455
10.12936 2.36795
10.19648 2.40082
10.24470 2.45225
10.26557 2.51560
10.25486 2.58065
10.21419 2.63865
10.14655 2.68648
10.05131 2.72350
9.93644 2.74592
9.80860 2.75162
9.69874 2.73917
9.61926 2.71127
9.57565 2.67036
9.56929 2.61853
9.60118 2.55626
9.66755 2.49121
9.75782 2.43207
9.85954 2.38665
9.95869 2.36070
10.05157 2.35475
10.13327 2.36920
10.19948 2.40303
10.24648 2.45527
10.26581 2.51916
10.25323 2.58440
10.21043 2.64223
10.14057 2.68956
10.04325 2.72571
9.92712 2.74698
9.79951 2.75128
9.69147 2.73755
9.61471 2.70863
9.57397 2.66702
9.57016 2.61483
9.60411 2.55255
9.67185 2.48784
9.76285 2.42936
9.86476 2.38483
9.96373 2.35989
10.05152 2.35474
10.01232 2.35345
9.98885 2.33800
9.98044 2.30713
9.99521 2.26222
10.02384 2.22196
10.07678 2.17159
10.15082 2.12266
10.22193 2.09121
10.30304 2.07231
10.37447 2.07220
10.44778 2.09216
10.51765 2.13728
10.57249 2.20026
10.61853 2.28816
10.64993 2.40096
10.65749 2.52289
10.63754 2.63504
10.58764 2.73328
10.52100 2.80167
10.41033 2.86630
10.27044 2.91267
10.12159 2.94199
9.92703 2.96394
9.69270 2.97557
9.44731 2.97475
9.23023 2.96169
9.06437 2.93882
8.92154 2.89809
8.84527 2.85039
8.80883 2.78551
8.81540 2.70382
8.86970 2.59231
8.97398 2.45227
9.13679 2.27251
9.33967 2.07115
9.49559 1.92507
9.43787 1.97103
9.37888 1.99902
9.32512 2.00606
9.28339 1.99139
9.25894 1.95661
9.25428 1.90531
9.26974 1.84012
9.30405 1.76616
9.35530 1.68761
9.41689 1.61475
9.48019 1.55748
9.53868 1.52198
9.58706 1.51220
9.62158 1.52928
9.64000 1.57125
9.64130 1.63347
9.62529 1.70934
9.59471 1.78632
9.55167 1.85910
9.49930 1.92143
9.44187 1.96846
9.38277 1.99777
9.32844 2.00627
9.28570 1.99305
9.25998 1.95952
9.25397 1.90919
9.26816 1.84463
9.30142 1.77091
9.35194 1.69215
9.41322 1.61860
9.47661 1.56025
9.53553 1.52336
9.58461 1.51203
9.62001 1.52758
9.63939 1.56822
9.64170 1.62944
9.62668 1.70472
9.59701 1.78159
9.55475 1.85469
9.50298 1.91773
9.44586 1.96580
9.38668 1.99642
9.33181 2.00639
9.28810 1.99460
9.26110 1.96236
9.25375 1.91302
9.26665 1.84911
9.29885 1.77565
9.34862 1.69670
9.40955 1.62250
9.47301 1.56309
9.53235 1.52482
9.58212 1.51195
9.61838 1.52597
9.63873 1.56525
9.64204 1.62545
9.62802 1.70012
9.59814 1.77919
9.55629 1.85244
9.50483 1.91584
9.44787 1.96443
9.38866 1.99571
9.33353 2.00641
9.28934 1.99535
9.28346 1.99145
9.30540 2.00608
9.31092 2.03408
9.29934 2.07781
9.27970 2.11188
9.24554 2.15096
9.20672 2.18153
9.14635 2.21168
9.08854 2.22496
9.03759 2.22348
8.99635 2.20942
8.95875 2.17490
8.94111 2.12680
8.94143 2.06928
8.96255 1.98907
9.00119 1.90402
9.06359 1.80019
9.15014 1.68152
9.24433 1.56952
9.35465 1.45366
9.46264 1.35429
9.56439 1.27453
9.66796 1.21141
9.75756 1.17864
9.83210 1.17653
9.89192 1.20316
9.94280 1.26199
9.98289 1.35508
10.00974 1.47019
10.02720 1.61318
10.03491 1.78148
10.03174 1.97216
10.02926 2.01795
10.04042 1.95594
10.07167 1.88527
10.12106 1.81001
10.18212 1.73995
10.24626 1.68436
10.30698 1.64889
10.35901 1.63721
10.39842 1.65055
10.42259 1.68751
10.42999 1.74426
10.41979 1.81506
10.39277 1.89053
10.35231 1.96093
10.30061 2.02221
10.24177 2.06937
10.17922 2.09974
10.11985 2.10995
10.07133 2.09881
10.04000 2.06761
10.02925 2.01982
10.03973 1.95812
10.07041 1.88756
10.11940 1.81221
10.18026 1.74182
10.24440 1.68573
10.30531 1.64960
10.35765 1.63719
10.39747 1.64981
10.42212 1.68613
10.43002 1.74237
10.42034 1.81285
10.39383 1.88823
10.35382 1.95876
10.30249 2.02036
10.24387 2.06801
10.18134 2.09902
10.12174 2.10996
10.07273 2.09953
10.04074 2.06897
10.02927 2.02167
10.03906 1.96029
10.06917 1.88986
10.11774 1.81441
10.17840 1.74371
10.24255 1.68710
10.30363 1.65033
10.35629 1.63720
10.39651 1.64910
10.42163 1.68476
10.43004 1.74050
10.42088 1.81066
10.39487 1.88594
10.35531 1.95658
10.30435 2.01850
10.24597 2.06664
10.18347 2.09828
10.12364 2.10993
10.07415 2.10023
10.04150 2.07031
10.02932 2.02351
10.03780 1.96457
10.06675 1.89440
10.11450 1.81878
10.16036 1.76280
10.13076 1.79612
10.09548 1.81676
10.06458 1.81534
10.05049 1.79985
10.04480 1.76776
10.05631 1.70795
10.08297 1.64363
10.13185 1.55846
10.18839 1.47880
10.26225 1.39133
10.33417 1.32023
10.41298 1.25899
10.48049 1.22505
10.53527 1.21782
10.58314 1.24009
10.61518 1.29026
10.63516 1.37395
10.64033 1.47765
10.63124 1.60970
10.60793 1.75098
10.57037 1.89606
10.52364 2.02475
10.47044 2.13488
10.40301 2.24062
10.33123 2.32594
10.24374 2.40431
10.15697 2.46249
10.05662 2.51228
9.94327 2.55162
9.81996 2.57840
9.69282 2.59091
9.57034 2.58830
9.46118 2.57088
9.37161 2.54005
9.30440 2.49780
9.25264 2.43503
9.22814 2.35834
9.22832 2.42359
9.20242 2.48706
9.15325 2.54264
9.08341 2.58770
8.99243 2.62110
8.89258 2.63793
8.79118 2.63674
8.71111 2.61780
8.65750 2.58271
8.63646 2.53478
8.64817 2.47663
8.69164 2.41146
8.76039 2.34760
8.84630 2.29210
8.93378 2.25443
9.01802 2.23591
9.09371 2.23800
9.15656 2.26051
9.20369 2.30306
9.22849 2.36001
9.22794 2.42545
9.20123 2.48893
9.15120 2.54436
9.08056 2.58910
8.98896 2.62199
8.88890 2.63822
8.78789 2.63635
8.70869 2.61682
8.65623 2.58126
8.63633 2.53302
8.64903 2.47474
8.69326 2.40962
8.76248 2.34599
8.84860 2.29088
8.93608 2.25368
9.02016 2.23570
9.09556 2.23833
9.15801 2.26137
9.20463 2.30438
9.22882 2.36168
9.22753 2.42731
9.20000 2.49080
9.14913 2.54606
9.07769 2.59047
8.98903 2.62197
8.88899 2.63821
8.78797 2.63636
8.70875 2.61684
8.65626 2.58129
8.63633 2.53306
8.64901 2.47478
8.69322 2.40967
8.76243 2.34603
8.84855 2.29091
8.93602 2.25370
9.02011 2.23571
9.09552 2.23832
9.15798 2.26135
9.20461 2.30435
9.22881 2.36164
9.22754 2.42727
9.20003 2.49076
9.14918 2.54602
9.10320 2.57723
9.15159 2.54810
9.20620 2.53224
9.27256 2.52822
9.34270 2.54229
9.40152 2.57470
9.44621 2.62908
9.45972 2.68899
9.44140 2.75008
9.38443 2.80900
9.30890 2.84955
9.19780 2.88474
9.04636 2.91190
8.85921 2.92799
8.65760 2.93071
8.47327 2.91994
8.32916 2.89787
8.23028 2.86764
8.15730 2.81934
8.13133 2.75214
8.15650 2.66757
8.22705 2.56844
8.34886 2.44469
8.51682 2.30292
8.70570 2.16310
8.89130 2.04076
9.06925 1.93736
9.23738 1.85404
9.39464 1.79153
9.54071 1.75008
9.68664 1.72856
9.82072 1.73010
9.90078 1.74223
9.86776 1.72619
9.85143 1.68826
9.85365 1.63179
9.87486 1.55895
9.91395 1.47472
9.96755 1.38584
10.03033 1.30078
10.09541 1.22955
10.15349 1.18374
10.19836 1.16976
10.22601 1.18969
10.23495 1.24059
10.22565 1.31545
10.20062 1.40238
10.16301 1.49149
10.11605 1.57447
10.06322 1.64481
10.00858 1.69779
9.95495 1.73140
9.90767 1.74264
9.87221 1.73047
9.85289 1.69601
9.85198 1.64234
9.87021 1.57151
9.90684 1.48826
9.95876 1.39918
10.02085 1.31258
10.08634 1.23840
10.14585 1.18847
10.19292 1.16968
10.22319 1.18481
10.23481 1.23162
10.22805 1.30357
10.20524 1.38902
10.16950 1.47796
10.12400 1.56197
10.07213 1.63435
10.01779 1.69016
9.96363 1.72727
9.91491 1.74239
9.87712 1.73412
9.85487 1.70322
9.85083 1.65249
9.86602 1.58381
9.90006 1.50172
9.95016 1.41263
10.01141 1.32469
10.07714 1.24775
10.13794 1.19384
10.18712 1.17030
10.21997 1.18059
10.23430 1.22317
10.23011 1.29203
10.20871 1.37841
10.17328 1.46979
10.12869 1.55434
10.07744 1.62786
10.02334 1.68532
9.96894 1.72449
9.91941 1.74192
9.88028 1.73600
9.85632 1.70729
9.85039 1.65838
9.86371 1.59108
9.87384 1.56163
9.85686 1.60777
9.83018 1.64977
9.79133 1.68924
9.76245 1.70687
9.73104 1.71386
9.70031 1.69894
9.68726 1.66395
9.68884 1.61591
9.70903 1.53899
9.74485 1.45349
9.80487 1.34113
9.87571 1.22784
9.96824 1.09604
10.06313 0.97368
10.17026 0.84939
10.26696 0.75313
10.34698 0.69386
10.40593 0.67798
10.44679 0.71216
10.46405 0.79096
10.46362 0.91434
10.44926 1.05848
10.42520 1.21293
10.38940 1.38936
10.34451 1.56618
10.29548 1.72303
10.23643 1.87580
10.17322 2.00662
10.10730 2.11590
10.02881 2.21881
9.94921 2.30042
9.85611 2.37413
9.74796 2.43772
9.70251 2.45882
9.80938 2.41847
9.91196 2.39767
10.00720 2.39661
10.09051 2.41535
10.15908 2.45382
10.20520 2.50892
10.22151 2.57253
10.20478 2.63599
10.15653 2.69117
10.07641 2.73694
9.96971 2.76946
9.83929 2.78755
9.70474 2.78793
9.59109 2.77052
9.51522 2.73850
9.47916 2.69305
9.48469 2.63800
9.53036 2.57448
9.60963 2.51063
9.71055 2.45512
9.81756 2.41615
9.91975 2.39687
10.01422 2.39737
10.09641 2.41762
10.16347 2.45749
10.20761 2.51370
10.22140 2.57798
10.20153 2.64159
10.14972 2.69639
10.06936 2.73981
9.96045 2.77140
9.82888 2.78822
9.69506 2.78720
9.58387 2.76854
9.51116 2.73559
9.47825 2.68955
9.48636 2.63427
9.53397 2.57087
9.61688 2.50590
9.71863 2.45152
9.82573 2.41395
9.92750 2.39618
10.02116 2.39825
10.10221 2.42002
10.16773 2.46125
10.20985 2.51854
10.22105 2.58346
10.19920 2.64530
10.14497 2.69983
10.06213 2.74263
9.95105 2.77325
9.81846 2.78879
9.68553 2.78638
9.57688 2.76648
9.50734 2.73263
9.47753 2.68604
9.48913 2.62867
9.54147 2.56367
9.62671 2.49969
9.72947 2.44686
9.83661 2.41118
9.93777 2.39546
10.01879 2.39793
9.97947 2.39341
9.95776 2.37556
9.95287 2.34306
9.97225 2.29805
10.00446 2.25903
10.06123 2.21172
10.13842 2.16774
10.21139 2.14144
10.29386 2.12870
10.36617 2.13411
10.44028 2.15969
10.51107 2.20995
10.57376 2.28729
10.62318 2.39197
10.65006 2.50878
10.64924 2.63248
10.61974 2.73053
10.55956 2.81369
10.46483 2.88029
10.33679 2.92949
10.19118 2.96183
9.98600 2.98739
9.71817 3.00237
9.42236 3.00331
9.16167 2.98999
8.97236 2.96571
8.85042 2.93438
8.76188 2.88631
8.72288 2.82100
8.73251 2.73917
8.79295 2.62807
8.91662 2.47551
9.10150 2.28525
9.32499 2.07620
9.52579 1.89896
9.46802 1.94187
9.41070 1.96581
9.36033 1.96827
9.32327 1.94898
9.30407 1.90999
9.30453 1.85518
9.32454 1.78728
9.36383 1.70919
9.41777 1.63015
9.48039 1.55840
9.54304 1.50393
9.59933 1.47276
9.64422 1.46851
9.67431 1.49168
9.68775 1.53956
9.68392 1.60677
9.66380 1.68374
9.62948 1.76222
9.58518 1.83270
9.53326 1.89197
9.47587 1.93714
9.41813 1.96381
9.36644 1.96922
9.32727 1.95278
9.30551 1.91624
9.30334 1.86328
9.32092 1.79653
9.35686 1.72117
9.40920 1.64143
9.47124 1.56780
9.53431 1.51043
9.59185 1.47563
9.63863 1.46741
9.67098 1.48674
9.68688 1.53135
9.68553 1.59620
9.66700 1.67428
9.63441 1.75270
9.58996 1.82614
9.53698 1.88837
9.47982 1.93463
9.42191 1.96266
9.36960 1.96955
9.32941 1.95455
9.30637 1.91926
9.30287 1.86727
9.31921 1.80114
9.35414 1.72600
9.40580 1.64602
9.46756 1.57168
9.53076 1.51318
9.58878 1.47694
9.63629 1.46713
9.66955 1.48490
9.68642 1.52817
9.68608 1.59202
9.66853 1.66954
9.63681 1.74790
9.59311 1.82171
9.54067 1.88470
9.48376 1.93204
9.42571 1.96141
9.37281 1.96977
9.33162 1.95623
9.32333 1.94905
9.34213 1.96648
9.34446 1.99654
9.32929 2.04157
9.30754 2.07568
9.27171 2.11375
9.23244 2.14252
9.17342 2.16909
9.11895 2.17832
9.07273 2.17276
9.03696 2.15485
9.00687 2.11582
8.99619 2.06397
9.00248 2.00340
9.02958 1.92019
9.07271 1.83284
9.13893 1.72700
9.22829 1.60680
9.32395 1.49415
9.43462 1.37874
9.54166 1.28131
9.64122 1.20528
9.74081 1.14873
9.82497 1.12492
9.89295 1.13353
9.94558 1.17170
9.98833 1.24312
10.01976 1.34878
10.03836 1.47466
10.04717 1.62734
10.04542 1.80403
10.03102 2.00171
10.02559 2.04888
10.04049 1.98575
10.07504 1.91558
10.12695 1.84254
10.18943 1.77622
10.25575 1.72422
10.31584 1.69457
10.36659 1.68858
10.40436 1.70685
10.42670 1.74753
10.43208 1.80654
10.41956 1.87805
10.39099 1.95051
10.34807 2.01896
10.29564 2.07561
10.23458 2.11952
10.17031 2.14607
10.11031 2.15217
10.06255 2.13711
10.03391 2.10409
10.02527 2.05456
10.03815 1.99221
10.07109 1.92225
10.12188 1.84879
10.18386 1.78142
10.25028 1.72781
10.31096 1.69623
10.36268 1.68813
10.40168 1.70435
10.42543 1.74323
10.43231 1.80086
10.42136 1.87155
10.39428 1.94385
10.35273 2.01275
10.30139 2.07039
10.24099 2.11582
10.17886 2.14365
10.11781 2.15260
10.06799 2.14032
10.03672 2.10964
10.02518 2.06193
10.03533 2.00074
10.06603 1.93114
10.11525 1.85720
10.17648 1.78852
10.24294 1.73282
10.30436 1.69870
10.35732 1.68782
10.39794 1.70128
10.42353 1.73771
10.43241 1.79345
10.42355 1.86298
10.39744 1.93718
10.35727 2.00647
10.30703 2.06505
10.24735 2.11194
10.18532 2.14159
10.12358 2.15266
10.07229 2.14249
10.03908 2.11361
10.02536 2.06734
10.03283 2.00915
10.06121 1.94002
10.10876 1.86571
10.16732 1.79764
10.13704 1.82914
10.10185 1.84695
10.07209 1.84233
10.05937 1.82478
10.05566 1.79078
10.06989 1.72970
10.09865 1.66551
10.14934 1.58213
10.20666 1.50561
10.28034 1.42339
10.35115 1.35851
10.42786 1.30525
10.49295 1.27912
10.54541 1.27880
10.59104 1.30748
10.62146 1.36211
10.64024 1.44880
10.64459 1.55380
10.63460 1.68594
10.60995 1.82635
10.57533 1.95390
10.52710 2.08092
10.47139 2.18935
10.39990 2.29304
10.32298 2.37611
10.22847 2.45151
10.13434 2.50645
10.02558 2.55206
9.90372 2.58611
9.77345 2.60647
9.64284 2.61168
9.52163 2.60143
9.41825 2.57668
9.33756 2.53930
9.28053 2.49155
9.24086 2.42358
9.22769 2.34685
9.22779 2.32936
9.21745 2.39543
9.18341 2.45741
9.12742 2.51149
9.05387 2.55334
8.96384 2.58194
8.86726 2.59335
8.77860 2.58580
8.71154 2.56047
8.67359 2.52097
8.66540 2.47016
8.68749 2.40862
8.73718 2.34356
8.81037 2.27995
8.89304 2.22959
8.97684 2.19679
9.05538 2.18422
9.12369 2.19291
9.17772 2.22215
9.21375 2.26956
9.22785 2.33113
9.21677 2.39733
9.18197 2.45926
9.12518 2.51312
9.05097 2.55459
8.96050 2.58265
8.86394 2.59341
8.77583 2.58520
8.70970 2.55931
8.67281 2.51939
8.66563 2.46833
8.68859 2.40671
8.73891 2.34175
8.81248 2.27843
8.89528 2.22849
8.97901 2.19619
9.05734 2.18418
9.12532 2.19343
9.17892 2.22319
9.21442 2.27103
9.22788 2.33290
9.21608 2.39923
9.18050 2.46111
9.12293 2.51474
9.04804 2.55582
8.95715 2.58334
8.86063 2.59344
8.77309 2.58458
8.70790 2.55812
8.67207 2.51780
8.66589 2.46650
8.68971 2.40481
8.74244 2.33812
8.81675 2.27537
8.89979 2.22628
8.98339 2.19502
9.06127 2.18414
9.12858 2.19451
9.18131 2.22531
9.21574 2.27402
9.22789 2.33650
9.21461 2.40308
9.17744 2.46484
9.12065 2.51635
9.06859 2.54661
9.22689 2.52279
9.26796 2.52637
9.28205 2.54294
9.26632 2.57807
9.20396 2.63637
9.10250 2.69922
8.96786 2.75735
8.80849 2.80427
8.64085 2.83691
8.43384 2.86083
8.19606 2.87136
7.95323 2.86491
7.73765 2.84092
7.56856 2.80184
7.44722 2.75128
7.36561 2.69248
7.30509 2.61101
7.27693 2.52366
7.27166 2.41407
7.29108 2.28284
7.34064 2.11357
7.41360 1.93150
7.50275 1.74876
7.51911 1.71853
7.50969 1.75903
7.48756 1.79949
7.45007 1.84168
7.41922 1.86386
7.38238 1.87837
7.34034 1.87545
7.31476 1.85193
7.30402 1.81444
7.30611 1.76741
7.32511 1.69516
7.35837 1.61671
7.41396 1.51524
7.47956 1.41433
7.56524 1.29854
7.65320 1.19253
7.75310 1.08596
7.84518 1.00270
7.92549 0.94716
7.99959 0.92117
8.05372 0.93508
8.08935 0.98421
8.11113 1.07229
8.11794 1.18472
8.11224 1.32773
8.09543 1.48177
8.06872 1.64133
8.03188 1.80274
7.98317 1.96324
7.92631 2.10490
7.86185 2.22693
7.79095 2.32917
7.70192 2.42532
7.63587 2.48021
7.72518 2.42089
7.82318 2.37628
7.92126 2.34982
8.01082 2.34336
8.09186 2.35701
8.15752 2.39022
8.20414 2.44206
8.22345 2.50576
8.21143 2.57101
8.16999 2.62903
8.10236 2.67671
8.00818 2.71345
7.89096 2.73611
7.76650 2.74086
7.65710 2.72683
7.58039 2.69654
7.54154 2.65290
7.54111 2.59846
7.57772 2.53609
7.64669 2.47176
7.73773 2.41412
7.83618 2.37173
7.93376 2.34782
8.02216 2.34398
8.10143 2.36028
8.16475 2.39591
8.20829 2.44977
8.22367 2.51297
8.20882 2.57667
8.16424 2.63440
8.09335 2.68131
7.99619 2.71673
7.87721 2.73755
7.75329 2.74021
7.64682 2.72421
7.57430 2.69239
7.53974 2.64775
7.54301 2.59285
7.58247 2.53054
7.65556 2.46514
7.74786 2.40890
7.84655 2.36832
7.94367 2.34647
8.03108 2.34474
8.10888 2.36314
8.17028 2.40066
8.21055 2.45448
8.22359 2.51841
8.20594 2.58231
8.16023 2.63794
8.08717 2.68429
7.98807 2.71881
7.86803 2.73839
7.74464 2.73966
7.64023 2.72236
7.57052 2.68956
7.53877 2.64429
7.54445 2.58911
7.58743 2.52502
7.66233 2.46026
7.75548 2.40510
7.85431 2.36590
7.93615 2.34748
7.89395 2.35402
7.86359 2.34514
7.84452 2.31987
7.84703 2.27774
7.86705 2.23680
7.91201 2.18195
7.96368 2.13675
8.03442 2.09047
8.11921 2.05268
8.19673 2.03421
8.27887 2.03364
8.34935 2.05267
8.41800 2.09481
8.48048 2.16339
8.53261 2.25966
8.56666 2.36995
8.58177 2.50298
8.56852 2.62782
8.53032 2.72576
8.46346 2.80836
8.36448 2.87422
8.23556 2.92274
8.09275 2.95462
7.89575 2.97999
7.64185 2.99539
7.35947 2.99761
7.10331 2.98613
6.90999 2.96364
6.78059 2.93375
6.68191 2.88707
6.63241 2.82284
6.63244 2.74170
6.68337 2.63082
6.78592 2.49141
6.94745 2.31200
7.16302 2.09681
7.18081 2.07972
7.12186 2.12852
7.05926 2.16077
6.99548 2.17501
6.94085 2.16810
6.90373 2.14212
6.88589 2.09831
6.88974 2.04191
6.91512 1.97393
6.95905 1.90210
7.01820 1.83139
7.08473 1.77173
7.14804 1.73226
7.20438 1.71501
7.24949 1.72171
7.28034 1.75168
7.29510 1.80364
7.29162 1.86961
7.27065 1.94212
7.23490 2.01167
7.18622 2.07412
7.12815 2.12424
7.06587 2.15821
7.00163 2.17452
6.94571 2.16975
6.90673 2.14564
6.88669 2.10337
6.88842 2.04801
6.91087 1.98270
6.95294 1.91072
7.01099 1.83900
7.07538 1.77901
7.14102 1.73572
7.19841 1.71578
7.24498 1.71972
7.27759 1.74713
7.29435 1.79692
7.29294 1.86145
7.27404 1.93333
7.23893 2.00522
7.19153 2.06842
7.13439 2.11981
7.07248 2.15546
7.00786 2.17382
6.95073 2.17119
6.90994 2.14898
6.88810 2.10991
6.88697 2.05601
6.90691 1.99143
6.94701 1.91941
7.00385 1.84677
7.06789 1.78511
7.13392 1.73947
7.19229 1.71688
7.24029 1.71804
7.27463 1.74285
7.29337 1.79041
7.29402 1.85342
7.27720 1.92458
7.24408 1.99658
7.19841 2.06067
7.14257 2.11367
7.08125 2.15149
7.01839 2.17218
6.95942 2.17311
6.93939 2.16755
6.96945 2.17771
6.98281 2.20169
6.97946 2.24183
6.96421 2.27459
6.93268 2.31373
6.89314 2.34588
6.82643 2.38013
6.75749 2.39852
6.69256 2.40231
6.63645 2.39322
6.58030 2.36458
6.54732 2.32159
6.53597 2.26869
6.54693 2.19398
6.57905 2.11440
6.63678 2.01728
6.72052 1.90655
6.81361 1.80230
6.92419 1.69443
7.03396 1.60119
7.15202 1.51635
7.26116 1.45475
7.35940 1.41758
7.44582 1.40493
7.52800 1.41829
7.59659 1.45766
7.65831 1.52642
7.71213 1.62567
7.75804 1.75451
7.79920 1.92234
7.82416 2.05794
7.82346 2.00384
7.84334 1.93848
7.88306 1.86501
7.93760 1.79235
8.00090 1.72803
8.06448 1.68069
8.12236 1.65514
8.16981 1.65404
8.20348 1.67750
8.22121 1.72308
8.22174 1.78614
8.20518 1.85816
8.17290 1.93165
8.12868 1.99765
8.07483 2.05294
8.01366 2.09446
7.95088 2.11783
7.89397 2.12037
7.85046 2.10178
7.82587 2.06422
7.82236 2.01174
7.83970 1.94729
7.87739 1.87395
7.93065 1.80056
7.99348 1.73467
8.05736 1.68510
8.11616 1.65687
8.16501 1.65290
8.20039 1.67361
8.22003 1.71684
8.22258 1.77819
8.20734 1.85150
8.17651 1.92495
8.13354 1.99152
8.08067 2.04791
8.02001 2.09104
7.95707 2.11640
7.89921 2.12109
7.85405 2.10457
7.82740 2.06876
7.82177 2.01756
7.83716 1.95387
7.87192 1.88291
7.92381 1.80889
7.98608 1.74152
8.05018 1.68979
8.10983 1.65891
8.16003 1.65208
8.19709 1.67002
8.21862 1.71085
8.22319 1.77040
8.21001 1.84269
8.18111 1.91601
8.13829 1.98531
8.08642 2.04274
8.02633 2.08743
7.96331 2.11475
7.90458 2.12159
7.85783 2.10716
7.82914 2.07314
7.82138 2.02327
7.83480 1.96039
7.86796 1.88967
7.91875 1.81523
7.92378 1.80894
7.89596 1.84426
7.85959 1.86990
7.82415 1.87558
7.80522 1.86546
7.79284 1.83935
7.79537 1.78601
7.81491 1.72567
7.84526 1.66351
7.89575 1.58253
7.96669 1.48946
8.03951 1.40928
8.12317 1.33339
8.19853 1.28171
8.26315 1.25489
8.32378 1.25387
8.36884 1.28215
8.39978 1.33491
8.42024 1.41848
8.42725 1.52003
8.42138 1.64851
8.40220 1.78596
8.36957 1.92761
8.32787 2.05398
8.27160 2.17822
8.20720 2.28312
8.13760 2.36847
8.05131 2.44767
7.96411 2.50721
7.86120 2.55895
7.74224 2.60068
7.60971 2.63001
7.47006 2.64485
7.33336 2.64399
7.21050 2.62764
7.10956 2.59727
7.03398 2.55515
6.98092 2.50035
7.01176 2.56325
7.00810 2.62905
6.96948 2.68872
6.90022 2.73695
6.80178 2.77355
6.67376 2.79722
6.53242 2.80383
6.40420 2.79206
6.31144 2.76421
6.26079 2.72316
6.25257 2.67139
6.28635 2.60958
6.35922 2.54367
6.45798 2.48440
6.56594 2.44044
6.67120 2.41547
6.77038 2.40984
6.85873 2.42394
6.93366 2.45791
6.98758 2.50920
7.01333 2.57203
7.00532 2.63652
6.96382 2.69412
6.89064 2.74164
6.78844 2.77700
6.65780 2.79890
6.51655 2.80341
6.39149 2.78961
6.30358 2.76019
6.25792 2.71811
6.25398 2.66584
6.29109 2.60405
6.36617 2.53870
6.46604 2.48045
6.57428 2.43781
6.67926 2.41431
6.77775 2.41024
6.86507 2.42586
6.93859 2.46126
6.99065 2.51372
7.01397 2.57734
7.00290 2.64212
6.95777 2.69947
6.88062 2.74622
6.77471 2.78029
6.64169 2.80035
6.50089 2.80273
6.37929 2.78695
6.29629 2.75602
6.25554 2.71299
6.25643 2.65840
6.29952 2.59489
6.37804 2.53055
6.47961 2.47406
6.58821 2.43367
6.69264 2.41265
6.78992 2.41117
6.87546 2.42932
6.94655 2.46707
6.99542 2.52145
7.01454 2.58632
6.99918 2.64960
6.95133 2.70477
6.94203 2.71179
6.98447 2.67905
7.06080 2.65273
7.15477 2.64090
7.25791 2.64720
7.34571 2.66850
7.43739 2.70910
7.53671 2.78400
7.59478 2.86732
7.59329 2.95368
7.51848 3.01039
7.35737 3.05004
7.12942 3.07245
6.72545 3.08674
6.20994 3.08630
5.83187 3.07155
5.63263 3.04924
5.51015 3.01035
5.47992 2.95531
5.54494 2.85793
5.72783 2.70941
6.00542 2.52156
6.29568 2.34343
6.55291 2.19946
6.79360 2.07930
7.00307 1.98960
7.19824 1.92209
7.37987 1.87675
7.54908 1.85292
7.62153 1.84889
7.57995 1.84221
7.55366 1.81362
7.54574 1.76588
7.55733 1.70104
7.58815 1.62371
7.63543 1.54018
7.69434 1.45823
7.75850 1.38688
7.81902 1.33678
7.86964 1.31411
7.90582 1.32184
7.92501 1.35895
7.92648 1.42070
7.91069 1.49976
7.87993 1.58489
7.83852 1.66487
7.78887 1.73542
7.73476 1.79135
7.67879 1.83020
7.62638 1.84831
7.58352 1.84390
7.55551 1.81742
7.54567 1.77144
7.55535 1.70790
7.58335 1.63378
7.62902 1.55031
7.68706 1.46744
7.75119 1.39414
7.81246 1.34123
7.86449 1.31519
7.90250 1.31940
7.92371 1.35332
7.92721 1.41257
7.91335 1.49007
7.88431 1.57467
7.84289 1.65753
7.79405 1.72902
7.74037 1.78642
7.68437 1.82717
7.63133 1.84749
7.58724 1.84537
7.55754 1.82103
7.54580 1.77684
7.55300 1.71687
7.57881 1.64377
7.62276 1.56048
7.67983 1.47680
7.74383 1.40167
7.80578 1.34604
7.85915 1.31667
7.89895 1.31736
7.92217 1.34802
7.92770 1.40468
7.91580 1.48050
7.88850 1.56446
7.84858 1.64765
7.80084 1.72032
7.74780 1.77959
7.69183 1.82283
7.63805 1.84605
7.59242 1.84697
7.56054 1.82552
7.54627 1.78379
7.55096 1.72565
7.55661 1.70347
7.54508 1.74522
7.52150 1.78565
7.48326 1.82644
7.45263 1.84686
7.41694 1.85870
7.37774 1.85177
7.35559 1.82466
7.34839 1.78412
7.35382 1.73457
7.37675 1.65974
7.41322 1.57947
7.47187 1.47664
7.53957 1.37525
7.62666 1.25994
7.71496 1.15561
7.81398 1.05264
7.90384 0.97487
7.98072 0.92668
8.04979 0.91073
8.09840 0.93511
8.12871 0.99383
8.14518 1.09076
8.14741 1.20992
8.13723 1.35829
8.11616 1.51600
8.08505 1.67795
8.04321 1.84065
7.99454 1.98550
7.93237 2.12688
7.86189 2.24785
7.78437 2.34831
7.70251 2.42877
7.59727 2.50543
7.69792 2.45010
7.80446 2.41139
7.90606 2.39245
7.99981 2.39336
8.08116 2.41406
8.14724 2.45438
8.19025 2.51099
8.20281 2.57553
8.18172 2.63923
8.12885 2.69392
8.04780 2.73705
7.93884 2.76819
7.80816 2.78446
7.67615 2.78290
7.56711 2.76382
7.49626 2.73059
7.46471 2.68438
7.47364 2.62901
7.52161 2.56561
7.60451 2.50071
7.70597 2.44651
7.81259 2.40921
7.91375 2.39180
8.00669 2.39428
8.08689 2.41649
8.15141 2.45818
8.19239 2.51586
8.20236 2.58103
8.17932 2.64294
8.12404 2.69733
8.04054 2.73984
7.92947 2.77000
7.79785 2.78499
7.66677 2.78204
7.56028 2.76173
7.49256 2.72761
7.46407 2.68085
7.47647 2.62340
7.52913 2.55841
7.61433 2.49452
7.71677 2.44187
7.82341 2.40648
7.92395 2.39112
8.01575 2.39569
8.09438 2.41990
8.15678 2.46339
8.19496 2.52247
8.20136 2.58841
8.17405 2.65037
8.11648 2.70242
8.02927 2.74392
7.91513 2.77256
7.78233 2.78558
7.65294 2.78055
7.55043 2.75844
7.48743 2.72303
7.46346 2.67549
7.47959 2.61779
7.53497 2.55307
7.62177 2.48998
7.72488 2.43852
7.83149 2.40457
7.91621 2.39161
7.87278 2.39529
7.84300 2.38398
7.82632 2.35665
7.83275 2.31359
7.85621 2.27309
7.90517 2.22025
7.97812 2.16591
8.05088 2.12774
8.13626 2.09951
8.21344 2.08966
8.29483 2.09799
8.36466 2.12432
8.43295 2.17311
8.49560 2.24714
8.54849 2.34732
8.58617 2.47281
8.59820 2.60741
8.58066 2.71833
8.52963 2.81543
8.45384 2.88316
8.34776 2.93469
8.22145 2.97018
8.03023 3.00056
7.75087 3.02181
7.40026 3.02867
7.06817 3.01875
6.82950 2.99548
6.68324 2.96412
6.58298 2.91571
6.54155 2.85018
6.55268 2.76848
6.62575 2.64406
6.76685 2.47878
6.96869 2.27659
7.21120 2.05234
7.15148 2.09857
7.08787 2.12797
7.02751 2.13719
6.97829 2.12515
6.94671 2.09327
6.93609 2.04512
6.94696 1.98348
6.97814 1.91345
7.02762 1.83910
7.08887 1.77010
7.15331 1.71553
7.21448 1.68085
7.26713 1.66960
7.30735 1.68294
7.33248 1.71948
7.34088 1.77552
7.33159 1.84546
7.30521 1.92010
7.26500 1.98980
7.21495 2.04873
7.15570 2.09594
7.09214 2.12659
7.03131 2.13724
6.98112 2.12662
6.94820 2.09598
6.93613 2.04878
6.94562 1.98775
6.97566 1.91794
7.02433 1.84339
7.08518 1.77375
7.14962 1.71818
7.21114 1.68224
7.26440 1.66958
7.30542 1.68151
7.33147 1.71680
7.34087 1.77184
7.33262 1.84116
7.30726 1.91560
7.26797 1.98553
7.21683 2.04688
7.15782 2.09458
7.09431 2.12586
7.03325 2.13723
6.98257 2.12732
6.94898 2.09732
6.93619 2.05061
6.94437 1.99200
6.97325 1.92243
7.02107 1.84770
7.08150 1.77745
7.14592 1.72091
7.20776 1.68371
7.26162 1.66965
7.30344 1.68016
7.33041 1.71417
7.34080 1.76822
7.33359 1.83688
7.30925 1.91111
7.27088 1.98125
7.22051 2.04319
7.16201 2.09183
7.09860 2.12435
7.03713 2.13713
6.98551 2.12865
6.97839 2.12520
7.00504 2.13807
7.01474 2.16416
7.00703 2.20583
6.98896 2.23885
6.95487 2.27729
6.91414 2.30789
6.84814 2.33879
6.78261 2.35320
6.72315 2.35291
6.67372 2.33998
6.62693 2.30692
6.60255 2.26039
6.59835 2.20474
6.61613 2.12746
6.65307 2.04605
6.71457 1.94745
6.80076 1.83577
6.89487 1.73135
7.00531 1.62426
7.11383 1.53296
7.22930 1.45184
7.33470 1.39568
7.42817 1.36558
7.50897 1.36133
7.58423 1.38497
7.64554 1.43491
7.69916 1.51492
7.74425 1.62541
7.78079 1.76492
7.81087 1.94323
7.82679 2.08557
7.82955 2.02967
7.85277 1.96387
7.89531 1.89148
7.95355 1.81947
8.01783 1.75939
8.08131 1.71716
8.13829 1.69699
8.18434 1.70094
8.21632 1.72859
8.23239 1.77881
8.23032 1.84385
8.21090 1.91622
8.17548 1.98852
8.12806 2.05200
8.07119 2.10359
8.00983 2.13935
7.94601 2.15778
7.88974 2.15517
7.84863 2.13186
7.82770 2.09057
7.82833 2.03574
7.84970 1.97048
7.89081 1.89804
7.94818 1.82531
8.01222 1.76394
8.07601 1.71998
8.13375 1.69780
8.18088 1.69964
8.21418 1.72532
8.23173 1.77386
8.23121 1.83776
8.21333 1.90959
8.17940 1.98199
8.13324 2.04618
8.07731 2.09899
8.01636 2.13639
7.95223 2.15685
7.89483 2.15640
7.85191 2.13509
7.82882 2.09542
7.82732 2.04173
7.84680 1.97706
7.88642 1.90462
7.94110 1.83322
8.00475 1.77021
8.07067 1.72297
8.12912 1.69878
8.17732 1.69852
8.21191 1.72221
8.23095 1.76903
8.23196 1.83174
8.21563 1.90299
8.18317 1.97544
8.13830 2.04026
8.08335 2.09424
8.02073 2.13431
7.95644 2.15612
7.89832 2.15710
7.85422 2.13714
7.83017 2.10014
7.82652 2.04763
7.84406 1.98361
7.88214 1.91123
7.93586 1.83925
7.93759 1.83725
7.90889 1.87121
7.87230 1.89441
7.83768 1.89705
7.81995 1.88481
7.80947 1.85656
7.81482 1.80137
7.83673 1.74047
7.88113 1.65847
7.93490 1.58066
8.00720 1.49381
8.07932 1.42149
8.16039 1.35628
8.23205 1.31580
8.29256 1.29982
8.34851 1.31009
8.38949 1.34754
8.42004 1.41722
8.43574 1.50845
8.43834 1.62885
8.42680 1.76115
8.40155 1.89991
8.36145 2.04092
8.31088 2.16520
8.25204 2.27098
8.17560 2.37182
8.09215 2.45221
8.00703 2.51314
7.90557 2.56664
7.78691 2.61048
7.65289 2.64215
7.50961 2.65935
7.36747 2.66063
7.23835 2.64597
7.13152 2.61681
7.05115 2.57549
6.99687 2.52451
6.96884 2.47470
6.98345 2.53839
6.96658 2.60209
6.92046 2.65759
6.84543 2.70385
6.74249 2.73821
6.62184 2.75704
6.49709 2.75866
6.39004 2.74279
6.31641 2.71215
6.27916 2.66766
6.28143 2.61290
6.32113 2.55077
6.39535 2.48558
6.49189 2.42818
6.59523 2.38717
6.69428 2.36604
6.78582 2.36503
6.86518 2.38422
6.92944 2.42346
6.97108 2.47947
6.98325 2.54385
6.96343 2.60771
6.91402 2.66286
6.83550 2.70823
6.72950 2.74115
6.60735 2.75813
6.48354 2.75771
6.37973 2.73996
6.30850 2.70643
6.27717 2.66069
6.28443 2.60539
6.32963 2.54159
6.40691 2.47749
6.50491 2.42195
6.60579 2.38404
6.70430 2.36498
6.79477 2.36611
6.87261 2.38735
6.93483 2.42847
6.97380 2.48596
6.98263 2.55120
6.95998 2.61333
6.90723 2.66806
6.82521 2.71248
6.72073 2.74300
6.59771 2.75873
6.47469 2.75694
6.37314 2.73797
6.30491 2.70350
6.27646 2.65718
6.28612 2.60166
6.33316 2.53797
6.41158 2.47433
6.51010 2.41955
6.61103 2.38257
6.70925 2.36453
6.79918 2.36673
6.87624 2.38899
6.93741 2.43102
6.97504 2.48923
6.98217 2.55487
6.95752 2.61705
6.90251 2.67147
6.87332 2.68978
6.92429 2.65930
7.00331 2.63798
7.09439 2.63301
7.18952 2.64751
7.26627 2.67623
7.33992 2.72489
7.39531 2.79420
7.40692 2.86746
7.36957 2.92602
7.29435 2.96814
7.14624 3.00635
6.98183 3.02753
6.74740 3.04260
6.45523 3.04863
6.16416 3.04405
5.93479 3.03030
5.72703 2.99893
5.63133 2.96113
5.59430 2.90673
5.62640 2.82282
5.73277 2.71225
5.91712 2.56746
6.16466 2.39919
6.40684 2.25125
6.63702 2.12526
6.85305 2.02237
7.04049 1.94815
7.21546 1.89466
7.39071 1.85986
7.55359 1.84762
7.64498 1.85028
7.60592 1.83933
7.58292 1.80685
7.57859 1.75595
7.59368 1.68885
7.62749 1.61038
7.67689 1.52701
7.73685 1.44662
7.80089 1.37824
7.86019 1.33228
7.90873 1.31446
7.94229 1.32714
7.95865 1.36862
7.95730 1.43369
7.93884 1.51471
7.90688 1.59780
7.86388 1.67710
7.81306 1.74604
7.75834 1.79958
7.70253 1.83537
7.65119 1.85003
7.61031 1.84209
7.58495 1.81236
7.57806 1.76369
7.59067 1.69819
7.62237 1.62053
7.67028 1.53705
7.72950 1.45557
7.79365 1.38510
7.85382 1.33621
7.90385 1.31497
7.93929 1.32415
7.95768 1.36253
7.95835 1.42524
7.94180 1.50486
7.91036 1.59013
7.86839 1.66986
7.81833 1.73984
7.76398 1.79492
7.70805 1.83268
7.65599 1.84957
7.61380 1.84391
7.58670 1.81627
7.57789 1.76933
7.58860 1.70510
7.61867 1.62811
7.66540 1.54463
7.72401 1.46241
7.78817 1.39043
7.84895 1.33941
7.90006 1.31562
7.93688 1.32216
7.95679 1.35817
7.95898 1.41904
7.94388 1.49753
7.91373 1.58245
7.87282 1.66255
7.82354 1.73351
7.76961 1.79008
7.71361 1.82978
7.66088 1.84888
7.61744 1.84551
7.58864 1.81999
7.57791 1.77482
7.58671 1.71191
7.59286 1.69134
7.57931 1.73415
7.55443 1.77437
7.51559 1.81357
7.48530 1.83213
7.45086 1.84122
7.41457 1.83029
7.39584 1.79967
7.39207 1.75620
7.40591 1.68567
7.43618 1.60694
7.49009 1.50370
7.55537 1.40035
7.64157 1.28151
7.73039 1.17286
7.83112 1.06427
7.92336 0.98062
8.00285 0.92671
8.06687 0.90543
8.12018 0.92067
8.15400 0.97288
8.17302 1.06548
8.17666 1.18263
8.16719 1.33047
8.14632 1.48866
8.11512 1.65157
8.07308 1.81544
8.02427 1.96136
7.96213 2.10375
7.89198 2.22552
7.81522 2.32661
7.73458 2.40757
7.63682 2.48134
7.55453 2.52838
7.66672 2.47822
7.77885 2.44698
7.88379 2.43544
7.97945 2.44330
8.06350 2.47100
8.12983 2.51807
8.16864 2.57874
8.17337 2.64334
8.14275 2.70307
8.07688 2.75419
7.98030 2.79273
7.85442 2.81839
7.70926 2.82859
7.56538 2.82068
7.45977 2.79683
7.39584 2.75953
7.37565 2.71091
7.39939 2.65131
7.46509 2.58607
7.56257 2.52409
7.67530 2.47518
7.78730 2.44539
7.89168 2.43535
7.98643 2.44473
8.06920 2.47389
8.13379 2.52225
8.17030 2.58384
8.17208 2.64889
8.13783 2.70854
8.07083 2.75743
7.97144 2.79523
7.84336 2.81981
7.69182 2.82865
7.55560 2.81933
7.45323 2.79437
7.39287 2.75631
7.37601 2.70545
7.40353 2.64575
7.47179 2.58095
7.57067 2.51988
7.68388 2.47225
7.79572 2.44391
7.89951 2.43539
7.99332 2.44627
8.07479 2.47688
8.13761 2.52650
8.17176 2.58899
8.17049 2.65445
8.13251 2.71398
8.06133 2.76223
7.95771 2.79886
7.82650 2.82175
7.67452 2.82845
7.54129 2.81711
7.44391 2.79054
7.38765 2.74973
7.37715 2.69811
7.41104 2.63651
7.48568 2.57083
7.58713 2.51169
7.70113 2.46667
7.81253 2.44129
7.89156 2.43535
7.84698 2.43603
7.81811 2.42228
7.80431 2.39301
7.81514 2.34931
7.84233 2.30952
7.89556 2.25903
7.97231 2.20885
8.04756 2.17521
8.13503 2.15253
8.21375 2.14777
8.29674 2.16137
8.37906 2.19849
8.44760 2.25332
8.51813 2.34304
8.57565 2.46040
8.61291 2.60308
8.61449 2.73959
8.58189 2.83645
8.50505 2.91839
8.39792 2.97078
8.25539 3.00711
8.01109 3.03777
7.76322 3.05206
7.45246 3.05828
7.13626 3.05470
6.88067 3.04240
6.63944 3.01350
6.51643 2.97814
6.44810 2.92662
6.43915 2.84566
6.49803 2.73578
6.62764 2.58515
6.83454 2.38414
7.09405 2.15272
7.24214 2.02620
7.18204 2.06965
7.11993 2.09525
7.06301 2.10014
7.01871 2.08373
6.99270 2.04793
6.98747 1.99658
7.00305 1.93255
7.03785 1.86106
7.08967 1.78630
7.15179 1.71810
7.21566 1.66560
7.27496 1.63414
7.32466 1.62704
7.36109 1.64506
7.38188 1.68627
7.38568 1.74641
7.37183 1.81938
7.34249 1.89332
7.29953 1.96315
7.24785 2.02100
7.18830 2.06601
7.12608 2.09358
7.06829 2.10062
7.02241 2.08631
6.99439 2.05231
6.98705 2.00232
7.00068 1.93912
7.03389 1.86787
7.08462 1.79271
7.14626 1.72346
7.21024 1.66936
7.27016 1.63593
7.32085 1.62666
7.35853 1.64254
7.38074 1.68189
7.38604 1.74061
7.37373 1.81275
7.34583 1.88653
7.30417 1.95682
7.25348 2.01567
7.19452 2.06220
7.13228 2.09170
7.07369 2.10088
7.02630 2.08869
6.99630 2.05654
6.98685 2.00795
6.99848 1.94564
7.03006 1.87469
7.07964 1.79918
7.14075 1.72894
7.20479 1.67329
7.26529 1.63790
7.31694 1.62646
7.35586 1.64020
7.37947 1.67765
7.38627 1.73492
7.37549 1.80617
7.34799 1.88198
7.30720 1.95254
7.25537 2.01384
7.19662 2.06087
7.13438 2.09101
7.07554 2.10092
7.02766 2.08945
7.01879 2.08379
7.04212 2.09932
7.04837 2.12736
7.03667 2.17033
7.01616 2.20344
6.98001 2.24098
6.93858 2.26985
6.87390 2.29730
6.81204 2.30778
6.75795 2.30354
6.71479 2.28695
6.67650 2.24969
6.65977 2.19980
6.66192 2.14153
6.68578 2.06179
6.72703 1.97861
6.79195 1.87857
6.88039 1.76601
6.97540 1.66152
7.08561 1.55540
7.19277 1.46632
7.29348 1.39660
7.39630 1.34337
7.48625 1.31783
7.56271 1.31953
7.63244 1.35091
7.68776 1.40911
7.73456 1.49808
7.77209 1.61768
7.80027 1.76599
7.81912 1.94014
7.82753 2.11429
7.83387 2.05685
7.86164 1.98876
7.90905 1.91576
7.96970 1.84723
8.03679 1.79076
8.10159 1.75420
8.15688 1.74135
8.20048 1.75218
8.22952 1.78560
8.24218 1.84011
8.23641 1.90742
8.21292 1.98004
8.17455 2.04857
8.12506 2.10716
8.06496 2.15475
8.00125 2.18561
7.93865 2.19819
7.88327 2.19043
7.84583 2.16376
7.82808 2.11951
7.83230 2.06302
7.85822 1.99532
7.90271 1.92420
7.96236 1.85454
8.02929 1.79617
8.09466 1.75716
8.15106 1.74163
8.19616 1.74974
8.22699 1.78070
8.24168 1.83317
8.23801 1.89917
8.21663 1.97130
8.18022 2.04017
8.13059 2.10167
8.07138 2.15060
8.00796 2.18320
7.94490 2.19779
7.88819 2.19216
7.84884 2.16735
7.82916 2.12627
7.83053 2.07111
7.85288 2.00620
7.89503 1.93484
7.95330 1.86391
8.01989 1.80327
8.08587 1.76126
8.14357 1.74241
8.19051 1.74713
8.22353 1.77495
8.24072 1.82477
8.23966 1.88902
8.22092 1.96041
8.18565 2.03168
8.13776 2.09420
8.07981 2.14484
8.01690 2.17969
7.95334 2.19693
7.89499 2.19414
7.85319 2.17184
7.83064 2.13279
7.82911 2.07907
7.84892 2.01486
7.88909 1.94344
7.94614 1.87158
7.94969 1.86775
7.92012 1.90022
7.88333 1.92091
7.84958 1.92052
7.83309 1.90623
7.82455 1.87598
7.83269 1.81919
7.85690 1.75801
7.90345 1.67713
7.95842 1.60168
8.03112 1.51903
8.10271 1.45184
8.18233 1.39344
8.25209 1.35984
8.31059 1.35029
8.36443 1.36692
8.40372 1.40924
8.43288 1.48270
8.44760 1.57612
8.44927 1.69760
8.43658 1.82994
8.40955 1.96801
8.36644 2.10770
8.31148 2.23025
8.24676 2.33393
8.17525 2.41828
8.08490 2.49635
7.99210 2.55466
7.88125 2.60464
7.75218 2.64380
7.60855 2.66948
7.45912 2.67954
7.31656 2.67309
7.19304 2.65088
7.09601 2.61501
7.02718 2.56814
6.98428 2.51278
6.96274 2.44723
6.96351 2.51236
6.93475 2.57502
6.87839 2.62919
6.79668 2.67210
6.69340 2.70137
6.57668 2.71435
6.46510 2.70881
6.37763 2.68572
6.32485 2.64878
6.30723 2.59912
6.32536 2.54080
6.37847 2.47533
6.45772 2.41310
6.55120 2.36220
6.64738 2.32860
6.73691 2.31496
6.81735 2.32114
6.88615 2.34764
6.93667 2.39256
6.96389 2.45234
6.96218 2.51798
6.93198 2.57873
6.87602 2.63085
6.79332 2.67340
6.68932 2.70215
6.57243 2.71448
6.46141 2.70826
6.37508 2.68460
6.32362 2.64724
6.30727 2.59733
6.32644 2.53894
6.38032 2.47357
6.46002 2.41160
6.55367 2.36111
6.64982 2.32799
6.73917 2.31487
6.81931 2.32157
6.88770 2.34858
6.93768 2.39393
6.96423 2.45403
6.96169 2.51984
6.93056 2.58056
6.87361 2.63249
6.78993 2.67468
6.68521 2.70290
6.56818 2.71458
6.45776 2.70769
6.37258 2.68345
6.32244 2.64569
6.30735 2.59554
6.32870 2.53517
6.38411 2.47002
6.46469 2.40860
6.55868 2.35893
6.65476 2.32680
6.74373 2.31473
6.82326 2.32249
6.89079 2.35051
6.93969 2.39673
6.96485 2.45747
6.96062 2.52359
6.92760 2.58426
6.86863 2.63579
6.81996 2.66227
6.87641 2.63461
6.95517 2.61848
7.04065 2.62025
7.12483 2.64250
7.18743 2.67795
7.23817 2.73346
7.25566 2.79311
7.23468 2.85343
7.15861 2.91120
7.04564 2.95019
6.86183 2.98193
6.59611 3.00140
6.28787 3.00360
6.02289 2.98823
5.84677 2.96020
5.74821 2.92482
5.69505 2.87198
5.69851 2.80232
5.76556 2.70393
5.89614 2.58111
6.07873 2.44063
6.30005 2.29119
6.51553 2.16160
6.72044 2.05313
6.91298 1.96664
7.09261 1.90258
7.25958 1.86084
7.41468 1.84070
7.56990 1.84158
7.66721 1.85396
7.63076 1.83880
7.61106 1.80258
7.61024 1.74874
7.62869 1.67968
7.66528 1.60042
7.71828 1.51514
7.78102 1.43492
7.84457 1.37106
7.90198 1.33102
7.94759 1.31988
7.97761 1.33910
7.99023 1.38615
7.98522 1.45522
7.96416 1.53588
7.92963 1.61912
7.88448 1.69711
7.83211 1.76343
7.77669 1.81331
7.72128 1.84459
7.67166 1.85425
7.63373 1.84132
7.61221 1.80709
7.60946 1.75484
7.62610 1.68685
7.66118 1.60807
7.71146 1.52502
7.77363 1.44347
7.83746 1.37731
7.89589 1.33422
7.94308 1.31961
7.97502 1.33539
7.98968 1.37949
7.98667 1.44641
7.96745 1.52591
7.93453 1.60898
7.89072 1.68770
7.83928 1.75555
7.78424 1.80762
7.72851 1.84161
7.67775 1.85426
7.63795 1.84434
7.61403 1.81282
7.60872 1.76273
7.62290 1.69627
7.65592 1.61821
7.70477 1.53498
7.76443 1.45442
7.82848 1.38554
7.88808 1.33875
7.93718 1.31984
7.97148 1.33130
7.98867 1.37160
7.98817 1.43568
7.97053 1.51602
7.93809 1.60133
7.89530 1.68054
7.84460 1.74948
7.78990 1.80312
7.73400 1.83911
7.68247 1.85401
7.64130 1.84635
7.61562 1.81690
7.60839 1.76850
7.62069 1.70325
7.62776 1.68222
7.61231 1.72591
7.58623 1.76573
7.54697 1.80314
7.51712 1.81974
7.48404 1.82604
7.45071 1.81112
7.43535 1.77709
7.43492 1.73084
7.45276 1.65752
7.48636 1.57690
7.54341 1.47239
7.61080 1.36880
7.69835 1.25092
7.78734 1.14456
7.88691 1.04041
7.97663 0.96315
8.05243 0.91735
8.11200 0.90519
8.15999 0.93079
8.18889 0.99205
8.20319 1.09257
8.20289 1.21541
8.18958 1.36754
8.16500 1.52844
8.12984 1.69289
8.08313 1.85731
8.02906 2.00286
7.96863 2.12855
7.90327 2.23421
7.82272 2.33414
7.73827 2.41353
7.63637 2.48503
7.53618 2.53668
7.50784 2.54864
7.62830 2.50576
7.74550 2.48215
7.85624 2.47805
7.95574 2.49372
8.04146 2.52928
8.10499 2.58211
8.13754 2.64647
8.13134 2.71056
8.08535 2.76757
8.00285 2.81265
7.88442 2.84568
7.73011 2.86512
7.56362 2.86702
7.42033 2.85092
7.32430 2.82026
7.27686 2.77660
7.27886 2.72196
7.32992 2.65738
7.42280 2.59148
7.53746 2.53632
7.65859 2.49792
7.77465 2.47921
7.88294 2.48019
7.97886 2.50081
8.05964 2.54097
8.11649 2.59755
8.13968 2.66255
8.12371 2.72543
8.06825 2.77984
7.97395 2.82294
7.84432 2.85268
7.68338 2.86752
7.51987 2.86424
7.38829 2.84362
7.30675 2.80979
7.27286 2.76424
7.28672 2.70708
7.34875 2.64142
7.44738 2.57783
7.56445 2.52612
7.68573 2.49191
7.80044 2.47767
7.90627 2.48323
7.99873 2.50823
8.07475 2.55237
8.12509 2.61210
8.13940 2.67893
8.11333 2.74022
8.04830 2.79174
7.94661 2.83115
7.80791 2.85776
7.64313 2.86843
7.48444 2.86077
7.36404 2.83654
7.29302 2.79869
7.27182 2.74978
7.29849 2.69039
7.37168 2.62417
7.47850 2.56209
7.59771 2.51487
7.71565 2.48641
7.82855 2.47720
7.86147 2.47836
7.81594 2.47589
7.78842 2.45971
7.77808 2.42868
7.79388 2.38464
7.82513 2.34585
7.88291 2.29807
7.96369 2.25238
8.04163 2.22345
8.13145 2.20643
8.21199 2.20677
8.29696 2.22558
8.38169 2.26748
8.46219 2.33523
8.53500 2.42967
8.60119 2.56261
8.64033 2.70731
8.63798 2.84405
8.58406 2.94025
8.46564 3.00716
8.30182 3.04458
8.09900 3.06635
7.75826 3.08216
7.28209 3.08662
6.85336 3.07733
6.58861 3.05882
6.39930 3.02351
6.31499 2.97139
6.31292 2.89008
6.39760 2.76699
6.58738 2.57799
6.86995 2.33084
7.16722 2.08608
7.27342 2.00144
7.21331 2.04188
7.15300 2.06358
7.09963 2.06412
7.06018 2.04343
7.03951 2.00383
7.03933 1.94944
7.05929 1.88317
7.09880 1.80811
7.15301 1.73329
7.21589 1.66650
7.27892 1.61684
7.33599 1.58952
7.38230 1.58749
7.41448 1.61096
7.43051 1.65740
7.42935 1.72191
7.41142 1.79562
7.37838 1.87078
7.33417 1.93824
7.28113 1.99481
7.22152 2.03747
7.16084 2.06187
7.10612 2.06530
7.06446 2.04737
7.04109 2.01010
7.03819 1.95741
7.05566 1.89214
7.09317 1.81727
7.14611 1.74177
7.20853 1.67343
7.27187 1.62150
7.32990 1.59141
7.37764 1.58640
7.41158 1.60702
7.42953 1.65103
7.43037 1.71377
7.41369 1.78881
7.38203 1.86393
7.33899 1.93198
7.28684 1.98966
7.22768 2.03394
7.16681 2.06033
7.11115 2.06594
7.06789 2.05011
7.04253 2.01463
7.03756 1.96328
7.05312 1.89882
7.08773 1.82646
7.13931 1.75037
7.20118 1.68056
7.26476 1.62644
7.32367 1.59363
7.37280 1.58566
7.40846 1.60340
7.42832 1.64491
7.43117 1.70581
7.41650 1.77980
7.38670 1.85479
7.34371 1.92562
7.29248 1.98437
7.23382 2.03022
7.17283 2.05859
7.11631 2.06635
7.07151 2.05264
7.06025 2.04350
7.08035 2.06160
7.08334 2.09148
7.06801 2.13553
7.04538 2.16854
7.00764 2.20498
6.96593 2.23201
6.90300 2.25591
6.84500 2.26249
6.79614 2.25442
6.75884 2.23432
6.72831 2.19307
6.71848 2.13998
6.72633 2.07920
6.75565 1.99708
6.80082 1.91218
6.86886 1.81076
6.95935 1.69741
7.05514 1.59298
7.16501 1.48804
7.27069 1.40149
7.36885 1.33580
7.46761 1.28892
7.55240 1.27144
7.62292 1.28242
7.68550 1.32469
7.73351 1.39357
7.77239 1.49338
7.80149 1.62330
7.82059 1.78101
7.82914 1.96344
7.82628 2.14394
7.83705 2.08320
7.86898 2.01526
7.91970 1.94420
7.98241 1.87924
8.05035 1.82759
8.11498 1.79643
8.16942 1.78878
8.21174 1.80420
8.23977 1.84257
8.25001 1.89992
8.24144 1.96843
8.21573 2.03853
8.17421 2.10537
8.12142 2.16124
8.06032 2.20381
7.99431 2.23073
7.93065 2.23894
7.87749 2.22747
7.84164 2.19768
7.82670 2.15290
7.83326 2.09558
7.86161 2.02816
7.90977 1.95640
7.97119 1.88954
8.03905 1.83492
8.10465 1.80005
8.16083 1.78844
8.20546 1.79994
8.23627 1.83470
8.24960 1.88923
8.24427 1.95603
8.22077 2.02777
8.18179 2.09521
8.13110 2.15258
8.07142 2.19745
8.00580 2.22734
7.94115 2.23893
7.88562 2.23084
7.84641 2.20403
7.82774 2.16154
7.83069 2.10573
7.85591 2.03891
7.90176 1.96673
7.96193 1.89844
8.02957 1.84146
8.09586 1.80358
8.15340 1.78869
8.19988 1.79689
8.23298 1.82856
8.24886 1.88062
8.24619 1.94584
8.22540 2.01701
8.18897 2.08490
8.13863 2.14543
8.07802 2.19340
8.01273 2.22504
7.94760 2.23864
7.89075 2.23259
7.84958 2.20762
7.82868 2.16658
7.82942 2.11175
7.85165 2.04751
7.89403 1.97720
7.95278 1.90761
7.96006 1.90029
7.92961 1.93115
7.89267 1.94926
7.86840 1.94930
7.84463 1.92961
7.83803 1.89751
7.84896 1.83938
7.87540 1.77819
7.92402 1.69876
7.98009 1.62596
8.05309 1.54777
8.12413 1.48584
8.20236 1.43421
8.27036 1.40729
8.32707 1.40382
8.37909 1.42634
8.41696 1.47309
8.44498 1.54993
8.45889 1.64525
8.45971 1.76758
8.44588 1.89981
8.41689 2.03706
8.37651 2.16004
8.31890 2.28114
8.25002 2.38321
8.17293 2.46574
8.07445 2.54131
7.97260 2.59672
7.85079 2.64274
7.71006 2.67661
7.55660 2.69561
7.40239 2.69793
7.26194 2.68345
7.14655 2.65376
7.06104 2.61154
7.00450 2.55960
6.96939 2.48782
6.96213 2.41829
6.95115 2.48392
6.91325 2.54480
6.85205 2.59552
6.76790 2.63526
6.66801 2.66018
6.56149 2.66825
6.46501 2.65816
6.39335 2.63155
6.35274 2.59057
6.34575 2.53914
6.37166 2.47809
6.42840 2.41285
6.50772 2.35206
6.59853 2.30383
6.68765 2.27452
6.77124 2.26488
6.84452 2.27563
6.90345 2.30596
6.94489 2.35506
6.96204 2.41645
6.95190 2.48195
6.91493 2.54290
6.85467 2.59387
6.77137 2.63403
6.67201 2.65952
6.56545 2.66827
6.46828 2.65886
6.39550 2.63282
6.35361 2.59225
6.34546 2.54105
6.37039 2.48005
6.42644 2.41467
6.50537 2.35358
6.59604 2.30490
6.68523 2.27507
6.76905 2.26487
6.84267 2.27506
6.90205 2.30487
6.94407 2.35353
6.96192 2.41462
6.95261 2.47999
6.91657 2.54100
6.85725 2.59220
6.77481 2.63278
6.67600 2.65885
6.56942 2.66827
6.47159 2.65954
6.39769 2.63407
6.35452 2.59391
6.34520 2.54295
6.36915 2.48201
6.42449 2.41650
6.50302 2.35510
6.59356 2.30599
6.68282 2.27564
6.76685 2.26488
6.84081 2.27451
6.90063 2.30380
6.94323 2.35202
6.96178 2.41280
6.95330 2.47803
6.91818 2.53909
6.85980 2.59052
6.78154 2.63026
6.65409 2.62415
6.54107 2.60471
6.44793 2.57327
6.36513 2.52224
6.31243 2.45968
6.28573 2.38827
6.28115 2.29645
6.30293 2.18300
6.35294 2.04692
6.43163 1.88697
6.53907 1.70096
6.67599 1.48463
6.85958 1.20785
7.09240 0.85783
7.26809 0.63512
7.33689 0.63512
7.40880 0.63512
7.48286 0.63512
7.55336 0.63512
7.62476 0.63512
7.69676 0.63512
7.76913 0.63512
7.84166 0.63512
7.91419 0.63512
7.98659 0.63512
8.06384 0.63512
8.14062 0.63512
8.21032 0.63512
8.21032 0.63512
8.21032 0.63512