# sss file
-1.57080 3.14159
-1.57080 3.14159
-2.61333 3.12336
-2.42978 2.75626
-2.34083 2.74665
-2.24532 2.75406
-2.16035 2.78022
-2.09767 2.82507
-2.08065 2.87560
-2.11676 2.92424
-2.22399 2.96801
-2.35094 2.99230
-2.53233 3.01028
-2.76065 3.01947
-3.00050 3.01829
-3.20645 3.00741
-3.41083 2.97830
-3.51093 2.94078
-3.54955 2.88543
-3.52225 2.81407
-3.42458 2.71601
-3.26277 2.59765
-3.05202 2.46765
-2.82569 2.34561
-2.61018 2.24460
-2.40750 2.16457
-2.21777 2.10508
-2.02596 2.06290
-1.84688 2.04237
-1.66590 2.04216
-1.48228 2.06375
-1.26995 2.11362
-1.17287 2.14341
-1.15950 2.27067
-1.12573 2.37131
-1.06484 2.46278
-0.98764 2.53027
-0.88110 2.58761
-0.74166 2.63203
-0.57007 2.66043
-0.37425 2.67018
-0.16866 2.66025
0.03121 2.63170
0.21490 2.58715
0.24926 2.57660
0.30813 2.56585
0.36091 2.56990
0.41137 2.59135
0.44411 2.63372
0.44115 2.68643
0.40228 2.73592
0.32931 2.77919
0.22309 2.81342
0.08896 2.83593
-0.05939 2.84476
-0.20193 2.83960
-0.32095 2.82202
-0.40810 2.79476
-0.47622 2.74822
-0.50062 2.69484
-0.48914 2.62371
-0.43756 2.53693
-0.34888 2.43816
-0.21377 2.31931
-0.05413 2.20122
0.10527 2.09979
0.25935 2.01610
0.41980 1.94519
0.56944 1.89653
0.70795 1.86966
0.83583 1.86349
0.96440 1.87844
1.09297 1.91712
1.23134 1.98594
1.39068 2.09464
1.44530 2.13665
1.47223 2.25683
1.51877 2.35015
1.57808 2.41990
1.65958 2.48083
1.76612 2.53105
1.89868 2.56831
2.05477 2.59038
2.22748 2.59563
2.40673 2.58364
2.58243 2.55536
2.74746 2.51272
2.80965 2.49217
2.86403 2.48211
2.91279 2.49020
2.94372 2.51028
2.96011 2.53742
2.96198 2.57393
2.93517 2.62628
2.87909 2.67254
2.79752 2.71001
2.69559 2.73647
2.58212 2.75031
2.46918 2.75107
2.36870 2.73960
2.28866 2.71779
2.21790 2.67666
2.18447 2.62640
2.18294 2.55658
2.21229 2.48356
2.27300 2.39587
2.36399 2.29717
2.48105 2.19230
2.61850 2.08707
2.77016 1.98811
2.91577 1.90946
3.05267 1.85191
3.17962 1.81556
3.29632 1.79989
3.41329 1.80518
3.52863 1.83535
3.64157 1.89281
3.75300 1.97816
3.88842 2.11465
4.02784 2.27234
4.08117 2.36241
4.14686 2.42896
4.23510 2.48613
4.34809 2.53198
4.48575 2.56430
4.64437 2.58110
4.81630 2.58115
4.99173 2.56444
5.16177 2.53220
5.32067 2.48643
5.46617 2.42931
5.57301 2.37678
5.61678 2.36178
5.66048 2.36356
5.69015 2.37950
5.70740 2.40458
5.71237 2.43982
5.69508 2.49260
5.65469 2.54135
5.59492 2.58324
5.51920 2.61614
5.43237 2.63844
5.34107 2.64922
5.25298 2.64840
5.15229 2.63073
5.07949 2.59749
5.03650 2.55292
5.01999 2.50081
5.02870 2.42955
5.06106 2.35523
5.12056 2.26573
5.20728 2.16447
5.31819 2.05637
5.44836 1.94763
5.57770 1.85488
5.70219 1.77981
5.83192 1.71845
5.95088 1.68094
6.05840 1.66704
6.15459 1.67562
6.24828 1.70873
6.33787 1.76944
6.42297 1.85898
6.51027 1.98595
6.61818 2.18264
6.67986 2.30164
6.75678 2.37807
6.84263 2.43138
6.94947 2.47353
7.07659 2.50277
7.22062 2.51759
7.37570 2.51712
7.53458 2.50138
7.69060 2.47130
7.83904 2.42842
7.97757 2.37447
8.13017 2.29742
8.20127 2.25453
8.24211 2.23814
8.27486 2.23924
8.29992 2.25449
8.31325 2.27995
8.31446 2.31606
8.29427 2.36999
8.25471 2.41938
8.20010 2.46137
8.13418 2.49405
8.06133 2.51612
7.98669 2.52696
7.89366 2.52417
7.81760 2.50360
7.76428 2.46858
7.73453 2.42278
7.72597 2.36957
7.73949 2.29669
7.77322 2.22037
7.83204 2.12802
7.91647 2.02316
8.02395 1.91110
8.13565 1.81050
8.26020 1.71393
8.37922 1.63730
8.48987 1.58228
8.59045 1.54977
8.68021 1.53970
8.76726 1.55363
8.84174 1.59160
8.91080 1.65730
8.97323 1.75231
9.02879 1.87636
9.08129 2.03918
9.13606 2.26532
9.17293 2.44454
9.26065 2.50380
9.37465 2.55181
9.51545 2.58618
9.67945 2.60465
9.85837 2.60577
10.04115 2.58944
10.21766 2.55697
10.38151 2.51056
10.53039 2.45260
10.66478 2.38523
10.80953 2.29423
10.89784 2.22832
10.93389 2.20865
10.96659 2.20435
10.99435 2.21404
11.01199 2.23528
11.01901 2.26885
11.00739 2.32189
10.97645 2.37278
10.93027 2.41815
10.87194 2.45573
10.80488 2.48391
10.73327 2.50165
10.63907 2.50843
10.55636 2.49681
10.49296 2.46928
10.45203 2.42921
10.43285 2.37998
10.43510 2.31003
10.46009 2.23483
10.51138 2.14213
10.59022 2.03522
10.68073 1.93338
10.79062 1.82660
10.91537 1.72211
11.03602 1.63707
11.14902 1.57367
11.25217 1.53327
11.34430 1.51625
11.43339 1.52393
11.50908 1.55741
11.57839 1.62016
11.63516 1.70531
11.68535 1.81820
11.73165 1.96939
11.77210 2.15983
11.80811 2.41418
11.82102 2.55173
11.95322 2.59401
12.11311 2.62102
12.29395 2.63059
12.48424 2.62185
12.67152 2.59561
12.84670 2.55397
13.00566 2.49957
13.14818 2.43485
13.30016 2.34631
13.43548 2.24809
13.57786 2.12308
13.59715 2.10437
13.63137 2.08106
13.66405 2.07506
13.69079 2.08728
13.70462 2.11397
13.70596 2.14836
13.69007 2.20216
13.65840 2.25359
13.61456 2.29938
13.56145 2.33739
13.50207 2.36616
13.41909 2.38863
13.33984 2.39251
13.27222 2.37886
13.22156 2.35006
13.18995 2.30909
13.17681 2.25900
13.18303 2.18762
13.20944 2.11043
13.26062 2.01455
13.33822 1.90306
13.42712 1.79605
13.53500 1.68322
13.64380 1.58388
13.74925 1.50088
13.86014 1.42992
13.96005 1.38492
14.04730 1.36691
14.12135 1.37540
14.18867 1.41346
14.24175 1.47758
14.28597 1.57246
14.32012 1.69808
14.34329 1.85265
14.35372 2.02011
14.35037 2.20941
14.33001 2.38976
14.29222 2.54352
14.24597 2.65080
14.36977 2.68848
14.52038 2.71515
14.69341 2.72884
14.87925 2.72835
15.06563 2.71371
15.24197 2.68622
15.40226 2.64786
15.57796 2.58781
15.72892 2.51749
15.85994 2.43937
15.99743 2.33754
16.13874 2.20951
16.21307 2.13226
16.24348 2.10872
16.27606 2.09878
16.30569 2.10536
16.32452 2.12757
16.33083 2.15949
16.32111 2.21171
16.29443 2.26330
16.25447 2.31053
16.20393 2.35096
16.14558 2.38285
16.08268 2.40503
15.99823 2.41849
15.92138 2.41372
15.85938 2.39246
15.81628 2.35745
15.79280 2.31181
15.78857 2.24428
15.80729 2.16950
15.85230 2.07526
15.91424 1.98027
15.99970 1.87265
16.10631 1.75814
16.21567 1.65636
16.32289 1.57031
16.43678 1.49527
16.54042 1.44558
16.63188 1.42245
16.71039 1.42562
16.77614 1.45342
16.83536 1.50983
16.88171 1.58869
16.92002 1.69587
16.94899 1.83102
16.96718 1.99248
16.97185 2.17775
16.95978 2.35604
16.92753 2.52304
16.87991 2.64812
16.81687 2.74403
16.72905 2.82382
16.88555 2.84897
17.07173 2.86430
17.27736 2.86819
17.48587 2.86019
17.68141 2.84123
17.85480 2.81313
18.04878 2.76494
18.20611 2.70806
18.36463 2.62874
18.49408 2.54309
18.62461 2.43422
18.75564 2.30032
18.90509 2.11792
18.93658 2.07574
18.96564 2.04809
19.00052 2.03388
19.03323 2.03985
19.05166 2.06301
19.05656 2.11055
19.04263 2.16259
19.01456 2.21364
18.97506 2.26047
18.92639 2.30081
18.87094 2.33303
18.79137 2.36143
18.71249 2.37208
18.64201 2.36523
18.58596 2.34259
18.54760 2.30673
18.52743 2.26053
18.52559 2.19239
18.54532 2.11688
18.59047 2.02142
18.65202 1.92480
18.73681 1.81482
18.84267 1.69721
18.95132 1.59219
19.05779 1.50314
19.15850 1.43282
19.26175 1.37875
19.35219 1.35283
19.42879 1.35512
19.49168 1.38392
19.54667 1.44331
19.58788 1.52651
19.61965 1.63937
19.64053 1.78108
19.64854 1.93611
19.64258 2.11361
19.62082 2.28240
19.58102 2.43856
19.52550 2.56542
19.45814 2.66200
19.37221 2.74175
19.26860 2.80435
19.11947 2.86081
19.06933 2.87432
19.24052 2.90716
19.46621 2.92930
19.73456 2.93729
20.01114 2.92958
20.25969 2.90767
20.46452 2.87499
20.62822 2.83488
20.79791 2.77388
20.92972 2.70738
21.06099 2.61922
21.18882 2.50824
21.33115 2.35329
21.47153 2.16978
21.51588 2.10624
21.54097 2.08038
21.57419 2.06393
21.60825 2.06465
21.63081 2.08317
21.64065 2.11161
21.63716 2.16115
21.61720 2.21250
21.58406 2.26146
21.54005 2.30527
21.48740 2.34191
21.42871 2.36990
21.34657 2.39212
21.26766 2.39637
21.19981 2.38345
21.14847 2.35549
21.11598 2.31533
21.10196 2.26593
21.10730 2.19526
21.13315 2.11865
21.18405 2.02342
21.26168 1.91284
21.35076 1.80715
21.45876 1.69657
21.56733 1.60051
21.67203 1.52200
21.76973 1.46340
21.86867 1.42324
21.95440 1.41110
22.02642 1.42615
22.08526 1.46603
22.13654 1.53540
22.17484 1.62623
22.20405 1.74513
22.22234 1.89128
22.22723 2.04911
22.21750 2.21424
22.19189 2.36903
22.14756 2.51032
22.08816 2.62203
22.00608 2.71701
21.91881 2.78172
21.79305 2.84173
21.65130 2.88401
21.46040 2.91802
21.21767 2.93949
20.94693 2.94431
20.83316 2.94078
20.87885 3.01588
21.02822 3.07045
21.15614 3.08747
21.39936 3.10261
21.87838 3.11274
22.54212 3.11213
23.00409 3.10128
23.24705 3.08587
23.47323 3.05085
23.61978 2.99542
23.75966 2.88197
23.90103 2.68948
24.10761 2.32956
24.19755 2.16094
24.23528 2.10743
24.28720 2.05924
24.35140 2.01961
24.41083 1.99847
24.47040 1.99290
24.53033 2.00679
24.58578 2.04450
24.63253 2.10766
24.66736 2.19601
24.68665 2.30788
24.68581 2.42563
24.66229 2.54544
24.61626 2.64956
24.54744 2.73642
24.45660 2.80536
24.34929 2.85653
24.19570 2.90171
24.03993 2.92941
23.84556 2.94926
23.62185 2.95879
23.39459 2.95648
23.19425 2.94284
23.05972 2.92419
22.92984 2.99873
22.73311 3.05252
22.43066 3.08465
22.13797 3.09708
21.69726 3.10361
21.21180 3.10127
20.85598 3.09128
20.64050 3.07710
20.42828 3.04368
20.31058 2.98938
20.26125 2.89574
20.27869 2.74284
20.36973 2.48757
20.50668 2.17761
20.53986 2.12658
20.58864 2.07945
20.64672 2.04211
20.70935 2.01876
20.77385 2.01336
20.83239 2.02893
20.88599 2.06837
20.93024 2.13344
20.96126 2.22384
20.97424 2.33770
20.96380 2.45682
20.93177 2.56197
20.88090 2.65072
20.81436 2.72218
20.71495 2.78948
20.60086 2.83834
20.44429 2.88007
20.23696 2.91088
20.05190 2.92405
19.79261 2.92552
19.56302 2.90875
19.39229 2.87736
19.28049 2.83602
19.20382 2.77574
19.19297 2.75994
19.06856 2.83060
18.89661 2.89699
18.71248 2.94175
18.45075 2.97838
18.22120 2.99528
17.95508 3.00346
17.68234 3.00142
17.44006 2.98955
17.24792 2.96987
17.04874 2.93062
16.92617 2.88442
16.83345 2.81698
16.77970 2.72749
16.76226 2.61556
16.77944 2.46073
16.81534 2.32030
16.84040 2.27369
16.88414 2.22906
16.94719 2.18781
17.00422 2.16446
17.05961 2.15268
17.11813 2.15229
17.18137 2.16802
17.24358 2.20456
17.30027 2.26433
17.34764 2.34785
17.38140 2.45421
17.39416 2.58140
17.37735 2.69721
17.32715 2.79816
17.25380 2.86841
17.15286 2.92193
17.03423 2.95906
16.85594 2.99143
16.59351 3.01536
16.25180 3.02562
15.90832 3.01881
15.64887 2.99746
15.48505 2.96691
15.36922 2.91863
15.31593 2.85253
15.31783 2.76966
15.35972 2.67689
15.19948 2.75974
15.03265 2.81988
14.87448 2.85939
14.68003 2.89172
14.44757 2.91392
14.18955 2.92297
13.93502 2.91729
13.71422 2.89790
13.54099 2.86764
13.41302 2.82957
13.29732 2.77069
13.22567 2.70574
13.17617 2.61900
13.15360 2.50923
13.15827 2.37508
13.16086 2.35542
13.18014 2.30984
13.21976 2.26600
13.27504 2.22701
13.33495 2.19978
13.39554 2.18476
13.45573 2.18212
13.52166 2.19507
13.58740 2.22860
13.64823 2.28544
13.70013 2.36635
13.73861 2.47058
13.75610 2.59615
13.74271 2.71103
13.69400 2.81143
13.61928 2.88134
13.51321 2.93451
13.38542 2.97116
13.18934 3.00253
12.89865 3.02436
12.53204 3.03092
12.19025 3.01983
11.95115 2.99516
11.80799 2.96253
11.71185 2.91274
11.67359 2.84580
11.69192 2.74863
11.76900 2.62204
11.82990 2.54482
11.69657 2.65497
11.55627 2.74219
11.41150 2.80747
11.27329 2.85235
11.09871 2.89184
10.87772 2.92315
10.60959 2.94253
10.31763 2.94644
10.04600 2.93402
9.82791 2.90783
9.66850 2.87178
9.55713 2.82917
9.46143 2.76584
9.39604 2.68014
9.36434 2.57123
9.36057 2.51492
9.37460 2.47465
9.41638 2.43177
9.48179 2.39251
9.55696 2.36553
9.63254 2.35268
9.72179 2.35480
9.81344 2.37783
9.90342 2.42411
9.98922 2.49431
10.08720 2.61269
10.19191 2.79699
10.27896 3.04588
10.23662 3.11546
10.13703 3.12926
8.12434 3.13857
7.36985 3.12568
7.33794 3.05644
7.96934 2.54463
8.14203 2.40615
8.00167 2.53710
7.88179 2.62601
7.73505 2.70974
7.58797 2.77136
7.40213 2.82570
7.22959 2.85935
7.02571 2.88437
6.79665 2.89817
6.56069 2.89888
6.34236 2.88638
6.15935 2.86241
6.01644 2.82953
5.88063 2.77590
5.79214 2.71475
5.72662 2.63141
5.71791 2.61405
5.71979 2.57646
5.75286 2.53636
5.80550 2.50107
5.88239 2.46837
5.96641 2.44763
6.07146 2.43932
6.18280 2.45082
6.29678 2.48458
6.42758 2.55074
6.60210 2.67600
6.84151 2.85293
7.01204 2.93690
7.21447 2.99419
7.41265 3.02528
7.72407 3.05047
8.19000 3.06371
8.71281 3.05901
9.11896 3.03882
9.39181 3.01017
9.63374 2.96609
9.87562 2.89512
10.10631 2.79783
10.37742 2.65186
10.77042 2.40358
10.84627 2.35286
10.70243 2.53055
10.56671 2.66320
10.44362 2.75439
10.31571 2.82421
10.14057 2.88940
9.95640 2.93293
9.70174 2.96819
9.48458 2.98434
9.23722 2.99229
8.98406 2.99075
8.75518 2.97999
8.49181 2.95026
8.31898 2.90992
8.20966 2.86345
8.12461 2.79604
8.08069 2.72491
8.08806 2.68827
8.13646 2.64814
8.21150 2.61434
8.32008 2.58666
8.42340 2.57558
8.54251 2.57831
8.67256 2.59863
8.83448 2.64614
9.35195 2.85698
9.56093 2.91700
9.80708 2.96237
10.08444 2.99176
10.45340 3.00985
10.88075 3.01157
11.27918 2.99628
11.59673 2.96848
11.89192 2.92372
12.15226 2.86286
12.41526 2.77687
12.70063 2.65656
13.04232 2.48462
13.54910 2.20108
13.37888 2.46807
13.24382 2.64453
13.11073 2.77762
12.97825 2.86987
12.81811 2.94058
12.62607 2.98974
12.42934 3.01854
12.14116 3.04096
11.75021 3.05210
11.33679 3.04788
11.01593 3.03002
10.80709 3.00371
10.63034 2.95634
10.54004 2.90449
10.52083 2.88665
10.52346 2.85190
10.59315 2.81123
10.70815 2.77667
10.82758 2.75510
11.01429 2.73937
11.21754 2.74089
11.47784 2.76278
12.22279 2.85680
12.61612 2.88733
13.00619 2.89897
13.40896 2.89244
13.78472 2.86838
14.11224 2.83082
14.42844 2.77718
14.72671 2.70919
15.06033 2.61320
15.45583 2.47636
16.17621 2.19389
15.82252 2.87413
15.67974 3.06479
15.46316 3.12132
14.26003 3.13644
12.84719 3.12251
12.68511 3.08497
12.68823 2.95186
12.70282 2.91366
12.75297 2.87801
12.86185 2.84547
13.02259 2.82045
13.18118 2.81044
13.39168 2.81308
13.72008 2.84056
14.36811 2.91042
14.80401 2.93776
15.22804 2.94570
15.65452 2.93585
16.03635 2.91006
16.35753 2.87304
16.66640 2.82142
16.99056 2.74856
17.34411 2.64813
17.82378 2.48577
18.53183 2.22902
18.88912 2.11047
18.91690 2.10194
18.84379 2.33189
18.80951 2.51004
18.81112 2.64288
18.84008 2.73418
18.89285 2.80417
18.99128 2.86983
19.11491 2.91426
19.30528 2.95155
19.58281 2.97692
19.93249 2.98458
20.28185 2.97214
20.56610 2.94331
20.71396 2.91791
20.87669 2.89571
21.05242 2.88997
21.23499 2.89902
21.49948 2.93100
21.98362 3.00142
22.37826 3.03746
22.80661 3.05585
23.33872 3.06022
23.83539 3.04861
24.20628 3.02594
24.54724 2.98754
24.84244 2.93469
25.14537 2.85900
25.53998 2.73348
26.44325 2.40644
26.78726 2.29325
27.08216 2.21076
27.35428 2.15087
27.62289 2.11013
27.79769 2.09432
27.74538 2.30132
27.72825 2.45770
27.73850 2.56967
27.77137 2.65882
27.83978 2.74283
27.93490 2.80446
28.04119 2.84569
28.18765 2.88056
28.38117 2.90636
28.61799 2.91998
28.87637 2.91924
29.12450 2.90427
29.34006 2.87742
29.40337 2.86638
29.52805 2.85162
29.66428 2.85198
29.80088 2.86785
29.98668 2.91358
30.42544 3.08829
30.59543 3.11740
30.93911 3.13115
32.79628 3.13371
33.33068 3.12063
33.60974 3.07790
33.98067 2.93946
34.88138 2.53675
35.23618 2.39028
35.51947 2.28755
35.77980 2.20895
36.02093 2.15329
36.24620 2.11894
36.47268 2.10336
36.71527 2.10795
36.78068 2.11271
36.77247 2.24913
36.78779 2.37681
36.82695 2.47844
36.88502 2.55632
36.97414 2.62608
37.07367 2.67416
37.20251 2.71322
37.36155 2.74086
37.54598 2.75483
37.74429 2.75373
37.94168 2.73767
38.12594 2.70823
38.21098 2.68921
38.28781 2.67882
38.36949 2.68618
38.43914 2.71329
38.48413 2.75962
38.48631 2.81083
38.44381 2.85937
38.34962 2.90231
38.19384 2.93595
37.97852 2.95577
37.73835 2.95816
37.52955 2.94353
37.38420 2.91614
37.29964 2.88082
37.25456 2.82732
37.26347 2.75641
37.32384 2.67088
37.44247 2.56108
37.61341 2.43467
37.80712 2.31198
37.99640 2.20760
38.19304 2.11515
38.37759 2.04515
38.54975 1.99718
38.71011 1.97032
38.87190 1.96340
39.03458 1.97906
39.19916 2.01847
39.38983 2.09009
39.39752 2.09344
39.40065 2.22513
39.42315 2.33004
39.46966 2.42663
39.53208 2.49944
39.62150 2.56344
39.74285 2.61618
39.89856 2.65458
40.08506 2.67549
40.29073 2.67676
40.49896 2.65823
40.69526 2.62187
40.73229 2.61272
40.79504 2.60443
40.85023 2.61090
40.90153 2.63502
40.93155 2.67951
40.92106 2.73256
40.86975 2.78101
40.77866 2.82173
40.64966 2.85162
40.49313 2.86785
40.33084 2.86897
40.18792 2.85584
40.07991 2.83128
40.00922 2.79863
39.96359 2.74738
39.95817 2.69153
39.98756 2.61948
40.05399 2.53361
40.16940 2.42435
40.31443 2.31193
40.47976 2.20238
40.64184 2.11026
40.81205 2.02983
40.97178 1.97146
41.12040 1.93479
41.25820 1.91888
41.39725 1.92349
41.53666 1.95153
41.67700 2.00446
41.83995 2.09369
42.00954 2.20640
42.04053 2.30658
42.09568 2.39746
42.16444 2.46466
42.25783 2.52232
42.37853 2.56823
42.52646 2.59989
42.69698 2.61507
42.88055 2.61249
43.06546 2.59238
43.24182 2.55637
43.40404 2.50683
43.49384 2.47165
43.54681 2.45847
43.59635 2.46346
43.62935 2.48142
43.64868 2.50727
43.65496 2.54265
43.63659 2.59494
43.59088 2.64282
43.52083 2.68351
43.42976 2.71472
43.32377 2.73459
43.21245 2.74207
43.10710 2.73723
43.01730 2.72131
42.93026 2.68631
42.88099 2.64017
42.86351 2.58714
42.87487 2.51578
42.92106 2.42769
43.00163 2.32641
43.11207 2.21683
43.24608 2.10477
43.38188 2.00689
43.52901 1.91651
43.66869 1.84668
43.79903 1.79798
43.91921 1.77036
44.03964 1.76349
44.14849 1.77952
44.25561 1.82027
44.36061 1.88765
44.47186 1.98936
44.61387 2.15363
44.66161 2.21264
44.71124 2.30192
44.78590 2.38001
44.87005 2.43490
44.97567 2.47876
45.10232 2.50981
45.24689 2.52641
45.40349 2.52757
45.56463 2.51321
45.72320 2.48422
45.87410 2.44214
46.01475 2.38877
46.09393 2.35206
46.13691 2.33910
46.17806 2.34367
46.20423 2.36221
46.21726 2.38953
46.21693 2.42613
46.19238 2.47932
46.14573 2.52687
46.08134 2.56618
46.00356 2.59535
45.91812 2.61313
45.83200 2.61905
45.75231 2.61350
45.66547 2.59033
45.60652 2.55286
45.57533 2.50525
45.56799 2.45106
45.58487 2.37816
45.63200 2.28788
45.71017 2.18373
45.81611 2.07097
45.92977 1.96824
46.05916 1.86744
46.18510 1.78437
46.30440 1.72047
46.41520 1.67658
46.52721 1.65145
46.62727 1.65046
46.72413 1.67523
46.80855 1.72395
46.88873 1.80007
46.96467 1.90413
47.04773 2.05513
47.17635 2.33481
47.18496 2.35337
47.24812 2.42091
47.33347 2.47928
47.44335 2.52658
47.57804 2.56062
47.73431 2.57937
47.90496 2.58147
48.08032 2.56676
48.25125 2.53633
48.41159 2.49211
48.55867 2.43629
48.69247 2.37087
48.81437 2.29745
48.85654 2.27951
48.89182 2.27891
48.92018 2.29249
48.93696 2.31668
48.94187 2.35140
48.92643 2.40443
48.89039 2.45409
48.83768 2.49738
48.77159 2.53216
48.69617 2.55691
48.61661 2.57067
48.51428 2.57168
48.42776 2.55437
48.36475 2.52191
48.32714 2.47806
48.31273 2.42633
48.32130 2.35489
48.35203 2.27971
48.40893 2.18849
48.49255 2.08466
48.60023 1.97338
48.71291 1.87303
48.83927 1.77596
48.96080 1.69781
49.07463 1.64015
49.17906 1.60382
49.28310 1.58850
49.37446 1.59847
49.45383 1.63156
49.52881 1.69125
49.59820 1.77939
49.66188 1.89608
49.72868 2.06171
49.81004 2.31509
49.84646 2.43331
49.94260 2.48504
50.06225 2.52472
50.20391 2.55037
50.36265 2.56038
50.53056 2.55407
50.69888 2.53187
50.86044 2.49522
51.01108 2.44607
51.14943 2.38639
51.30002 2.30328
51.43624 2.20970
51.49992 2.15944
51.53460 2.13973
51.56536 2.13588
51.59059 2.14656
51.60549 2.16912
51.60942 2.20379
51.59459 2.25794
51.56205 2.30934
51.51600 2.35467
51.45966 2.39180
51.39642 2.41928
51.33019 2.43625
51.24453 2.44212
51.17034 2.42989
51.11401 2.40201
51.07812 2.36167
51.06210 2.31209
51.06627 2.24141
51.09176 2.16510
51.14270 2.07057
51.22056 1.96100
51.30993 1.85615
51.41847 1.74580
51.52808 1.64864
51.64758 1.55819
51.75924 1.49037
51.86050 1.44702
51.94993 1.42887
52.02710 1.43535
52.09895 1.46927
52.15751 1.52778
52.20866 1.61551
52.25129 1.73289
52.28482 1.87870
52.30866 2.05062
52.32148 2.25917
52.31594 2.47513
52.30885 2.54257
52.42747 2.59365
52.57751 2.63064
52.75535 2.65076
52.95074 2.65211
53.14937 2.63455
53.33847 2.59977
53.51078 2.55050
53.66450 2.48958
53.80112 2.41943
53.94641 2.32550
54.07605 2.22280
54.13639 2.16851
54.17189 2.14578
54.20634 2.14018
54.23505 2.15265
54.25044 2.17922
54.25006 2.23075
54.22885 2.28337
54.19209 2.33240
54.14297 2.37503
54.08443 2.40933
54.01983 2.43395
53.93116 2.45046
53.84873 2.44829
53.78094 2.42904
53.73267 2.39553
53.70507 2.35099
53.69718 2.28449
53.71360 2.21055
53.74836 2.13293
53.80710 2.03870
53.89060 1.93133
53.99653 1.81638
54.10638 1.71333
54.21501 1.62507
54.33147 1.54623
54.43866 1.49127
54.53457 1.46147
54.61826 1.45686
54.68974 1.47619
54.75571 1.52296
54.81374 1.60048
54.85883 1.69982
54.89575 1.82701
54.92364 1.98073
54.94181 2.17189
54.94398 2.37216
54.92508 2.56346
54.88729 2.70340
55.03896 2.73384
55.21750 2.75111
55.41298 2.75359
55.61101 2.74100
55.79849 2.71460
55.96779 2.67660
56.11697 2.62938
56.27767 2.56044
56.41510 2.48320
56.55725 2.38218
56.70135 2.25508
56.83031 2.11918
56.86526 2.07876
56.89460 2.05388
56.92645 2.04245
56.95555 2.04779
56.97397 2.06926
56.98024 2.10079
56.97124 2.15315
56.94613 2.20546
56.90851 2.25387
56.86097 2.29590
56.80606 2.32979
56.72641 2.36028
56.64668 2.37274
56.57483 2.36740
56.51717 2.34591
56.47721 2.31088
56.45563 2.26525
56.45235 2.19753
56.47101 2.12221
56.51527 2.02678
56.57622 1.93001
56.66059 1.81967
56.76626 1.70136
56.87499 1.59530
56.98180 1.50482
57.08310 1.43265
57.18734 1.37598
57.27904 1.34702
57.35713 1.34599
57.42163 1.37139
57.47850 1.42710
57.52164 1.50690
57.55564 1.61639
57.57921 1.75490
57.59085 1.92036
57.58840 2.09606
57.56943 2.27758
57.53496 2.43303
57.48636 2.55977
57.41651 2.67047
57.33562 2.75082
57.31026 2.76988
57.48623 2.80446
57.70279 2.82382
57.94333 2.82526
58.18177 2.80857
58.39699 2.77612
58.58093 2.73148
58.73531 2.67793
58.89508 2.60212
59.02787 2.51925
59.16300 2.41290
59.29906 2.28111
59.43752 2.12117
59.45400 2.10047
59.48403 2.07390
59.51934 2.06149
59.55171 2.06977
59.56902 2.09472
59.57178 2.14347
59.55545 2.19564
59.52473 2.24602
59.48243 2.29146
59.43099 2.32979
59.37308 2.35944
59.29131 2.38376
59.21206 2.38988
59.14327 2.37852
59.09064 2.35178
59.05673 2.31249
59.04136 2.26367
59.04522 2.19337
59.06986 2.11682
59.11967 2.02134
59.18457 1.92582
59.27187 1.81827
59.37912 1.70467
59.48795 1.60476
59.59366 1.52167
59.69296 1.45790
59.79418 1.41144
59.88246 1.39285
59.95710 1.40167
60.01846 1.43586
60.07234 1.49974
60.11302 1.58600
60.14473 1.70086
60.16591 1.84360
60.17442 2.01220
60.16718 2.18988
60.14264 2.35821
60.10231 2.49935
60.04844 2.61128
59.97433 2.70697
59.87640 2.78553
59.75401 2.84636
59.61442 2.88970
59.43421 2.92361
59.61829 2.96436
59.79782 2.98565
60.02902 2.99970
60.29803 3.00431
60.57001 2.99856
60.81065 2.98357
61.08822 2.94875
61.28297 2.90497
61.42406 2.85623
61.56281 2.78686
61.69191 2.69596
61.83053 2.56370
61.97486 2.38680
62.12979 2.15943
62.15688 2.11653
62.18100 2.08983
62.21452 2.07154
62.25020 2.06984
62.27492 2.08615
62.28925 2.12809
62.28340 2.17760
62.26227 2.22833
62.22851 2.27661
62.18411 2.31988
62.13108 2.35621
62.05127 2.39139
61.96794 2.40951
61.88942 2.41001
61.82325 2.39392
61.77433 2.36349
61.74444 2.32157
61.73257 2.25739
61.74481 2.18465
61.77583 2.10722
61.83099 2.01215
61.91156 1.90276
62.00208 1.79890
62.11058 1.69084
62.21890 1.59749
62.32294 1.52168
62.41982 1.46561
62.51785 1.42792
62.60283 1.41771
62.67438 1.43405
62.73306 1.47462
62.78452 1.54413
62.82659 1.64460
62.85560 1.76424
62.87420 1.91046
62.87971 2.08137
62.86823 2.26022
62.84048 2.41467
62.79228 2.55530
62.72640 2.66615
62.64908 2.74681
62.55389 2.81085
62.41329 2.86965
62.25130 2.91012
62.03109 2.94081
61.82865 2.95444
61.66844 2.95805
61.81224 3.00875
61.99861 3.03868
62.32461 3.06137
62.55431 3.06782
62.81378 3.06968
63.07139 3.06660
63.48189 3.04833
63.74025 3.02049
63.96501 2.97109
64.13400 2.89967
64.26543 2.80680
64.39401 2.67334
64.53727 2.47707
64.71338 2.18874
64.75022 2.12424
64.78982 2.07061
64.84281 2.02303
64.89720 1.98992
64.95262 1.96991
65.00786 1.96466
65.06586 1.97918
65.11872 2.01923
65.16104 2.08585
65.18945 2.17824
65.19977 2.29416
65.18769 2.41504
65.15594 2.52155
65.09732 2.62619
65.01515 2.71215
64.91208 2.77892
64.79653 2.82707
64.64151 2.86790
64.44095 2.89786
64.20342 2.91282
63.96083 2.91006
63.75285 2.89036
63.60708 2.85966
63.48384 2.93329
63.33960 2.98646
63.18887 3.01979
62.94756 3.04933
62.77026 3.06137
62.54346 3.07029
62.27294 3.07485
61.98927 3.07415
61.73393 3.06836
61.37704 3.04586
61.18122 3.01565
61.03607 2.96449
60.95753 2.89199
60.92930 2.77950
60.95133 2.62560
61.03046 2.38686
61.08907 2.24209
61.12085 2.19150
61.17037 2.14393
61.23095 2.10558
61.29754 2.08085
61.36715 2.07378
61.43014 2.08691
61.48993 2.12272
61.54224 2.18325
61.58350 2.26862
61.60965 2.37747
61.61376 2.50735
61.59051 2.62519
61.53895 2.72752
61.45503 2.81246
61.33482 2.87881
61.18182 2.92619
61.01689 2.95582
60.79906 2.97734
60.53754 2.98740
60.27103 2.98388
60.04572 2.96771
59.88125 2.94203
59.74497 2.89845
59.67434 2.84874
59.64661 2.80230
59.48553 2.86843
59.32055 2.91342
59.09631 2.95152
58.79517 2.97802
58.43447 2.98693
58.08975 2.97543
57.82727 2.94708
57.65125 2.90785
57.53809 2.86220
57.44868 2.79555
57.39407 2.70685
57.37397 2.59551
57.38775 2.44102
57.43344 2.25945
57.45847 2.21202
57.50158 2.16622
57.55206 2.13027
57.61890 2.10030
57.67237 2.08897
57.72677 2.08977
57.78475 2.10726
57.84044 2.14622
57.88910 2.20908
57.92648 2.29620
57.94744 2.40636
57.94508 2.52231
57.91941 2.62531
57.87197 2.71278
57.80446 2.78356
57.69560 2.85037
57.56100 2.89856
57.41952 2.92950
57.23491 2.95351
57.00967 2.96777
56.76648 2.96991
56.54237 2.95960
56.36419 2.93883
56.23681 2.91050
56.13150 2.86517
56.07000 2.80152
56.05650 2.71993
56.07369 2.65088
55.94252 2.74013
55.80746 2.80774
55.62703 2.86987
55.44520 2.91047
55.20808 2.94258
54.91318 2.96171
54.59194 2.96370
54.30284 2.94802
54.08220 2.91833
53.92850 2.87926
53.82520 2.83426
53.73978 2.76858
53.68461 2.68085
53.66174 2.57029
53.66872 2.43590
53.67171 2.41627
53.69272 2.37104
53.73542 2.32806
53.79470 2.29055
53.85880 2.26517
53.92368 2.25220
54.00554 2.25390
54.08676 2.27827
54.16306 2.32747
54.23118 2.40190
54.29375 2.51367
54.33434 2.64952
54.33936 2.77673
54.30617 2.87638
54.23770 2.94653
54.11763 3.00046
53.93702 3.03750
53.72726 3.05834
53.40391 3.07271
52.98812 3.07624
52.61189 3.06742
52.36021 3.04978
52.16256 3.01517
52.06282 2.96301
52.04199 2.89455
52.09373 2.78314
52.23457 2.61638
52.32642 2.52253
52.20654 2.61101
52.06101 2.69419
51.91679 2.75534
51.73709 2.80933
51.57251 2.84299
51.37995 2.86850
51.16420 2.88353
50.93996 2.88627
50.72814 2.87634
50.54581 2.85504
50.39967 2.82459
50.25719 2.77360
50.16194 2.71445
50.08927 2.63295
50.05110 2.54568
50.03973 2.49119
50.04895 2.45115
50.08651 2.40672
50.14895 2.36451
50.22255 2.33406
50.29685 2.31798
50.38387 2.31634
50.47361 2.33538
50.56172 2.37788
50.64531 2.44483
50.73110 2.54794
50.81804 2.70226
50.88700 2.90768
50.87688 3.03316
50.78574 3.08856
50.56748 3.11524
50.16139 3.12663
49.10130 3.12957
48.45603 3.12024
48.17528 3.09417
48.12205 3.02535
48.27569 2.86010
48.76708 2.44538
48.63517 2.57875
48.49562 2.68809
48.34485 2.77431
48.18471 2.83816
48.02791 2.88119
47.82636 2.91754
47.57133 2.94367
47.27337 2.95530
46.97431 2.94983
46.72189 2.92856
46.53420 2.89549
46.40330 2.85458
46.29180 2.79247
46.22712 2.72501
46.18627 2.63594
46.18180 2.61765
46.19158 2.57916
46.23156 2.53984
46.28937 2.50675
46.37049 2.47806
46.45646 2.46253
46.56091 2.46121
46.67062 2.48017
46.78229 2.52147
46.91018 2.59581
47.29404 2.89017
47.44713 2.96458
47.61639 3.01242
47.83241 3.04535
48.21901 3.07142
48.61882 3.08035
49.07009 3.07872
49.44728 3.06724
49.81646 3.03935
50.09904 2.99404
50.31755 2.93319
50.55779 2.83340
50.83185 2.68417
51.24507 2.41977
51.44435 2.28450
51.30110 2.46390
51.16993 2.59741
51.02992 2.70707
50.87634 2.79364
50.70970 2.85772
50.54275 2.90067
50.32341 2.93633
50.04208 2.96050
49.71757 2.96839
49.40688 2.95793
49.16039 2.93180
48.98639 2.89487
48.86942 2.85114
48.77289 2.78642
48.75624 2.76946
48.75166 2.73366
48.79453 2.69226
48.87011 2.65563
48.98452 2.62313
49.09373 2.60712
49.22199 2.60299
49.36451 2.61466
49.54526 2.65013
49.86938 2.74694
50.19266 2.83945
50.46751 2.89422
50.78028 2.93196
51.10756 2.95155
51.47681 2.95590
51.84093 2.94376
52.15999 2.91778
52.47156 2.87426
52.75780 2.81378
53.01929 2.73839
53.28815 2.64054
53.62456 2.49343
54.08831 2.26180
53.92729 2.50543
53.78495 2.68050
53.66228 2.79375
53.51811 2.88518
53.39137 2.93772
53.20039 2.98668
53.00683 3.01537
52.72646 3.03780
52.34835 3.04936
51.94393 3.04602
51.62252 3.02909
51.40915 3.00348
51.22612 2.95676
51.13162 2.90528
51.07144 2.83316
51.08222 2.79802
51.15063 2.75774
51.25810 2.72484
51.36818 2.70596
51.49599 2.69678
51.64561 2.70016
51.84658 2.72388
52.19796 2.79564
52.56531 2.87025
52.90005 2.91670
53.26740 2.94469
53.62598 2.95426
53.99664 2.94861
54.33713 2.92880
54.67947 2.89128
54.95587 2.84451
55.25244 2.77470
55.55203 2.68253
55.89734 2.55258
56.83115 2.13951
56.66092 2.53197
56.59029 2.74705
56.57764 2.88073
56.62175 2.97437
56.72060 3.02882
56.88254 3.06293
57.03402 3.07827
57.27686 3.09106
57.64764 3.09892
58.09732 3.09905
58.47955 3.09138
58.73850 3.07870
59.02240 3.04676
59.21849 2.99330
59.29457 2.95639
59.40098 2.92063
59.57082 2.89221
59.80026 2.87548
60.07018 2.87547
60.55701 2.90236
61.13462 2.93570
61.56517 2.94634
62.00629 2.94183
62.41473 2.92203
62.76646 2.89037
63.10762 2.84396
63.46478 2.77662
63.85061 2.68250
64.34359 2.53714
65.13544 2.28466
65.52561 2.17223
65.71743 2.12393
65.61827 2.39515
65.57301 2.57343
65.56373 2.70758
65.58541 2.80068
65.63711 2.87277
65.71435 2.92446
65.85425 2.97231
66.00789 3.00022
66.23577 3.02235
66.54876 3.03505
66.90737 3.03493
67.23187 3.02202
67.48048 2.99976
67.73221 2.95639
67.79387 2.94038
67.94746 2.91083
68.12773 2.89606
68.32172 2.89523
68.60421 2.91281
69.32038 2.98184
69.79175 3.00770
70.23935 3.01527
70.68931 3.00796
71.07679 2.98781
71.45406 2.95125
71.79322 2.89919
72.13644 2.82505
72.50510 2.72316
73.19350 2.49760
73.68358 2.33729
74.02464 2.23909
74.33586 2.16572
74.62416 2.11565
74.72196 2.10306
74.68916 2.28576
74.68619 2.41972
74.70724 2.52854
74.74967 2.61411
74.82585 2.69340
74.92168 2.75041
75.05978 2.79907
75.19684 2.82792
75.36356 2.84816
75.55432 2.85799
75.75648 2.85639
75.95444 2.84353
76.13602 2.82071
76.24497 2.80089
76.34973 2.78821
76.46066 2.79216
76.56517 2.81309
76.65970 2.85168
76.73390 2.91491
76.73031 2.97849
76.64016 3.02368
76.49344 3.05055
76.21527 3.07143
75.77746 3.08029
75.34092 3.07282
75.06991 3.05347
74.93470 3.02852
74.86090 2.98715
74.87456 2.91576
74.98463 2.81763
75.20794 2.67358
75.49907 2.51140
75.77525 2.37395
76.03236 2.26135
76.25430 2.17878
76.46126 2.11684
76.66914 2.07215
76.86364 2.04873
77.06000 2.04483
77.27172 2.06304
77.33739 2.07308
77.31809 2.23303
77.32389 2.36412
77.35264 2.46939
77.40015 2.55108
77.47719 2.62567
77.56676 2.67852
77.68706 2.72323
77.84171 2.75727
78.02883 2.77785
78.23785 2.78278
78.45132 2.77146
78.65255 2.74523
78.69964 2.73663
78.78534 2.72838
78.87579 2.73799
78.95279 2.76710
79.00180 2.81476
79.00123 2.86601
78.94512 2.91394
78.81778 2.95517
78.68324 2.97654
78.50838 2.99082
78.30809 2.99626
78.02425 2.98708
77.82503 2.96146
77.71470 2.92619
77.66660 2.88612
77.66026 2.82963
77.71470 2.74400
77.83818 2.63398
78.01957 2.50756
78.22479 2.38509
78.44229 2.27229
78.64832 2.18148
78.84152 2.11244
79.02205 2.06452
79.19082 2.03669
79.36200 2.02747
79.53535 2.03923
79.72373 2.07589
79.94170 2.14415
79.97809 2.15748
79.99288 2.28424
80.02843 2.38445
80.07908 2.46095
80.15390 2.52961
80.25805 2.58835
80.39557 2.63442
80.56634 2.66462
80.76299 2.67617
80.97095 2.66781
81.17398 2.64046
81.36076 2.59675
81.42976 2.57540
81.48869 2.56399
81.54224 2.56765
81.59374 2.58922
81.62697 2.63193
81.62455 2.68434
81.58685 2.73377
81.51549 2.77720
81.41107 2.81183
81.27843 2.83498
81.13062 2.84462
80.98733 2.84030
80.86656 2.82347
80.77729 2.79681
80.71954 2.76315
80.68330 2.71145
80.68494 2.64119
80.72961 2.55445
80.81404 2.45500
80.93127 2.34753
81.07359 2.23736
81.23369 2.13031
81.38977 2.04071
81.55314 1.96315
81.70597 1.90791
81.84767 1.87470
81.97850 1.86263
82.10987 1.87180
82.24081 1.90517
82.37179 1.96415
82.52290 2.06100
82.62932 2.14202
82.65532 2.24327
82.70296 2.33532
82.77711 2.41654
82.86282 2.47418
82.97263 2.52071
83.10663 2.55401
83.26151 2.57209
83.43021 2.57370
83.60339 2.55870
83.77228 2.52818
83.93096 2.48402
83.99090 2.46302
84.04352 2.45269
84.09055 2.46103
84.11977 2.48185
84.13427 2.51001
84.13399 2.54667
84.10566 2.59902
84.05009 2.64508
83.97133 2.68224
83.87461 2.70842
83.76812 2.72220
83.66258 2.72320
83.56841 2.71224
83.49273 2.69108
83.42473 2.65077
83.39161 2.60109
83.38873 2.53154
83.41604 2.45835
83.47426 2.37005
83.56269 2.27026
83.67733 2.16393
83.81255 2.05701
83.94734 1.96552
84.09170 1.88351
84.22748 1.82311
84.35319 1.78463
84.46836 1.76764
84.58319 1.77247
84.68664 1.79976
84.78845 1.85185
84.89599 1.93695
85.00981 2.05884
85.18031 2.27448
85.23328 2.36488
85.29876 2.43174
85.38697 2.48926
85.50017 2.53545
85.63840 2.56810
85.79794 2.58516
85.97104 2.58536
86.14768 2.56870
86.31878 2.53640
86.47849 2.49051
86.62454 2.43324
86.73166 2.38059
86.77579 2.36552
86.82010 2.36752
86.85008 2.38405
86.86719 2.40996
86.87145 2.44522
86.85329 2.49786
86.81202 2.54634
86.75132 2.58786
86.67470 2.62029
86.58708 2.64204
86.49531 2.65220
86.40715 2.65073
86.30701 2.63227
86.23524 2.59838
86.19345 2.55333
86.17810 2.50092
86.18807 2.42947
86.22142 2.35513
86.28182 2.26577
86.36926 2.16486
86.48069 2.05735
86.61119 1.94943
86.74065 1.85767
86.86511 1.78370
86.99470 1.72366
87.11347 1.68750
87.22077 1.67492
87.31679 1.68473
87.41034 1.71905
87.49990 1.78086
87.58513 1.87135
87.67280 1.99913
87.78174 2.19652
87.84972 2.32561
87.93372 2.39905
88.02621 2.44936
88.13995 2.48794
88.27348 2.51306
88.42256 2.52334
88.58061 2.51813
88.74022 2.49777
88.89510 2.46344
89.04124 2.41679
89.17697 2.35959
89.32620 2.27922
89.39574 2.23487
89.43610 2.21758
89.46881 2.21813
89.49386 2.23334
89.50706 2.25927
89.50804 2.29523
89.48827 2.34918
89.44975 2.39882
89.39668 2.44128
89.33267 2.47463
89.26183 2.49757
89.18900 2.50945
89.09761 2.50817
89.02201 2.48909
88.96812 2.45535
88.93713 2.41052
88.92705 2.35794
88.93863 2.28541
88.97064 2.20901
89.02778 2.11614
89.11077 2.01023
89.21715 1.89657
89.32819 1.79410
89.45234 1.69528
89.57115 1.61642
89.68161 1.55939
89.78192 1.52521
89.87121 1.51395
89.95745 1.52719
90.03079 1.56510
90.09823 1.63137
90.15848 1.72754
90.21120 1.85328
90.25977 2.01833
90.30571 2.23499
90.33951 2.44073
90.42738 2.49948
90.54114 2.54694
90.68116 2.58081
90.84380 2.59886
91.02095 2.59972
91.20185 2.58330
91.37672 2.55089
91.53933 2.50465
91.68737 2.44691
91.82124 2.37976
91.96570 2.28901
92.05393 2.22324
92.09004 2.20365
92.12281 2.19966
92.15037 2.21008
92.16743 2.23235
92.17329 2.26625
92.16032 2.31943
92.12829 2.37017
92.08128 2.41513
92.02244 2.45210
91.95529 2.47951
91.88407 2.49636
91.79113 2.50193
91.71033 2.48916
91.64907 2.46066
91.61020 2.41982
91.59281 2.37001
91.59681 2.29956
91.62309 2.22405
91.67545 2.13116
91.75503 2.02426
91.84592 1.92262
91.95592 1.81632
92.06676 1.72325
92.18763 1.63707
92.30091 1.57266
92.40432 1.53144
92.49663 1.51384
92.58578 1.52118
92.66138 1.55463
92.73039 1.61764
92.78668 1.70330
92.83614 1.81692
92.88131 1.96910
92.91999 2.16072
92.95126 2.40347
92.96353 2.58044
93.10407 2.62229
93.27447 2.64805
93.46643 2.65543
93.66625 2.64367
93.85995 2.61396
94.03832 2.56881
94.19803 2.51115
94.33984 2.44357
94.49006 2.35212
94.62332 2.25148
94.76338 2.12413
94.78237 2.10511
94.81654 2.08106
94.84979 2.07433
94.87731 2.08619
94.89164 2.11267
94.89055 2.16444
94.86983 2.21776
94.83469 2.26776
94.78828 2.31159
94.73336 2.34735
94.67294 2.37368
94.58989 2.39287
94.51197 2.39365
94.44672 2.37732
94.39896 2.34637
94.37027 2.30380
94.35976 2.25258
94.36868 2.18036
94.39709 2.10278
94.44993 2.00684
94.52869 1.89565
94.61817 1.78922
94.72626 1.67725
94.83494 1.57892
94.94006 1.49706
95.05042 1.42745
95.14970 1.38384
95.23630 1.36720
95.30971 1.37693
95.37640 1.41619
95.42894 1.48129
95.47268 1.57700
95.50640 1.70325
95.52919 1.85828
95.53927 2.02603
95.53546 2.21550
95.51445 2.39593
95.47566 2.54968
95.42865 2.65596
95.55695 2.69161
95.71131 2.71590
95.88639 2.72698
96.07200 2.72388
96.25609 2.70687
96.42894 2.67739
96.58548 2.63747
96.75698 2.57595
96.90463 2.50457
97.03319 2.42564
97.16862 2.32303
97.30841 2.19418
97.38218 2.11647
97.41249 2.09271
97.44501 2.08278
97.47434 2.08988
97.49232 2.11274
97.49774 2.14497
97.48708 2.19746
97.45983 2.24915
97.41964 2.29634
97.36923 2.33660
97.31141 2.36824
97.24940 2.39011
97.16658 2.40313
97.09157 2.39798
97.03135 2.37638
96.98974 2.34110
96.96739 2.29522
96.96411 2.22738
96.98340 2.15226
97.02877 2.05757
97.09086 1.96208
97.17634 1.85386
97.28287 1.73868
97.39203 1.63636
97.49892 1.55000
97.60012 1.48205
97.70422 1.42989
97.79602 1.40475
97.87462 1.40650
97.94016 1.43353
97.99878 1.48977
98.04420 1.56903
98.08114 1.67712
98.10827 1.81357
98.12404 1.97659
98.12594 2.14989
98.11144 2.32923
98.08054 2.48312
98.03391 2.60884
97.96317 2.71887
97.87687 2.79877
97.81730 2.83636
97.97472 2.86467
98.16827 2.88309
98.38802 2.88953
98.61420 2.88310
98.82618 2.86468
99.01192 2.83637
99.16915 2.80056
99.34038 2.74452
99.47818 2.68194
99.61809 2.59749
99.75535 2.48972
99.88999 2.35713
100.02480 2.19749
100.10320 2.09316
100.13231 2.06528
100.16795 2.05067
100.20177 2.05651
100.22089 2.07963
100.22654 2.12664
100.21334 2.17827
100.18579 2.22909
100.14656 2.27585
100.09783 2.31629
100.04196 2.34873
99.96128 2.37757
99.88079 2.38870
99.80848 2.38233
99.75066 2.36009
99.71078 2.32457
99.68945 2.27868
99.68661 2.21092
99.70574 2.13581
99.75053 2.04090
99.81193 1.94491
99.89670 1.83575
100.00262 1.71912
100.11141 1.61509
100.21810 1.52693
100.31912 1.45730
100.42293 1.40364
100.51418 1.37764
100.59185 1.37933
100.65606 1.40708
100.71274 1.46493
100.75579 1.54639
100.78970 1.65729
100.81299 1.79699
100.82352 1.95023
100.82053 2.12608
100.80189 2.29368
100.76553 2.44906
100.71341 2.57560
100.64912 2.67222
100.56592 2.75231
100.46404 2.81547
100.31455 2.87280
100.22483 2.89567
100.41603 2.92764
100.66959 2.94756
100.96525 2.95169
101.25648 2.93906
101.50502 2.91240
101.70208 2.87582
101.85620 2.83274
102.01450 2.76890
102.16434 2.68274
102.30362 2.57345
102.43562 2.44010
102.58062 2.26046
102.69827 2.09245
102.72312 2.06617
102.75639 2.04920
102.79058 2.04977
102.81286 2.06843
102.82327 2.11277
102.81375 2.16357
102.78930 2.21463
102.75272 2.26235
102.70619 2.30426
102.65200 2.33852
102.57256 2.37008
102.49204 2.38401
102.41854 2.38023
102.35878 2.36017
102.31667 2.32633
102.29321 2.28164
102.28818 2.21482
102.30574 2.14021
102.34072 2.06151
102.39915 1.96554
102.48204 1.85583
102.57367 1.75234
102.68231 1.64557
102.78980 1.55449
102.89214 1.48198
102.98656 1.43026
103.08102 1.39858
103.16177 1.39528
103.22868 1.41898
103.28252 1.46687
103.32857 1.54405
103.36474 1.65205
103.38783 1.77810
103.39967 1.93009
103.39770 2.09205
103.37963 2.25990
103.34340 2.41596
103.29161 2.54314
103.22856 2.64021
103.14852 2.72061
103.05282 2.78407
102.91647 2.84193
102.76565 2.88159
102.56862 2.91196
102.32921 2.92903
102.07560 2.92956
101.97572 2.92472
102.01735 3.01897
102.16073 3.07387
102.29007 3.09108
102.55013 3.10640
103.09742 3.11612
103.82035 3.11365
104.25583 3.10116
104.47065 3.08492
104.66919 3.04921
104.82889 2.97458
104.96149 2.84147
105.12518 2.58905
105.34852 2.17962
105.38658 2.12605
105.44019 2.07737
105.49667 2.04266
105.55528 2.02073
105.61471 2.01337
105.67694 2.02499
105.73529 2.06087
105.78482 2.12253
105.82239 2.20963
105.84446 2.32048
105.84623 2.43753
105.82520 2.55687
105.78117 2.66078
105.71358 2.74762
105.62267 2.81667
105.51347 2.86797
105.35445 2.91323
105.19069 2.94077
104.98443 2.96006
104.74730 2.96842
104.51026 2.96437
104.30702 2.94880
104.15308 2.92425
104.11185 2.91436
103.99180 2.96859
103.79230 3.01987
103.55764 3.05007
103.38286 3.06258
103.15549 3.07208
102.87854 3.07722
102.58306 3.07695
102.31565 3.07133
102.10343 3.06149
101.83144 3.03413
101.68556 3.00166
101.57625 2.94899
101.51774 2.87561
101.50148 2.76247
101.53549 2.58841
101.62961 2.32729
101.69147 2.18039
101.72379 2.12889
101.77317 2.08037
101.83291 2.04170
101.89776 2.01775
101.96393 2.01299
102.02137 2.02909
102.07436 2.06857
102.11843 2.13335
102.14962 2.22331
102.16313 2.33670
102.15352 2.45545
102.12258 2.56040
102.07304 2.64910
101.99162 2.73454
101.88613 2.80097
101.76481 2.84875
101.59850 2.88881
101.38035 2.91711
101.18941 2.92780
100.99295 2.92795
100.75876 2.91207
100.58356 2.88127
100.46851 2.84028
100.38936 2.78025
100.37371 2.75701
100.21874 2.84575
100.09013 2.89597
99.91356 2.94210
99.65884 2.98078
99.42971 2.99945
99.15618 3.00948
98.86823 3.00894
98.60923 2.99793
98.40449 2.97855
98.19540 2.93921
98.06930 2.89274
97.97576 2.82493
97.92284 2.73510
97.90679 2.62292
97.92555 2.46794
97.96250 2.32751
97.98819 2.28072
98.03350 2.23568
98.08698 2.20064
98.15820 2.17200
98.21554 2.16183
98.28965 2.16674
98.36113 2.19512
98.42573 2.24896
98.47995 2.32842
98.52000 2.43224
98.53944 2.55812
98.52996 2.67364
98.48997 2.77495
98.41255 2.85987
98.31889 2.91390
98.16170 2.96344
97.97328 2.99488
97.69887 3.01719
97.35222 3.02511
97.01836 3.01600
96.77406 2.99306
96.62207 2.96162
96.51573 2.91272
96.46855 2.84627
96.47412 2.76321
96.53283 2.64705
96.38084 2.73039
96.22625 2.79140
96.08257 2.83219
95.90822 2.86678
95.69986 2.89271
95.46319 2.90717
95.21797 2.90809
94.99154 2.89531
94.80344 2.87073
94.65831 2.83713
94.52231 2.78257
94.43501 2.72064
94.37147 2.63654
94.33748 2.52903
94.33328 2.39688
94.33486 2.37748
94.35075 2.33501
94.39275 2.28728
94.44999 2.24729
94.51272 2.21936
94.57630 2.20419
94.65496 2.20349
94.73291 2.22556
94.80559 2.27292
94.86943 2.34620
94.92100 2.44451
94.95508 2.56585
94.96084 2.69300
94.92890 2.80746
94.85902 2.89208
94.76580 2.94639
94.64722 2.98459
94.45209 3.01832
94.13281 3.04289
93.84621 3.05038
93.54548 3.04853
93.18768 3.02996
92.97762 2.99953
92.86746 2.96331
92.80417 2.91090
92.79446 2.82864
92.84851 2.71685
92.97026 2.56301
92.98476 2.54673
92.85077 2.65675
92.70956 2.74382
92.56366 2.80891
92.42426 2.85358
92.24818 2.89277
92.02560 2.92366
91.75654 2.94247
91.46523 2.94576
91.19577 2.93281
90.98021 2.90624
90.82288 2.86995
90.71297 2.82719
90.61850 2.76374
90.55398 2.67796
90.52281 2.56899
90.51920 2.51265
90.53353 2.47214
90.57647 2.42867
90.64389 2.38910
90.72135 2.36256
90.79717 2.35115
90.88472 2.35508
90.97464 2.37975
91.06279 2.42756
91.15711 2.51041
91.24916 2.63193
91.34313 2.81890
91.38490 2.99955
91.32557 3.08322
91.19714 3.11061
90.97717 3.12356
90.11743 3.13252
89.00221 3.12640
88.72005 3.11384
88.57812 3.07286
88.64312 2.96217
89.02687 2.63710
89.33853 2.38402
89.20515 2.51703
89.06782 2.62550
88.92564 2.71073
88.78275 2.77398
88.60068 2.83049
88.42925 2.86617
88.22286 2.89348
87.98571 2.90953
87.73657 2.91201
87.50384 2.90051
87.30925 2.87681
87.15888 2.84375
87.04788 2.80396
86.94691 2.74380
86.87266 2.66109
86.86279 2.64383
86.86375 2.60618
86.89849 2.56569
86.95458 2.53009
87.03688 2.49739
87.12563 2.47733
87.23399 2.46995
87.34993 2.48155
87.47017 2.51456
87.61097 2.57879
88.02777 2.83450
88.21208 2.91364
88.41246 2.96717
88.66067 3.00488
88.93388 3.02685
89.29660 3.03923
89.70429 3.03846
90.07026 3.02480
90.35403 3.00203
90.62675 2.96372
90.86622 2.90970
91.10828 2.82949
91.34695 2.72410
91.64850 2.56099
92.00016 2.34477
91.85487 2.52237
91.71792 2.65478
91.59418 2.74567
91.46649 2.81516
91.29371 2.87995
91.11490 2.92325
90.87191 2.95858
90.55297 2.98075
90.19137 2.98418
89.86757 2.96777
89.63073 2.93618
89.47385 2.89510
89.37302 2.84838
89.29330 2.78093
89.25941 2.72787
89.26511 2.69115
89.31360 2.65026
89.39040 2.61565
89.46895 2.59383
89.57231 2.57871
89.69550 2.57732
89.82903 2.59424
89.99399 2.63859
90.25782 2.74447
90.53682 2.85508
90.74595 2.91453
90.99032 2.95946
91.26309 2.98862
91.62334 3.00683
92.04127 3.00920
92.43568 2.99491
92.75420 2.96806
93.05267 2.92421
93.31656 2.86411
93.55299 2.78964
93.82275 2.68096
94.15459 2.51964
94.73681 2.19806
94.55093 2.50601
94.40877 2.70170
94.27863 2.83501
94.13941 2.92780
94.00612 2.98154
93.77344 3.03160
93.48793 3.05963
93.27500 3.07009
93.00894 3.07655
92.71290 3.07779
92.43313 3.07352
92.20475 3.06465
91.90871 3.03834
91.75070 3.00630
91.63338 2.95390
91.58069 2.89919
91.59461 2.86408
91.67799 2.82429
91.80610 2.79187
91.93641 2.77288
92.13117 2.76164
92.34431 2.76688
92.66045 2.79610
93.29824 2.86845
93.71360 2.89625
94.11976 2.90459
94.53023 2.89443
94.90558 2.86725
95.22917 2.82750
95.54079 2.77245
95.86542 2.69603
96.21693 2.59218
96.66610 2.43463
97.34644 2.17429
96.94575 2.95227
96.80950 3.10446
96.72207 3.12336
94.95796 3.13865
93.87233 3.12142
93.80112 3.04554
93.84259 2.93121
93.89699 2.89549
94.01486 2.86280
94.18857 2.83770
94.35792 2.82771
94.57899 2.82964
94.92761 2.85394
95.55762 2.90904
95.99458 2.93063
96.40343 2.93475
96.80638 2.92319
97.16865 2.89779
97.52571 2.85580
97.86031 2.79835
98.20250 2.72010
98.59507 2.60814
99.28087 2.37773
99.78613 2.20642
100.08540 2.11509
100.02303 2.32332
99.99448 2.48164
99.99569 2.61453
100.02251 2.70573
100.08788 2.79255
100.18846 2.85693
100.31050 2.90022
100.49203 2.93636
100.74782 2.96117
101.06538 2.96976
101.38978 2.95985
101.66584 2.93404
101.87917 2.89725
102.01650 2.87662
102.16498 2.87037
102.31746 2.87746
102.54761 2.90850
103.08589 3.01005
103.35197 3.04260
103.77031 3.06900
104.18182 3.07884
104.65341 3.07868
105.06557 3.06867
105.48923 3.04251
105.83086 2.99931
106.10878 2.94170
106.42650 2.84950
106.87386 2.68705
107.56211 2.41848
107.90784 2.29582
108.20350 2.20624
108.46002 2.14433
108.71400 2.10077
108.96660 2.07709
108.98244 2.07628
108.93670 2.26312
108.91925 2.42001
108.93205 2.55025
108.96686 2.63850
109.03583 2.72131
109.12847 2.78182
109.27011 2.83446
109.41842 2.86627
109.60683 2.88880
109.82889 2.89955
110.06532 2.89700
110.29171 2.88151
110.49137 2.85515
110.61496 2.84298
110.74755 2.84684
110.87711 2.86703
111.04116 2.91877
111.17578 2.99518
111.20978 3.05692
111.07741 3.10183
110.88117 3.11549
110.33590 3.12562
109.41395 3.12439
108.97148 3.11337
108.75757 3.08549
108.75439 3.02752
108.98751 2.88800
109.48323 2.64299
109.85936 2.47241
110.15927 2.35054
110.41613 2.26047
110.65391 2.19242
110.87540 2.14521
111.09771 2.11596
111.32145 2.10638
111.56177 2.11796
111.65107 2.12746
111.64458 2.26314
111.66234 2.39006
111.70456 2.49092
111.76621 2.56798
111.86021 2.63662
111.96468 2.68347
112.09916 2.72089
112.26383 2.74647
112.45265 2.75797
112.65300 2.75423
112.84985 2.73563
113.03178 2.70397
113.11531 2.68400
113.19147 2.67275
113.25847 2.67666
113.32555 2.69683
113.37861 2.73669
113.39564 2.78775
113.36989 2.83736
113.29743 2.88263
113.16878 2.92031
112.97904 2.94621
112.74717 2.95612
112.52288 2.94854
112.35116 2.92626
112.24242 2.89412
112.18494 2.85620
112.16238 2.80114
112.18603 2.72981
112.26837 2.63078
112.41031 2.51014
112.58356 2.38834
112.77562 2.27115
112.96164 2.17249
113.15407 2.08641
113.33424 2.02282
113.50214 1.98118
113.65849 1.96045
113.81636 1.95979
113.97546 1.98156
114.14765 2.03038
114.30051 2.09239
114.30817 2.22192
114.33513 2.32460
114.38647 2.41849
114.45287 2.48862
114.54554 2.54950
114.66835 2.59876
114.82235 2.63355
115.00302 2.65114
115.19936 2.64986
115.39700 2.62985
115.58383 2.59296
115.61923 2.58380
115.67932 2.57563
115.73184 2.58268
115.77930 2.60815
115.80363 2.65408
115.78798 2.70727
115.73425 2.75528
115.64469 2.79509
115.52284 2.82385
115.37923 2.83914
115.23263 2.83988
115.10337 2.82702
115.00421 2.80309
114.93773 2.77111
114.89308 2.72052
114.88607 2.66495
114.91235 2.59279
114.97495 2.50632
115.08598 2.39587
115.22709 2.28195
115.38890 2.17087
115.54795 2.07764
115.70025 2.00304
115.85781 1.94282
116.00407 1.90522
116.13917 1.88936
116.27479 1.89508
116.39984 1.92232
116.53540 1.97729
116.68203 2.06454
116.87840 2.21041
116.90925 2.31078
116.96438 2.40189
117.03335 2.46931
117.12724 2.52718
117.24884 2.57325
117.39814 2.60499
117.57037 2.62012
117.75572 2.61733
117.94216 2.59688
118.11962 2.56045
118.28248 2.51048
118.37248 2.47504
118.42590 2.46171
118.47623 2.46685
118.50968 2.48535
118.52899 2.51200
118.53153 2.56499
118.50280 2.61597
118.44783 2.66148
118.36932 2.69892
118.27140 2.72614
118.16155 2.74148
118.05048 2.74427
117.94941 2.73506
117.86662 2.71543
117.79026 2.67672
117.75070 2.62820
117.74095 2.57381
117.75928 2.50171
117.81088 2.41365
117.89513 2.31313
118.00774 2.20499
118.14272 2.09501
118.27861 1.99951
118.42527 1.91202
118.56413 1.84523
118.69346 1.79963
118.81258 1.77507
118.93190 1.77139
119.03979 1.79031
119.14612 1.83380
119.25063 1.90363
119.36189 2.00748
119.51242 2.18254
119.55295 2.23213
119.60862 2.31845
119.69013 2.39304
119.78036 2.44449
119.89186 2.48441
120.02343 2.51104
120.17113 2.52294
120.32857 2.51939
120.48834 2.50060
120.64395 2.46768
120.79113 2.42226
120.92799 2.36611
121.00504 2.32794
121.04721 2.31421
121.08791 2.31833
121.11367 2.33707
121.12616 2.36505
121.12526 2.40158
121.10095 2.45483
121.05558 2.50260
120.99340 2.54228
120.91857 2.57203
120.83642 2.59061
120.75338 2.59752
120.65252 2.58923
120.57349 2.56354
120.52133 2.52435
120.49525 2.47562
120.49341 2.40633
120.51744 2.33217
120.56966 2.24131
120.65073 2.13721
120.75768 2.02506
120.87098 1.92334
120.99901 1.82411
121.12295 1.74306
121.23979 1.68168
121.34776 1.64080
121.45629 1.61954
121.55259 1.62284
121.64511 1.65259
121.72507 1.70635
121.80033 1.78780
121.87594 1.90643
121.95164 2.06474
122.06560 2.34893
122.12863 2.41624
122.21360 2.47439
122.32277 2.52149
122.45635 2.55541
122.61119 2.57413
122.78025 2.57635
122.95411 2.56188
123.12386 2.53179
123.28339 2.48795
123.43001 2.43251
123.56360 2.36746
123.68545 2.29437
123.72775 2.27657
123.76310 2.27639
123.79123 2.29081
123.80732 2.31609
123.81097 2.35107
123.79400 2.40412
123.75666 2.45350
123.70291 2.49625
123.63615 2.53028
123.56056 2.55409
123.48144 2.56683
123.38062 2.56647
123.29633 2.54792
123.23578 2.51446
123.20045 2.46985
123.18795 2.41759
123.19839 2.34573
123.23045 2.27034
123.28844 2.17907
123.37282 2.07541
123.48090 1.96459
123.59365 1.86495
123.71977 1.76897
123.84081 1.69221
123.95393 1.63622
124.05749 1.60178
124.16043 1.58873
124.25061 1.60104
124.32878 1.63642
124.40247 1.69848
124.47052 1.78896
124.53283 1.90785
124.59798 2.07578
124.67698 2.33172
124.71567 2.46219
124.81843 2.51263
124.94605 2.55045
125.09637 2.57353
125.26330 2.58028
125.43767 2.57020
125.61000 2.54403
125.77322 2.50353
125.92377 2.45084
126.06098 2.38803
126.20958 2.30168
126.34367 2.20534
126.40632 2.15385
126.44088 2.13332
126.47205 2.12876
126.49785 2.13910
126.51320 2.16180
126.51742 2.19610
126.50338 2.25002
126.47183 2.30152
126.42684 2.34726
126.37152 2.38506
126.30910 2.41343
126.24335 2.43144
126.15765 2.43886
126.08260 2.42815
126.02481 2.40163
125.98717 2.36240
125.96937 2.31364
125.97153 2.24363
125.99538 2.16764
126.04482 2.07314
126.12150 1.96322
126.21016 1.85771
126.31833 1.74630
126.42789 1.64784
126.54763 1.55573
126.65971 1.48611
126.76150 1.44096
126.85145 1.42111
126.92909 1.42610
127.00133 1.45869
127.06010 1.51624
127.11129 1.60329
127.15376 1.72031
127.18691 1.86604
127.21012 2.03812
127.22166 2.23370
127.21716 2.43611
127.20551 2.54363
127.32715 2.59269
127.47934 2.62739
127.65768 2.64508
127.85159 2.64411
128.04718 2.62458
128.23263 2.58828
128.40151 2.53791
128.55241 2.47623
128.68688 2.40551
128.83038 2.31107
128.95888 2.20790
129.01883 2.15339
129.05419 2.13054
129.08848 2.12514
129.11668 2.13840
129.13104 2.16574
129.12922 2.21768
129.10703 2.27043
129.06970 2.31938
129.02044 2.36174
128.96221 2.39563
128.89839 2.41975
128.81142 2.43553
128.73114 2.43267
128.66556 2.41282
128.61926 2.37882
128.59324 2.33388
128.58677 2.26695
128.60410 2.19262
128.63942 2.11463
128.69852 2.01995
128.78218 1.91209
128.88809 1.79666
128.99773 1.69330
129.10598 1.60496
129.22179 1.52642
129.32807 1.47223
129.42278 1.44370
129.50501 1.44082
129.57480 1.46225
129.63869 1.51160
129.68980 1.58374
129.73342 1.68417
129.76839 1.81284
129.79372 1.96830
129.80772 2.14823
129.80611 2.34986
129.78484 2.52852
129.74006 2.68036
129.71937 2.72317
129.87626 2.75564
130.06413 2.77451
130.27182 2.77775
130.48222 2.76500
130.67965 2.73768
130.85556 2.69834
131.00845 2.64965
131.17101 2.57898
131.30855 2.50024
131.44976 2.39777
131.59224 2.26940
131.73680 2.11240
131.75395 2.09201
131.78334 2.06676
131.81585 2.05484
131.84589 2.05994
131.86495 2.08122
131.87179 2.11233
131.86367 2.16421
131.83931 2.21629
131.80223 2.26470
131.75495 2.30695
131.69996 2.34122
131.61962 2.37242
131.53859 2.38570
131.46503 2.38116
131.40554 2.36039
131.36387 2.32597
131.34084 2.28085
131.33618 2.21367
131.35387 2.13882
131.39739 2.04389
131.45791 1.94761
131.54204 1.83781
131.64763 1.72008
131.75644 1.61453
131.86346 1.52442
131.96513 1.45242
132.06996 1.39562
132.16248 1.36613
132.24160 1.36418
132.30732 1.38834
132.36570 1.44244
132.41044 1.52055
132.44624 1.62823
132.47181 1.76494
132.48569 1.92872
132.48567 2.10303
132.46951 2.28347
132.43800 2.43828
132.38586 2.57871
132.31537 2.68913
132.23227 2.76926
132.20706 2.78749
132.39724 2.81943
132.62781 2.83501
132.87742 2.83185
133.11757 2.81047
133.32897 2.77392
133.50686 2.72601
133.65514 2.66994
133.80843 2.59177
133.93621 2.50713
134.06693 2.39914
134.19944 2.26578
134.33525 2.10423
134.35148 2.08333
134.38130 2.05630
134.41662 2.04349
134.44887 2.05198
134.46564 2.07736
134.46771 2.12627
134.45110 2.17860
134.42042 2.22913
134.37847 2.27474
134.32765 2.31325
134.27060 2.34311
134.19019 2.36777
134.11230 2.37429
134.04462 2.36336
133.99271 2.33702
133.95913 2.29806
133.94377 2.24944
133.94738 2.17920
133.97165 2.10249
134.02099 2.00660
134.08549 1.91044
134.17244 1.80196
134.27944 1.68713
134.38810 1.58595
134.49368 1.50165
134.59279 1.43687
134.69364 1.38967
134.78131 1.37086
134.85506 1.38001
134.91526 1.41504
134.96759 1.48028
135.00651 1.56817
135.03610 1.68494
135.05475 1.82972
135.06033 1.98683
135.05223 2.15176
135.02704 2.32092
134.98687 2.46282
134.92615 2.58928
134.85155 2.68513
134.75517 2.76367
134.63765 2.82445
134.50689 2.86789
134.33182 2.90392
134.24084 2.91624
134.40023 2.96020
134.56134 2.98463
134.77943 3.00275
135.05081 3.01191
135.34375 3.01023
135.61315 2.99810
135.83370 2.97780
136.07613 2.93752
136.24418 2.89047
136.40162 2.82220
136.54153 2.73203
136.66782 2.61959
136.80262 2.46436
136.94713 2.26195
137.02837 2.13527
137.05261 2.10857
137.08680 2.09023
137.12342 2.08874
137.14861 2.10535
137.16332 2.14715
137.15777 2.19639
137.13676 2.24684
137.10288 2.29486
137.05806 2.33790
137.00430 2.37402
136.92314 2.40890
136.83819 2.42668
136.75812 2.42678
136.69072 2.41026
136.64106 2.37945
136.61090 2.33724
136.59914 2.27286
136.61178 2.20016
136.64332 2.12298
136.69908 2.02847
136.78026 1.92002
136.87123 1.81734
136.98007 1.71084
137.08859 1.61915
137.19278 1.54500
137.30134 1.48509
137.39828 1.45178
137.48229 1.44545
137.55313 1.46495
137.61719 1.51395
137.66735 1.58739
137.70862 1.69074
137.73937 1.82379
137.75695 1.97190
137.76143 2.14366
137.74818 2.32254
137.71705 2.47650
137.66897 2.60234
137.60700 2.69873
137.52390 2.77884
137.41851 2.84213
137.29573 2.88866
137.12124 2.92886
136.94626 2.95235
136.73299 2.96751
136.49763 2.97207
136.40851 2.97079
136.51432 3.02476
136.67944 3.05832
136.82725 3.07330
137.05384 3.08577
137.38528 3.09373
137.78842 3.09482
138.15425 3.08861
138.42058 3.07718
138.72780 3.04671
138.94404 2.99420
139.08935 2.92044
139.21790 2.80701
139.35206 2.63321
139.53571 2.33255
139.65293 2.12098
139.69188 2.06662
139.74568 2.01744
139.80159 1.98313
139.85880 1.96269
139.91581 1.95821
139.97276 1.97408
140.02404 2.01482
140.06514 2.08176
140.09257 2.17427
140.10203 2.29022
140.08922 2.41107
140.05690 2.51753
139.99782 2.62209
139.91551 2.70793
139.81279 2.77457
139.69819 2.82260
139.54517 2.86337
139.34808 2.89338
139.11507 2.90862
138.87635 2.90643
138.67007 2.88743
138.50832 2.85265
138.35847 2.94509
138.20671 2.99829
138.04127 3.03146
137.76294 3.06019
137.55210 3.07115
137.28367 3.07820
136.97892 3.07996
136.68746 3.07601
136.44965 3.06726
136.14516 3.04086
135.98555 3.00868
135.86882 2.95610
135.80758 2.88272
135.79064 2.76959
135.82487 2.59561
135.91939 2.33476
135.95406 2.25160
135.98643 2.20086
136.03764 2.15287
136.10056 2.11468
136.16967 2.09122
136.24056 2.08690
136.30199 2.10257
136.36044 2.14048
136.41155 2.20267
136.45160 2.28928
136.47622 2.39898
136.47909 2.51463
136.45568 2.63242
136.40288 2.73467
136.33437 2.80560
136.22129 2.87268
136.07703 2.92108
135.92068 2.95193
135.71153 2.97521
135.45423 2.98754
135.18328 2.98638
134.94741 2.97211
134.77213 2.94769
134.65431 2.91650
134.56296 2.86856
134.51541 2.80301
134.50952 2.77446
134.35518 2.83982
134.20296 2.88441
134.00443 2.92280
133.74692 2.95135
133.43649 2.96535
133.11754 2.96142
132.84764 2.94058
132.64973 2.90726
132.51435 2.86585
132.40142 2.80306
132.33736 2.73503
132.29810 2.64544
132.28619 2.53330
132.30440 2.37751
132.32821 2.27661
132.35206 2.22908
132.39563 2.18227
132.44773 2.14526
132.51745 2.11444
132.57352 2.10307
132.64373 2.10707
132.71088 2.13489
132.76183 2.17865
132.81299 2.25670
132.84857 2.36045
132.86217 2.47282
132.85143 2.58918
132.81463 2.69150
132.75046 2.77751
132.65775 2.84605
132.54033 2.89682
132.41327 2.93075
132.24027 2.95890
132.01536 2.97830
131.75327 2.98572
131.49591 2.97961
131.28499 2.96144
131.13393 2.93444
131.01055 2.88987
130.93917 2.82654
130.92186 2.74513
130.94795 2.65305
130.81648 2.74230
130.68085 2.80991
130.49923 2.87199
130.31574 2.91251
130.07607 2.94440
129.77815 2.96314
129.45505 2.96455
129.16634 2.94825
128.94745 2.91805
128.79564 2.87862
128.69392 2.83337
128.61003 2.76746
128.55615 2.67954
128.53425 2.56883
128.54195 2.43430
128.54501 2.41465
128.56423 2.37218
128.61040 2.32559
128.67157 2.28788
128.73767 2.26301
128.80354 2.25149
128.88351 2.25542
128.96286 2.28177
129.03719 2.33275
129.10309 2.40877
129.16242 2.52208
129.19793 2.65913
129.19481 2.78694
129.14867 2.88658
129.06069 2.95609
128.90805 3.00850
128.68095 3.04280
128.42869 3.06017
128.07976 3.06924
127.70161 3.06698
127.40057 3.05430
127.13700 3.02369
127.01444 2.98669
126.95302 2.93348
126.95283 2.85071
127.02877 2.72509
127.19040 2.54484
127.23827 2.49648
127.09965 2.60397
126.95782 2.68809
126.81764 2.75029
126.64295 2.80574
126.48236 2.84088
126.29292 2.86825
126.07779 2.88545
125.85034 2.89043
125.63192 2.88251
125.44168 2.86276
125.28828 2.83339
125.13847 2.78330
125.03840 2.72467
124.96210 2.64355
124.92183 2.55652
124.91288 2.52044
124.92094 2.48046
124.95953 2.43550
125.02517 2.39270
125.10322 2.36207
125.17985 2.34663
125.26907 2.34534
125.36209 2.36400
125.45474 2.40541
125.54451 2.47065
125.64975 2.58320
125.79509 2.80126
125.94092 3.00459
126.06267 3.07252
126.34604 3.11184
126.68756 3.12309
127.52889 3.12835
128.31620 3.12200
128.63497 3.11049
128.93884 3.07116
129.14753 2.99009
129.43947 2.80193
129.91722 2.43992
129.78375 2.57293
129.64273 2.68178
129.49101 2.76740
129.33108 2.83063
129.17605 2.87312
128.97918 2.90897
128.73331 2.93484
128.44818 2.94682
128.16033 2.94243
127.91289 2.92264
127.72482 2.89101
127.59112 2.85130
127.47517 2.79041
127.40654 2.72382
127.36181 2.63552
127.35669 2.61736
127.36554 2.57874
127.40578 2.53871
127.46487 2.50493
127.54827 2.47582
127.63533 2.46069
127.73852 2.46008
127.84723 2.47945
127.95809 2.52101
128.08514 2.59553
128.46537 2.89039
128.61628 2.96502
128.78331 3.01308
128.99762 3.04627
129.38590 3.07269
129.79322 3.08178
130.25474 3.08007
130.63686 3.06832
131.00572 3.04004
131.28558 2.99442
131.50173 2.93333
131.73998 2.83332
132.01274 2.68388
132.44251 2.40764
132.63663 2.27557
132.50061 2.45663
132.37827 2.59188
132.24981 2.70370
132.11046 2.79304
131.95921 2.86048
131.80525 2.90703
131.59538 2.94756
131.30745 2.97773
131.07150 2.98899
130.81909 2.99118
130.57963 2.98393
130.29186 2.95814
130.09811 2.92020
129.97450 2.87517
129.87776 2.80889
129.86171 2.79159
129.86394 2.76278
129.91472 2.73077
129.98686 2.70872
130.06710 2.69615
130.18655 2.69350
130.31957 2.71030
130.45922 2.74955
130.62434 2.82358
131.00381 3.04210
131.21363 3.09552
131.60595 3.12030
132.28934 3.12835
133.24328 3.12520
133.67201 3.11453
133.97092 3.08902
134.23804 3.02252
134.56831 2.87857
135.34007 2.48919
135.66861 2.33555
135.93452 2.22586
136.16448 2.14632
136.37851 2.08904
136.57829 2.05362
136.76578 2.03895
136.95563 2.04426
137.16106 2.07305
137.39681 2.13145
138.10303 2.35538
138.38716 2.42208
138.67312 2.46645
138.94817 2.48864
139.23979 2.49206
139.51631 2.47742
139.81000 2.44342
140.09168 2.39308
140.39408 2.31986
140.70881 2.22334
141.06122 2.09302
141.57846 1.86889
142.17396 1.58776
142.51716 1.43066
142.80369 1.31290
143.05974 1.22669
143.28752 1.17331
143.50593 1.15081
143.71505 1.16219
143.92435 1.20852
144.15852 1.29578
144.57689 1.48946
144.93277 1.63052
145.20993 1.70657
145.47478 1.75016
145.73816 1.76714
146.00411 1.75982
146.27838 1.72856
146.55667 1.67386
146.85767 1.59011
147.18930 1.46965
147.57080 1.29589
148.09995 0.99196
148.85381 0.63512
149.13721 0.63512
149.37377 0.63512
149.41202 0.63512
149.41202 0.63512
149.41202 0.63512