# sss file
-1.57080 3.14159
-1.57080 3.14159
5.12281 2.32074
4.72189 3.12259
7.62635 3.14159
4.74730 3.13760
11.70600 2.32074
11.30507 3.12259
14.06179 3.14159
11.03199 3.13760
18.28919 2.32074
17.88826 3.12259
14.34669 3.14159
11.03349 3.13760
18.58919 2.32074
18.18826 3.12259
15.33286 3.14159
11.03499 3.13760
18.88919 2.32074
18.48826 3.12259
15.52731 3.14159
11.03649 3.13760
19.18919 2.32074
18.78826 3.12259
16.86644 3.14159
17.52018 3.11888
25.77237 2.32074
25.37145 3.12259
29.78561 3.14159
32.33460 2.91492
38.63874 2.32074
38.23782 3.12259
42.08660 3.14159
42.72392 3.11414
51.50511 2.32074
51.10419 3.12259
54.88721 3.14159
56.41331 3.01943
64.37148 2.32074
63.97056 3.12259
67.30089 3.14159
68.39281 3.09918
83.52104 2.32074
83.12011 3.12259
86.12592 3.14159
86.83573 3.10626
96.38741 2.32074
95.98648 3.12259
98.42906 3.14159
99.18093 3.12446
109.25378 2.32074
108.85285 3.12259
111.27971 3.14159
112.03399 3.10332
122.12015 2.32074
121.71922 3.12259
123.68784 3.14159
124.37888 3.12062
134.98652 2.32074
134.58560 3.12259
136.44634 3.14159
137.24315 3.09992
147.85289 2.32074
147.45197 3.12259
142.98821 3.14159
146.63071 2.88458
154.43608 2.32074
154.03515 3.12259
155.65488 3.14159
156.45630 3.07741
167.30245 2.32074
166.90152 3.12259
167.93479 3.14159
169.09695 3.07410
180.16882 2.32074
179.76789 3.12259
180.57652 3.14159
183.58286 2.95176
193.03519 2.32074
192.63426 3.12259
193.15245 3.14159
196.35419 2.94331
205.90156 2.32074
205.50063 3.12259
205.85882 3.14159
208.07715 2.99993
218.76793 2.32074
218.36700 3.12259
218.57876 3.14159
217.56479 3.12259
218.72722 0.79774
218.60033 1.15451
218.53376 1.39928
218.50093 1.58330
218.49086 1.74424
218.50139 1.86888
218.53162 1.97917
218.58366 2.07470
218.64724 2.14392
218.72923 2.20021
218.82949 2.24220
218.94643 2.26856
219.07679 2.27829
219.21602 2.27098
219.35915 2.24694
219.50177 2.20710
219.64074 2.15276
219.77435 2.08531
219.92288 1.99165
220.06418 1.88312
220.19989 1.76025
220.35100 1.60152
220.52102 1.39570
220.69946 1.15013
220.85456 0.91384
220.75169 1.23331
220.69988 1.46022
220.67916 1.63217
220.68149 1.78229
220.70347 1.89757
220.74575 1.99803
220.81010 2.08293
220.88383 2.14222
220.97478 2.18784
221.08186 2.21858
221.20259 2.23347
221.33328 2.23196
221.46961 2.21410
221.60743 2.18054
221.74348 2.13232
221.89727 2.05916
222.04452 1.96946
222.18547 1.86451
222.32140 1.74481
222.47313 1.58928
222.62480 1.41084
222.80255 1.17356
223.02841 0.83112
223.11035 0.69627
222.97382 1.07746
222.90650 1.32830
222.87482 1.51360
222.86648 1.67366
222.87836 1.79631
222.90918 1.90375
222.96034 1.99586
223.03310 2.07171
223.12791 2.12986
223.24366 2.16864
223.37722 2.18664
223.52354 2.18309
223.67668 2.15814
223.83112 2.11282
223.98286 2.04868
224.12975 1.96734
224.27129 1.87013
224.40814 1.75773
224.56080 1.61038
224.71271 1.44062
224.88897 1.21539
225.08368 0.93306
225.15763 0.81708
225.03369 1.16837
224.96847 1.41103
224.93657 1.59388
224.92740 1.75397
224.93879 1.87799
224.97002 1.98770
225.02324 2.08264
225.08799 2.15129
225.17130 2.20693
225.27296 2.24818
225.39128 2.27368
225.52287 2.28246
225.66308 2.27413
225.80687 2.24906
225.94985 2.20822
226.08893 2.15293
226.22249 2.08461
226.37084 1.99001
226.51191 1.88063
226.64742 1.75694
226.79840 1.59726
226.96842 1.39022
227.14720 1.14298
227.30307 0.90446
227.19960 1.22555
227.14771 1.45294
227.12705 1.62500
227.12944 1.77504
227.15142 1.89015
227.19359 1.99038
227.25764 2.07502
227.34479 2.14264
227.43782 2.18568
227.54645 2.21373
227.66804 2.22590
227.79882 2.22173
227.93457 2.20140
228.07132 2.16558
228.20607 2.11535
228.35831 2.04010
228.50420 1.94853
228.64411 1.84177
228.77939 1.72018
228.93095 1.56215
229.08316 1.38043
229.26286 1.13737
229.49527 0.78033
229.55157 0.68699
229.41267 1.07206
229.34408 1.32448
229.30899 1.53221
229.30255 1.69039
229.31618 1.81164
229.34891 1.91775
229.40221 2.00850
229.47732 2.08289
229.57460 2.13939
229.69278 2.17634
229.82848 2.19233
229.97645 2.18666
230.13063 2.15959
230.28554 2.11222
230.43733 2.04618
230.58403 1.96308
230.72526 1.86423
230.86183 1.75024
231.01429 1.60105
231.16624 1.42924
231.34308 1.20097
231.56391 0.87551
231.58895 0.83590
231.46794 1.18190
231.40413 1.42243
231.37325 1.60407
231.36509 1.76324
231.37744 1.88656
231.40976 1.99560
231.46426 2.08983
231.53024 2.15782
231.61489 2.21271
231.71793 2.25310
231.83755 2.27764
231.97025 2.28537
232.11128 2.27596
232.25555 2.24981
232.39871 2.20793
232.53775 2.15168
232.67113 2.08248
232.81920 1.98695
232.96000 1.87670
233.09529 1.75216
233.24612 1.59148
233.41621 1.38310
233.59545 1.13393
233.75233 0.89275
233.64784 1.21612
233.59564 1.44430
233.57483 1.61667
233.57710 1.76681
233.59891 1.88189
233.64077 1.98204
233.70433 2.06657
233.79072 2.13410
233.88289 2.17712
233.99048 2.20523
234.11090 2.21755
234.24050 2.21365
234.37515 2.19367
234.51097 2.15827
234.66701 2.09887
234.81781 2.02171
234.96248 1.92839
235.10148 1.81994
235.23623 1.69655
235.38770 1.53610
235.56003 1.32593
235.74381 1.07082
235.99100 0.68089
235.85024 1.06881
235.78059 1.32249
235.74451 1.53118
235.73719 1.69018
235.75003 1.81215
235.78198 1.91903
235.83452 2.01062
235.90899 2.08590
236.00583 2.14336
236.12386 2.18127
236.23942 2.19709
236.36486 2.19697
236.49631 2.18090
236.65226 2.14271
236.80651 2.08501
236.95619 2.00950
237.10024 1.91771
237.23901 1.81062
237.37377 1.68845
237.52544 1.52919
237.69812 1.32013
237.88234 1.06585
238.02139 0.85378
237.90322 1.19479
237.84086 1.43322
237.81107 1.61362
237.80400 1.77182
237.81739 1.89438
237.85087 2.00266
237.90670 2.09611
237.97394 2.16335
238.05992 2.21739
238.16428 2.25683
238.28509 2.28033
238.41873 2.28695
238.56037 2.27641
238.70493 2.24915
238.84809 2.20624
238.98695 2.14905
239.12005 2.07898
239.26775 1.98253
239.40823 1.87142
239.54328 1.74603
239.69398 1.58431
239.86420 1.37451
240.04404 1.12318
240.20215 0.87893
240.09624 1.20525
240.04348 1.43452
240.02234 1.60738
240.02429 1.75779
240.04575 1.87299
240.08713 1.97321
240.15001 2.05779
240.23549 2.12541
240.32668 2.16856
240.43313 2.19690
240.55234 2.20954
240.68075 2.20605
240.81433 2.18656
240.94928 2.15171
241.10457 2.09298
241.25490 2.01647
241.39930 1.92375
241.53820 1.81583
241.67295 1.69291
241.82451 1.53291
241.99700 1.32313
242.18100 1.06826
242.42863 0.67816
242.28659 1.06782
242.21609 1.32237
242.17919 1.53182
242.17111 1.69150
242.18327 1.81411
242.21456 1.92168
242.26651 2.01402
242.34051 2.09012
242.43710 2.14842
242.53711 2.18291
242.65096 2.20206
242.77553 2.20524
242.90693 2.19236
243.04124 2.16383
243.19722 2.11195
243.34915 2.04169
243.49542 1.95471
243.63601 1.85223
243.77197 1.73476
243.92400 1.58150
244.07609 1.40511
244.25426 1.17002
244.45512 0.87033
244.33966 1.20672
244.27877 1.44313
244.25011 1.62230
244.24418 1.77949
244.25865 1.90124
244.29335 2.00872
244.35053 2.10130
244.41902 2.16771
244.50627 2.22084
244.61184 2.25927
244.73368 2.28167
244.86807 2.28715
245.01012 2.27547
245.15475 2.24712
245.29774 2.20320
245.43628 2.14509
245.56900 2.07420
245.71627 1.97687
245.85639 1.86493
245.99120 1.73871
246.14180 1.57595
246.31220 1.36464
246.49277 1.11098
246.65232 0.86327
246.54459 1.19318
246.49105 1.42383
246.46940 1.59738
246.47085 1.74822
246.49181 1.86368
246.53255 1.96411
246.59460 2.04890
246.67902 2.11677
246.78567 2.16605
246.89324 2.19221
247.01303 2.20266
247.14144 2.19706
247.27451 2.17560
247.40860 2.13895
247.56269 2.07836
247.71183 2.00020
247.85522 1.90595
247.99339 1.79653
248.14673 1.65293
248.29827 1.48787
248.47237 1.27036
248.66116 1.00240
248.86448 0.67893
248.72181 1.06910
248.65071 1.32413
248.61315 1.53411
248.60445 1.69433
248.61607 1.81746
248.64683 1.92563
248.69835 2.01863
248.77207 2.09544
248.86863 2.15448
248.96885 2.18958
249.08317 2.20931
249.20842 2.21299
249.34064 2.20051
249.47581 2.17230
249.61052 2.12922
249.76398 2.06166
249.91172 1.97712
250.05350 1.87695
250.19027 1.76182
250.34264 1.61155
250.49429 1.43893
250.67056 1.21017
250.89028 0.88522
250.77734 1.21742
250.71790 1.45192
250.69039 1.62989
250.68564 1.78606
250.70122 1.90698
250.73714 2.01360
250.79565 2.10526
250.86534 2.17080
250.95377 2.22297
251.06040 2.26034
251.18309 2.28162
251.31801 2.28596
251.46024 2.27316
251.60475 2.24377
251.74741 2.19889
251.88550 2.13993
252.03921 2.05517
252.18491 1.95489
252.32378 1.84014
252.47668 1.69138
252.62696 1.52217
252.79896 1.30130
253.00724 0.99755
253.10265 0.84610
252.99271 1.18020
252.93818 1.41249
252.91586 1.58690
252.91665 1.73833
252.93695 1.85419
252.97690 1.95497
253.03799 2.04012
253.12125 2.10840
253.22655 2.15819
253.35189 2.18782
253.47218 2.19625
253.60056 2.18870
253.75541 2.16004
253.91059 2.11116
254.06235 2.04371
254.20885 1.95932
254.34983 1.85925
254.48617 1.74410
254.63848 1.59353
254.79049 1.42016
254.96781 1.18953
255.19047 0.85915
255.29867 0.68315
255.15602 1.07263
255.08456 1.32773
255.04653 1.53799
255.03737 1.69859
255.04858 1.82214
255.07898 1.93080
255.13023 2.02434
255.20387 2.10174
255.28539 2.15402
255.38341 2.19210
255.49618 2.21489
255.62067 2.22164
255.75296 2.21210
255.88885 2.18662
256.02472 2.14603
256.17975 2.08105
256.32900 1.99883
256.47204 1.90082
256.60967 1.78787
256.76249 1.64034
256.91385 1.47113
257.08853 1.24798
257.27977 0.97132
257.32695 0.89815
257.21633 1.22664
257.15830 1.45938
257.13192 1.63620
257.12834 1.79137
257.14503 1.91144
257.18215 2.01719
257.24193 2.10789
257.31273 2.17252
257.40221 2.22371
257.50974 2.26002
257.63305 2.28020
257.76827 2.28342
257.91045 2.26956
258.05465 2.23919
258.19683 2.19344
258.33438 2.13370
258.48749 2.04814
258.63268 1.94713
258.77119 1.83166
258.92387 1.68202
259.07418 1.51174
259.24659 1.28918
259.45626 0.98193
259.55291 0.82776
259.44043 1.16661
259.38472 1.40077
259.36157 1.57620
259.36155 1.72837
259.38108 1.84476
259.42013 1.94602
259.48014 2.03166
259.56215 2.10050
259.66606 2.15095
259.78997 2.18136
259.92986 2.19053
260.08010 2.17805
260.23473 2.14448
260.38873 2.09111
260.53885 2.01959
260.68367 1.93149
260.82322 1.82790
260.95859 1.70919
261.11052 1.55413
261.26319 1.37517
261.44326 1.13522
261.67538 0.78264
261.73136 0.69068
261.58935 1.07830
261.51780 1.33306
261.47949 1.54337
261.47003 1.70418
261.48098 1.82802
261.51119 1.93705
261.56236 2.03102
261.63613 2.10888
261.71797 2.16156
261.81654 2.19999
261.93009 2.22308
262.05555 2.23004
262.18888 2.22060
262.32581 2.19512
262.46259 2.15445
262.59656 2.09972
262.74735 2.01968
262.89167 1.92371
263.03023 1.81276
263.18356 1.66773
263.33476 1.50159
263.50814 1.28342
263.69576 1.01577
263.76519 0.90886
263.65665 1.23417
263.59994 1.46534
263.57467 1.64108
263.57223 1.79529
263.58999 1.91452
263.62824 2.01938
263.68921 2.10911
263.76099 2.17284
263.85136 2.22304
263.95957 2.25832
264.08328 2.27742
264.21856 2.27960
264.36048 2.26476
264.50419 2.23350
264.64577 2.18697
264.78269 2.12656
264.93515 2.04031
265.07982 1.93866
265.21799 1.82255
265.37048 1.67210
265.52085 1.50080
265.69374 1.27655
265.90491 0.96571
266.00291 0.80866
265.88758 1.15272
265.83052 1.38896
265.80642 1.56555
265.80547 1.71858
265.82411 1.83560
265.86217 1.93746
265.92103 2.02373
266.00174 2.09326
266.10425 2.14449
266.22676 2.17580
266.36537 2.18598
266.51461 2.17458
266.66855 2.14209
266.82216 2.08978
266.97214 2.01926
267.11696 1.93209
267.25660 1.82936
267.39207 1.71147
267.54407 1.55737
267.69671 1.37946
267.87650 1.14107
268.10739 0.79185
268.16278 0.70124
268.02200 1.08595
267.95060 1.34000
267.91222 1.55011
267.90262 1.71097
267.91347 1.83498
267.94365 1.94425
267.99494 2.03852
268.06903 2.11670
268.15138 2.16963
268.25068 2.20828
268.36519 2.23151
268.49174 2.23850
268.62621 2.22899
268.76421 2.20335
268.90192 2.16243
269.03662 2.10742
269.18802 2.02705
269.33271 1.93077
269.47146 1.81957
269.62483 1.67437
269.77591 1.50820
269.94898 1.29028
270.13595 1.02348
270.20501 0.91716
270.09828 1.23985
270.04279 1.46964
270.01856 1.64440
270.01721 1.79770
270.03596 1.91612
270.07527 2.02011
270.13728 2.10890
270.20990 2.17174
270.30097 2.22100
270.40964 2.25528
270.53351 2.27339
270.66861 2.27461
270.81008 2.25889
270.95315 2.22687
271.09401 2.17968
271.23026 2.11870
271.38203 2.03187
271.52619 1.92969
271.66402 1.81303
271.81636 1.66187
271.96682 1.48961
272.14023 1.26374
272.35300 0.94927
272.45243 0.78922
272.33399 1.13889
272.27547 1.37735
272.25031 1.55520
272.24833 1.70919
272.26601 1.82695
272.30299 1.92952
272.36065 2.01651
272.44004 2.08683
272.54117 2.13896
272.66233 2.17128
272.79978 2.18256
272.94813 2.17231
273.10151 2.14098
273.25486 2.08977
273.40479 2.02028
273.54970 1.93406
273.68948 1.83222
273.82508 1.71521
273.97715 1.56213
274.12973 1.38538
274.30913 1.14877
274.53852 0.80350
274.59320 0.71447
274.45414 1.09538
274.38314 1.34836
274.34488 1.55804
274.33532 1.71880
274.34623 1.84283
274.37656 1.95222
274.42815 2.04665
274.50277 2.12500
274.58580 2.17805
274.68602 2.21676
274.80162 2.23996
274.92939 2.24681
275.06506 2.23706
275.20414 2.21108
275.34275 2.16977
275.47813 2.11435
275.63007 2.03349
275.77508 1.93676
275.91396 1.82519
276.06733 1.67964
276.21829 1.51326
276.39109 1.29531
276.57760 1.02889
276.64642 0.92289
276.54119 1.24354
276.48678 1.47218
276.46350 1.64608
276.46313 1.79854
276.48280 1.91620
276.52303 2.01937
276.58593 2.10726
276.65921 2.16926
276.75076 2.21762
276.85967 2.25098
276.98345 2.26820
277.11816 2.26858
277.25899 2.25211
277.40129 2.21946
277.54137 2.17174
277.67690 2.11033
277.82798 2.02306
277.97164 1.92046
278.10917 1.80336
278.26138 1.65157
278.41198 1.47846
278.58593 1.25105
278.80033 0.93301
278.90125 0.76993
278.77954 1.12546
278.71945 1.36622
278.69316 1.54541
278.69008 1.70045
278.70674 1.81901
278.74260 1.92236
278.79904 2.01017
278.87711 2.08138
278.97690 2.13449
279.09680 2.16790
279.23319 2.18035
279.38079 2.17130
279.53376 2.14115
279.68698 2.09106
279.83698 2.02262
279.98205 1.93736
280.12202 1.83643
280.25778 1.72030
280.40993 1.56829
280.56242 1.39278
280.74135 1.15811
280.96901 0.81721
281.02290 0.72992
280.88600 1.10633
280.81561 1.35793
280.77766 1.56698
280.76832 1.72747
280.77945 1.85141
280.81010 1.96078
280.86218 2.05523
280.93753 2.13359
281.02142 2.18661
281.12270 2.22523
281.23953 2.24822
281.36858 2.25477
281.50548 2.24461
281.64564 2.21813
281.78510 2.17628
281.92109 2.12030
282.07348 2.03883
282.21871 1.94153
282.35767 1.82946
282.51099 1.68343
282.66184 1.51667
282.83443 1.29841
283.02065 1.03189
283.08934 0.92594
282.98529 1.24516
282.93181 1.47291
282.90936 1.64609
282.90986 1.79781
282.93031 1.91477
282.97131 2.01718
283.03491 2.10423
283.10867 2.16546
283.20048 2.21301
283.30939 2.24556
283.43286 2.26199
283.56698 2.26167
283.70703 2.24461
283.84846 2.21146
283.98769 2.16337
284.12248 2.10164
284.27289 2.01407
284.41608 1.91118
284.55332 1.79375
284.70544 1.64146
284.85620 1.46761
285.03072 1.23880
285.24675 0.91735
285.34916 0.75126
285.22408 1.11275
285.16237 1.35586
285.13491 1.53642
285.13068 1.69255
285.14629 1.81197
285.18103 1.91617
285.23624 2.00485
285.31303 2.07702
285.41154 2.13118
285.53029 2.16573
285.66577 2.17939
285.81277 2.17157
285.96547 2.14261
286.11870 2.09364
286.26887 2.02622
286.41419 1.94191
286.55441 1.84188
286.69035 1.72664
286.84260 1.57570
286.99497 1.40148
287.17338 1.16884
287.39916 0.83259
287.45221 0.74713
287.31778 1.11850
287.24822 1.36847
287.21077 1.57670
287.20181 1.73677
287.21331 1.86049
287.24445 1.96971
287.29720 2.06404
287.37348 2.14227
287.45837 2.19511
287.56085 2.23347
287.67899 2.25610
287.80938 2.26217
287.94751 2.25143
288.08869 2.22431
288.22891 2.18179
288.36542 2.12514
288.51816 2.04292
288.66353 1.94495
288.80249 1.83227
288.95574 1.68563
289.10646 1.51832
289.27891 1.29950
289.46502 1.03242
289.53369 0.92626
289.43047 1.24467
289.37773 1.47180
289.35598 1.64441
289.35721 1.79551
289.37830 1.91186
289.41990 2.01359
289.48400 2.09989
289.55802 2.16044
289.64988 2.20728
289.75855 2.23915
289.88151 2.25495
290.01486 2.25408
290.15400 2.23657
290.29449 2.20310
290.43286 2.15477
290.56691 2.09287
290.71666 2.00515
290.85941 1.90209
290.99641 1.78445
291.14847 1.63179
291.29940 1.45733
291.47448 1.22729
291.69210 0.90270
291.79595 0.73372
291.66751 1.10111
291.60419 1.34652
291.57553 1.52846
291.57015 1.68570
291.58470 1.80600
291.61831 1.91108
291.67233 2.00069
291.74789 2.07386
291.84522 2.12911
291.96294 2.16483
292.09766 2.17970
292.24424 2.17311
292.39683 2.14532
292.55020 2.09744
292.70065 2.03101
292.84631 1.94761
292.98682 1.84845
293.12298 1.73406
293.27532 1.58418
293.42757 1.41124
293.60541 1.18069
293.82923 0.84920
293.88143 0.76558
293.74971 1.13159
293.68116 1.37972
293.64437 1.58696
293.63595 1.74648
293.64799 1.86987
293.67978 1.97881
293.73338 2.07288
293.79818 2.14073
293.88117 2.19556
293.98209 2.23602
294.09919 2.26084
294.22919 2.26908
294.36757 2.26042
294.50953 2.23521
294.65085 2.19438
294.78856 2.13921
294.94261 2.05853
295.08906 1.96195
295.22880 1.85063
295.36354 1.72485
295.51439 1.56230
295.68540 1.35073
295.86712 1.09580
295.97938 0.92383
295.87662 1.24209
295.82441 1.46889
295.80319 1.64110
295.80498 1.79170
295.82655 1.90755
295.86858 2.00870
295.93295 2.09437
296.00703 2.15434
296.09871 2.20061
296.20694 2.23192
296.32920 2.24724
296.46164 2.24598
296.59977 2.22821
296.73928 2.19456
296.87676 2.14615
297.01010 2.08423
297.15923 1.99649
297.30158 1.89341
297.43837 1.77568
297.59041 1.62279
297.74152 1.44788
297.91714 1.21681
298.13622 0.88944
298.24144 0.71782
298.10976 1.09083
298.04485 1.33843
298.01501 1.52171
298.00848 1.68004
298.02200 1.80125
298.05451 1.90722
298.10739 1.99778
298.18181 2.07196
298.27808 2.12831
298.39492 2.16520
298.52905 2.18129
298.67537 2.17589
298.82803 2.14923
298.98168 2.10238
299.13253 2.03688
299.27859 1.95433
299.41945 1.85597
299.55585 1.74239
299.70830 1.59352
299.86042 1.42184
300.03767 1.19336
300.23507 0.90470
300.31087 0.78478
300.18202 1.14525
300.11461 1.39140
300.07865 1.59751
300.07092 1.75637
300.08363 1.87930
300.11622 1.98785
300.17082 2.08153
300.23667 2.14900
300.32089 2.20338
300.42316 2.24329
300.54167 2.26745
300.67299 2.27494
300.81252 2.26543
300.95534 2.23932
301.09723 2.19760
301.23526 2.14159
301.38943 2.05997
301.53585 1.96255
301.67547 1.85046
301.81008 1.72396
301.96079 1.56059
302.13177 1.34803
302.31368 1.09179
302.42625 0.91871
302.32356 1.23747
302.27167 1.46423
302.25081 1.63623
302.25299 1.78649
302.27487 1.90195
302.31711 2.00264
302.38154 2.08780
302.45547 2.14732
302.54678 2.19315
302.65438 2.22407
302.77576 2.23907
302.90719 2.23760
303.04425 2.21972
303.18274 2.18608
303.31936 2.13773
303.47365 2.06439
303.62123 1.97452
303.76237 1.86943
303.89837 1.74964
304.05008 1.59409
304.20162 1.41576
304.37904 1.17889
304.60407 0.83786
304.68545 0.70405
304.60621 0.99626
304.57612 1.20906
304.57764 1.35926
304.60193 1.48155
304.64742 1.57939
304.71299 1.65411
304.79729 1.70595
304.89829 1.73468
305.01330 1.74007
305.13915 1.72205
305.27267 1.68080
305.41126 1.61659
305.55326 1.52946
305.69823 1.41867
305.84721 1.28195
306.02364 1.09005
306.22048 0.83756
306.16906 1.08447
306.15729 1.27162
306.17257 1.40421
306.20948 1.51076
306.26664 1.59351
306.34271 1.65321
306.43593 1.68990
306.54392 1.70340
306.66380 1.69362
306.79255 1.66062
306.92753 1.60459
307.06684 1.52555
307.20971 1.42291
307.35675 1.29473
307.51047 1.13635
307.69910 0.90791
307.79338 0.77957
307.73264 1.04202
307.71487 1.23768
307.72570 1.37580
307.75850 1.48706
307.81175 1.57418
307.88414 1.63814
307.97401 1.67911
308.07909 1.69694
308.19661 1.69150
308.32357 1.66283
308.45724 1.61111
308.59559 1.53638
308.73763 1.43818
308.88372 1.31487
309.03595 1.16237
309.22126 0.94369
309.31267 0.82238
309.25511 1.07819
309.23850 1.27175
309.24993 1.40944
309.28334 1.52097
309.33742 1.60874
309.41100 1.67356
309.50246 1.71542
309.60951 1.73407
309.72919 1.72934
309.85833 1.70127
309.99396 1.65010
310.13389 1.57604
310.27696 1.47882
310.42335 1.35714
310.57493 1.20753
310.75750 0.99541
310.84632 0.87960
310.79750 1.12106
310.78637 1.28798
310.79941 1.42377
310.83432 1.53374
310.88989 1.62012
310.96494 1.68359
311.05782 1.72409
311.16617 1.74136
311.28700 1.73521
311.41707 1.70571
311.55343 1.65312
311.69388 1.57765
311.83735 1.47904
311.98407 1.35593
312.13600 1.20478
312.31918 0.99048
312.43200 0.84102
312.38098 1.08722
312.36946 1.27402
312.38492 1.40641
312.42200 1.51281
312.47932 1.59543
312.55556 1.65501
312.64896 1.69158
312.75712 1.70497
312.87716 1.69505
313.00605 1.66193
313.14114 1.60577
313.28053 1.52661
313.42347 1.42385
313.57054 1.29557
313.72427 1.13711
313.91290 0.90860
314.00717 0.78025
313.94667 1.04234
313.92908 1.23776
313.94005 1.37570
313.97298 1.48677
314.02634 1.57371
314.09882 1.63749
314.18876 1.67828
314.29388 1.69593
314.41142 1.69031
314.53838 1.66146
314.67203 1.60956
314.81036 1.53465
314.95240 1.43626
315.09851 1.31271
315.25083 1.15990
315.43635 0.94064
315.52795 0.81889
315.46998 1.07544
315.45313 1.26935
315.46439 1.40724
315.49763 1.51891
315.55155 1.60680
315.62496 1.67172
315.71625 1.71369
315.82312 1.73246
315.94264 1.72785
316.07163 1.69991
316.20714 1.64887
316.34698 1.57492
316.48998 1.47782
316.63633 1.35624
316.78788 1.20671
316.97046 0.99466
317.05929 0.87886
317.01024 1.12066
316.99895 1.28779
317.01184 1.42377
317.04661 1.53393
317.10206 1.62050
317.17700 1.68415
317.26981 1.72484
317.37812 1.74230
317.49893 1.73633
317.62901 1.70701
317.76538 1.65460
317.90586 1.57931
318.04933 1.48089
318.19603 1.35801
318.34789 1.20715
318.53089 0.99337
318.64350 0.84442
318.59286 1.08994
318.58157 1.27641
318.59720 1.40862
318.63443 1.51488
318.69191 1.59739
318.76832 1.65686
318.86189 1.69333
318.97022 1.70660
319.09042 1.69657
319.21945 1.66333
319.35465 1.60706
319.49413 1.52778
319.63712 1.42492
319.78424 1.29655
319.93798 1.13803
320.12658 0.90951
320.22082 0.78119
320.16060 1.04286
320.14320 1.23801
320.15432 1.37575
320.18739 1.48663
320.24087 1.57338
320.31346 1.63698
320.40347 1.67757
320.50866 1.69503
320.62622 1.68922
320.75318 1.66019
320.88682 1.60810
321.02515 1.53301
321.16720 1.43441
321.31334 1.31062
321.46573 1.15749
321.65147 0.93764
321.74327 0.81544
321.68489 1.07271
321.66781 1.26696
321.67891 1.40503
321.71201 1.51684
321.76577 1.60484
321.83901 1.66986
321.93013 1.71192
322.03683 1.73079
322.15618 1.72629
322.28503 1.69845
322.42043 1.64753
322.56016 1.57369
322.70310 1.47669
322.84941 1.35519
323.00095 1.20573
323.18354 0.99371
323.27240 0.87789
323.22309 1.12007
323.21162 1.28744
323.22434 1.42362
323.25897 1.53398
323.31428 1.62073
323.38912 1.68458
323.48184 1.72547
323.59008 1.74312
323.71087 1.73735
323.84094 1.70822
323.97732 1.65599
324.11781 1.58089
324.26129 1.48267
324.40797 1.36002
324.55977 1.20945
324.74258 0.99619
324.85498 0.84775
324.80471 1.09262
324.79363 1.27878
324.80941 1.41082
324.84679 1.51695
324.90443 1.59936
324.98100 1.65874
325.07474 1.69512
325.18323 1.70830
325.30358 1.69817
325.43275 1.66482
325.56806 1.60844
325.70763 1.52907
325.85068 1.42612
325.99783 1.29769
326.15157 1.13912
326.34014 0.91062
326.43434 0.78237
326.37441 1.04357
326.35722 1.23843
326.36851 1.37595
326.40173 1.48664
326.45535 1.57319
326.52805 1.63659
326.61816 1.67699
326.72340 1.69424
326.84100 1.68824
326.96798 1.65902
327.10162 1.60674
327.23995 1.53145
327.38200 1.43264
327.52818 1.30861
327.68065 1.15515
327.86661 0.93470
327.95860 0.81205
327.89984 1.07002
327.88254 1.26460
327.89350 1.40284
327.92645 1.51476
327.98006 1.60285
328.05316 1.66796
328.14411 1.71011
328.25064 1.72906
328.36983 1.72465
328.49853 1.69692
328.63381 1.64609
328.77345 1.57235
328.91632 1.47543
329.06260 1.35401
329.21412 1.20459
329.39674 0.99256
329.48563 0.87669
329.43604 1.11930
329.42438 1.28692
329.43693 1.42332
329.47141 1.53387
329.52657 1.62083
329.60128 1.68488
329.69390 1.72597
329.80208 1.74382
329.92282 1.73825
330.05288 1.70932
330.18926 1.65729
330.32976 1.58238
330.47323 1.48436
330.61990 1.36194
330.77163 1.21167
330.95426 0.99894
331.06645 0.85098
331.01653 1.09525
331.00527 1.26261
331.01837 1.39799
331.05327 1.50709
331.10858 1.59232
331.18302 1.65449
331.27489 1.69368
331.38185 1.70968
331.50104 1.70238
331.62941 1.67183
331.76419 1.61824
331.90338 1.54167
332.04606 1.44166
332.19263 1.31653
332.34533 1.16212
332.53134 0.94085
332.64771 0.78379
332.58811 1.04447
332.57116 1.23901
332.58262 1.37630
332.61599 1.48679
332.66975 1.57314
332.74258 1.63633
332.83279 1.67653
332.93812 1.69358
333.05576 1.68737
333.18276 1.65795
333.31642 1.60548
333.45475 1.52999
333.59682 1.43096
333.74302 1.30668
333.89558 1.15289
334.08175 0.93185
334.17394 0.80875
334.11481 1.06739
334.09732 1.26227
334.10813 1.40067
334.14096 1.51269
334.19444 1.60087
334.26738 1.66604
334.35818 1.70826
334.46454 1.72729
334.58358 1.72295
334.71214 1.69531
334.84729 1.64456
334.98684 1.57090
335.12965 1.47406
335.27588 1.35268
335.42740 1.20329
335.61006 0.99121
335.69899 0.87527
335.64910 1.11834
335.63724 1.28624
335.64961 1.42286
335.68392 1.53363
335.73893 1.62079
335.81350 1.68504
335.90601 1.72634
336.01411 1.74440
336.13480 1.73904
336.26483 1.71031
336.40121 1.65847
336.54170 1.58376
336.68518 1.48596
336.83181 1.36378
336.98348 1.21381
337.16594 1.00158
337.27793 0.85411
337.22832 1.09781
337.21723 1.26492
337.23046 1.40016
337.26549 1.50916
337.32093 1.59431
337.39551 1.65642
337.48753 1.69554
337.59465 1.71148
337.71400 1.70411
337.84250 1.67348
337.97739 1.61981
338.11668 1.54317
338.25941 1.44310
338.40602 1.31794
338.55872 1.16353
338.74466 0.94235
338.86095 0.78545
338.80171 1.04555
338.78499 1.23976
338.79664 1.37681
338.83018 1.48708
338.88409 1.57322
338.95706 1.63621
339.04738 1.67620
339.15279 1.69304
339.27050 1.68663
339.39753 1.65700
339.53120 1.60433
339.66954 1.52863
339.81163 1.42938
339.95787 1.30484
340.11051 1.15073
340.29690 0.92909
340.38928 0.80555
340.32980 1.06483
340.31213 1.25999
340.32282 1.39853
340.35552 1.51064
340.40888 1.59888
340.48169 1.66411
340.57233 1.70638
340.67854 1.72547
340.79743 1.72120
340.92584 1.69362
341.06088 1.64295
341.20033 1.56936
341.34307 1.47257
341.48928 1.35123
341.64079 1.20184
341.82350 0.98968
341.91249 0.87364
341.86228 1.11721
341.85019 1.28540
341.86238 1.42226
341.89651 1.53324
341.95136 1.62061
342.02579 1.68507
342.11818 1.72658
342.22618 1.74485
342.34680 1.73970
342.47680 1.71118
342.61316 1.65955
342.75365 1.58504
342.89712 1.48745
343.04373 1.36551
343.19533 1.21584
343.37762 1.00412
343.48942 0.85711
343.44010 1.10028
343.42916 1.26718
343.44251 1.40229
343.47765 1.51121
343.53321 1.59630
343.60793 1.65836
343.70009 1.69743
343.80737 1.71332
343.92686 1.70589
344.05549 1.67520
344.19050 1.62146
344.32987 1.54476
344.47267 1.44466
344.61931 1.31947
344.77200 1.16508
344.95787 0.94404
345.07405 0.78733
345.01519 1.04681
344.99873 1.24066
345.01056 1.37747
345.04428 1.48752
345.09836 1.57345
345.17147 1.63623
345.26191 1.67600
345.36742 1.69263
345.48519 1.68601
345.61227 1.65617
345.74597 1.60329
345.88433 1.52738
346.02643 1.42791
346.17272 1.30311
346.32544 1.14866
346.51204 0.92645
346.60461 0.80246
346.54481 1.06235
346.52696 1.25777
346.53754 1.39643
346.57014 1.50862
346.62338 1.59691
346.69606 1.66218
346.78657 1.70449
346.89263 1.72362
347.01137 1.71941
347.13965 1.69188
347.27456 1.64127
347.41393 1.56773
347.55660 1.47098
347.70277 1.34966
347.85429 1.20024
348.03706 0.98797
348.12612 0.87181
348.07556 1.11591
348.06325 1.28440
348.07525 1.42151
348.10919 1.53271
348.16387 1.62029
348.23815 1.68496
348.33040 1.72668
348.43829 1.74517
348.55885 1.74024
348.68880 1.71193
348.82514 1.66050
348.96562 1.58621
349.10907 1.48883
349.25565 1.36713
349.40718 1.21776
349.58931 1.00654
349.70092 0.85999
349.65188 1.10267
349.64107 1.26936
349.65452 1.40436
349.68976 1.51322
349.74544 1.59826
349.82027 1.66029
349.91257 1.69933
350.01999 1.71518
350.13963 1.70770
350.26839 1.67697
350.40352 1.62318
350.54298 1.54644
350.68583 1.44631
350.83250 1.32112
350.98517 1.16678
351.17095 0.94590
351.28701 0.78942
351.22855 1.04825
351.21236 1.24172
351.22440 1.37827
351.25830 1.48809
351.31254 1.57381
351.38580 1.63638
351.47638 1.67594
351.58200 1.69235
351.69985 1.68551
351.82698 1.65546
351.96071 1.60237
352.09909 1.52624
352.24122 1.42655
352.38755 1.30149
352.54036 1.14672
352.72717 0.92392
352.81992 0.79950
352.75981 1.05996
352.74182 1.25562
352.75230 1.39438
352.78480 1.50664
352.83795 1.59497
352.91051 1.66026
353.00089 1.70260
353.10681 1.72176
353.22541 1.71757
353.35355 1.69009
353.48835 1.63952
353.62762 1.56602
353.77023 1.46929
353.91637 1.34797
354.06790 1.19851
354.25074 0.98608
354.33988 0.86977
354.28896 1.11445
354.27642 1.28325
354.28821 1.42061
354.32197 1.53203
354.37647 1.61983
354.45058 1.68472
354.54269 1.72666
354.65047 1.74537
354.77093 1.74065
354.90083 1.71255
355.03714 1.66134
355.17760 1.58725
355.32103 1.49010
355.46758 1.36864
355.61905 1.21956
355.80103 1.00883
355.91246 0.86271
355.86365 1.10495
355.85296 1.27147
355.86650 1.40638
355.90183 1.51518
355.95760 1.60020
356.03255 1.66221
356.12498 1.70123
356.23253 1.71706
356.35231 1.70955
356.48120 1.67878
356.61644 1.62497
356.75598 1.54820
356.89889 1.44805
357.04558 1.32287
357.19824 1.16860
357.38392 0.94793
357.49985 0.79171
357.44181 1.04985
357.42589 1.24293
357.43813 1.37922
357.47222 1.48881
357.52664 1.57431
357.60007 1.63666
357.69079 1.67600
357.79652 1.69220
357.91446 1.68514
358.04165 1.65488
358.17542 1.60157
358.31383 1.52523
358.45599 1.42530
358.60237 1.29999
358.75525 1.14489
358.94226 0.92154
359.03519 0.79669
358.97481 1.05768
358.95669 1.25354
358.96708 1.39240
358.99951 1.50470
359.05256 1.59305
359.12503 1.65836
359.21528 1.70070
359.32107 1.71988
359.43953 1.71571
359.56754 1.68826
359.70223 1.63771
359.84141 1.56423
359.98396 1.46752
360.13007 1.34618
360.28161 1.19666
360.46455 0.98403
360.55378 0.86755
360.50247 1.11283
360.48969 1.28196
360.50127 1.41958
360.53483 1.53123
360.58915 1.61924
360.66309 1.68434
360.75505 1.72650
360.86270 1.74543
360.98307 1.74092
361.11290 1.71305
361.24917 1.66205
361.38961 1.58818
361.53301 1.49124
361.67953 1.37003
361.83094 1.22124
362.01277 1.01097
362.12403 0.86528
362.07543 1.10712
362.06484 1.27349
362.07846 1.40832
362.11387 1.51709
362.16972 1.60210
362.24477 1.66410
362.33731 1.70312
362.44500 1.71894
362.56490 1.71142
362.69392 1.68064
362.82927 1.62680
362.96890 1.55002
363.11186 1.44987
363.25857 1.32473
363.41121 1.17054
363.59678 0.95011
363.71255 0.79419
363.65495 1.05160
363.63932 1.24428
363.65177 1.38030
363.68606 1.48966
363.74066 1.57494
363.81425 1.63707
363.90512 1.67620
364.01098 1.69218
364.12901 1.68490
364.25628 1.65442
364.39009 1.60090
364.52854 1.52434
364.67073 1.42419
364.81715 1.29862
364.97012 1.14320
365.15733 0.91930
365.25043 0.79405
365.18980 1.05551
365.17156 1.25156
365.18189 1.39049
365.21425 1.50282
365.26722 1.59118
365.33960 1.65648
365.42974 1.69882
365.53541 1.71799
365.65374 1.71384
365.78163 1.68639
365.91620 1.63586
366.05530 1.56238
366.19779 1.46566
366.34387 1.34429
366.49543 1.19468
366.67847 0.98182
366.76780 0.86514
366.71610 1.11105
366.70307 1.28053
366.71443 1.41841
366.74779 1.53029
366.80192 1.61851
366.87568 1.68383
366.96748 1.72621
367.07500 1.74535
367.19527 1.74107
367.32502 1.71341
367.46124 1.66263
367.60165 1.58898
367.74503 1.49226
367.89151 1.37128
368.04286 1.22278
368.22454 1.01297
368.33565 0.86768
368.28723 1.10917
368.27672 1.27541
368.29040 1.41018
368.32587 1.51894
368.38179 1.60395
368.45693 1.66596
368.54958 1.70499
368.65738 1.72082
368.77741 1.71331
368.90656 1.68252
369.04201 1.62867
369.18172 1.55189
369.32474 1.45176
369.47147 1.32667
369.62407 1.17259
369.80952 0.95244
369.92513 0.79685
369.86798 1.05351
369.85264 1.24577
369.86532 1.38152
369.89980 1.49064
369.95459 1.57570
370.02836 1.63762
370.11938 1.67653
370.22537 1.69229
370.34351 1.68480
370.47085 1.65410
370.60472 1.60036
370.74321 1.52358
370.88544 1.42320
371.03191 1.29738
371.18496 1.14166
371.37235 0.91722
371.46561 0.79158
371.40477 1.05347
371.38643 1.24968
371.39671 1.38866
371.42901 1.50101
371.48193 1.58936
371.55422 1.65464
371.64427 1.69696
371.74982 1.71611
371.86803 1.71195
371.99580 1.68450
372.13027 1.63396
372.26928 1.56048
372.41171 1.46374
372.55777 1.34231
372.70935 1.19259
372.89251 0.97947
372.98194 0.86256
372.92983 1.10914
372.91655 1.27896
372.92769 1.41711
372.96085 1.52922
373.01478 1.61766
373.08836 1.68319
373.17999 1.72578
373.28737 1.74515
373.40752 1.74109
373.53720 1.71365
373.67336 1.66308
373.81373 1.58964
373.95708 1.49314
374.10352 1.37240
374.25481 1.22418
374.43636 1.01480
374.54732 0.86989
374.49905 1.11108
374.48861 1.27722
374.50233 1.41196
374.53785 1.52071
374.59383 1.60574
374.66904 1.66778
374.76179 1.70684
374.86970 1.72269
374.98985 1.71519
375.11911 1.68442
375.25466 1.63058
375.39445 1.55382
375.53752 1.45372
375.68427 1.32870
375.83684 1.17474
376.02215 0.95490
376.13759 0.79967
376.08091 1.05555
376.06587 1.24739
376.07876 1.38286
376.11345 1.49174
376.16843 1.57658
376.24237 1.63829
376.33356 1.67698
376.43969 1.69253
376.55794 1.68482
376.68537 1.65390
376.81930 1.59995
376.95783 1.52295
377.10010 1.42235
377.24662 1.29628
377.39975 1.14026
377.58731 0.91531
377.68073 0.78930
377.61970 1.05157
377.60130 1.24791
377.61153 1.38693
377.64380 1.49927
377.69666 1.58759
377.76889 1.65284
377.85885 1.69513
377.96430 1.71425
378.08239 1.71006
378.21005 1.68259
378.34442 1.63203
378.48335 1.55853
378.62573 1.46175
378.77177 1.34025
378.92338 1.19041
379.10666 0.97699
379.19621 0.85983
379.14368 1.10709
379.13014 1.27727
379.14106 1.41569
379.17401 1.52803
379.22775 1.61669
379.30113 1.68243
379.39259 1.72523
379.49982 1.74481
379.61985 1.74097
379.74943 1.71375
379.88553 1.66340
380.02585 1.59017
380.16917 1.49389
380.31558 1.37338
380.46681 1.22542
380.64823 1.01646
380.75905 0.87192
380.71090 1.11285
380.70050 1.27891
380.71426 1.41364
380.74980 1.52240
380.80583 1.60746
380.88111 1.66955
380.97394 1.70865
381.08195 1.72454
381.20221 1.71708
381.33158 1.68633
381.46723 1.63252
381.60710 1.55579
381.75022 1.45574
381.89697 1.33079
382.04951 1.17698
382.23468 0.95748
382.34993 0.80263
382.29373 1.05772
382.27899 1.24913
382.29210 1.38432
382.32699 1.49297
382.38217 1.57759
382.45630 1.63908
382.54766 1.67757
382.65393 1.69290
382.77231 1.68497
382.89982 1.65384
383.03382 1.59967
383.17240 1.52247
383.31472 1.42164
383.46129 1.29533
383.61449 1.13902
383.80222 0.91358
383.89578 0.78722
383.83460 1.04982
383.81614 1.24625
383.82635 1.38529
383.85859 1.49761
383.91142 1.58590
383.98359 1.65110
384.07348 1.69334
384.17884 1.71241
384.29683 1.70818
384.42438 1.68067
384.55865 1.63008
384.69750 1.55654
384.83984 1.45971
384.98586 1.33813
385.13750 1.18813
385.32091 0.97438
385.41060 0.85695
385.35763 1.10492
385.34383 1.27547
385.35453 1.41415
385.38727 1.52672
385.44081 1.61559
385.51400 1.68154
385.60528 1.72456
385.71235 1.74435
385.83225 1.74072
385.96173 1.71371
386.09776 1.66358
386.23803 1.59056
386.38131 1.49449
386.52767 1.37421
386.67885 1.22651
386.86015 1.01795
386.97084 0.87374
386.92279 1.11447
386.91242 1.28048
386.92619 1.41521
386.96175 1.52401
387.01781 1.60912
387.09314 1.67126
387.18604 1.71042
387.29414 1.72636
387.41450 1.71894
387.54398 1.68824
387.67972 1.63447
387.81966 1.55778
387.96283 1.45779
388.10960 1.33295
388.26209 1.17930
388.44711 0.96016
388.56217 0.80573
388.50644 1.06000
388.49201 1.25098
388.50535 1.38589
388.54045 1.49431
388.59582 1.57871
388.67014 1.64000
388.76167 1.67828
388.86809 1.69340
388.98660 1.68526
389.11421 1.65392
389.24829 1.59954
389.38692 1.52212
389.52928 1.42108
389.67590 1.29454
389.82917 1.13794
390.01706 0.91205
390.11076 0.78535
390.04945 1.04822
390.03097 1.24472
390.04116 1.38376
390.07340 1.49604
390.12620 1.58428
390.19833 1.64942
390.28816 1.69159
390.39344 1.71061
390.51133 1.70632
390.63879 1.67876
390.77297 1.62812
390.91174 1.55453
391.05403 1.45762
391.20004 1.33594
391.35172 1.18578
391.53528 0.97166
391.62510 0.85393
391.57169 1.10263
391.55763 1.27355
391.56810 1.41251
391.60064 1.52531
391.65397 1.61439
391.72696 1.68054
391.81806 1.72376
391.92496 1.74376
392.04473 1.74034
392.17410 1.71355
392.31005 1.66362
392.45026 1.59081
392.59350 1.49496
392.73983 1.37489
392.89095 1.22745
393.07214 1.01926
393.18271 0.87536
393.13473 1.11594
393.12436 1.28192
393.13813 1.41667
393.17370 1.52551
393.22977 1.61069
393.30513 1.67290
393.39809 1.71213
393.50628 1.72814
393.62673 1.72079
393.75630 1.69014
393.89213 1.63643
394.03215 1.55980
394.17536 1.45989
394.32213 1.33515
394.47459 1.18169
394.65944 0.96294
394.77430 0.80894
394.71906 1.06239
394.70493 1.25293
394.71849 1.38757
394.75380 1.49575
394.80938 1.57995
394.88388 1.64103
394.97559 1.67910
395.08217 1.69402
395.20081 1.68567
395.32853 1.65412
395.46268 1.59953
395.60138 1.52191
395.74379 1.42066
395.89045 1.29389
396.04379 1.13703
396.23183 0.91071
396.32565 0.78371
396.26425 1.04679
396.24576 1.24333
396.25596 1.38234
396.28820 1.49458
396.34100 1.58275
396.41310 1.64781
396.50288 1.68991
396.60808 1.70885
396.72590 1.70448
396.85326 1.67686
396.98735 1.62616
397.12606 1.55250
397.26830 1.45551
397.41431 1.33371
397.56603 1.18336
397.74974 0.96885
397.83971 0.85080
397.78586 1.10024
397.77152 1.27154
397.78177 1.41076
397.81410 1.52378
397.86723 1.61307
397.94003 1.67942
398.03094 1.72284
398.13767 1.74304
398.25729 1.73984
398.38655 1.71325
398.52241 1.66353
398.66256 1.59092
398.80575 1.49527
398.95204 1.37542
399.10311 1.22821
399.28420 1.02037
399.39467 0.87676
399.34672 1.11723
399.33634 1.28322
399.35009 1.41800
399.38564 1.52691
399.44172 1.61217
399.51710 1.67446
399.61011 1.71378
399.71836 1.72988
399.83890 1.72260
399.96856 1.69202
400.10448 1.63838
400.24456 1.56182
400.38781 1.46200
400.53459 1.33739
400.68700 1.18413
400.87169 0.96580
400.98633 0.81224
400.93158 1.06488
400.91775 1.25498
400.93154 1.38934
400.96706 1.49730
401.02283 1.58129
401.09753 1.64218
401.18942 1.68005
401.29616 1.69476
401.41494 1.68621
401.54277 1.65446
401.67701 1.59967
401.81577 1.52185
401.95823 1.42039
402.10494 1.29341
402.25835 1.13629
402.44651 0.90958
402.54044 0.78230
402.47899 1.04553
402.46051 1.24208
402.47074 1.38105
402.50299 1.49322
402.55580 1.58131
402.62789 1.64628
402.71763 1.68828
402.82277 1.70713
402.94051 1.70269
403.06779 1.67498
403.20181 1.62421
403.34045 1.55046
403.48265 1.45337
403.62866 1.33143
403.78042 1.18088
403.96430 0.96595
404.05442 0.84756
404.00012 1.09776
403.98552 1.26943
403.99555 1.40893
404.02767 1.52217
404.08059 1.61165
404.15319 1.67819
404.24391 1.72180
404.35047 1.74221
404.46994 1.73920
404.59907 1.71282
404.73485 1.66330
404.87493 1.59089
405.01807 1.49544
405.16431 1.37579
405.31533 1.22881
405.49633 1.02129
405.60671 0.87795
405.55876 1.11836
405.54836 1.28437
405.56207 1.41922
405.59760 1.52820
405.65366 1.61355
405.72906 1.67594
405.82210 1.71536
405.93041 1.73156
406.05102 1.72437
406.18076 1.69388
406.31676 1.64031
406.45690 1.56385
406.60019 1.46413
406.74697 1.33966
406.89933 1.18661
407.08384 0.96872
407.19828 0.81563
407.14401 1.06744
407.13049 1.25711
407.14450 1.39120
407.18022 1.49894
407.23619 1.58273
407.31108 1.64342
407.40316 1.68111
407.51007 1.69563
407.62898 1.68688
407.75693 1.65493
407.89126 1.59994
408.03008 1.52192
408.17260 1.42027
408.31936 1.29308
408.47283 1.13573
408.66110 0.90866
408.75513 0.78113
408.69367 1.04445
408.67522 1.24097
408.68548 1.37988
408.71777 1.49197
408.77059 1.57996
408.84268 1.64484
408.93240 1.68673
409.03750 1.70548
409.15517 1.70093
409.28238 1.67314
409.41633 1.62227
409.55491 1.54843
409.69708 1.45122
409.84308 1.32914
409.99490 1.17836
410.17895 0.96297
410.26923 0.84423
410.21447 1.09520
410.19956 1.28631
410.21223 1.42255
410.24681 1.53294
410.30205 1.61973
410.37682 1.68360
410.46947 1.72451
410.57763 1.74219
410.69834 1.73645
410.82834 1.70735
410.96466 1.65516
411.10510 1.58008
411.24855 1.48189
411.39521 1.35925
411.54701 1.20868
411.72985 0.99537
411.81885 0.87890
411.77087 1.11931
411.76042 1.28537
411.77409 1.42029
411.80957 1.52938
411.86561 1.61483
411.94100 1.67733
412.03406 1.71687
412.14241 1.73317
412.26309 1.72609
412.39291 1.69569
412.52897 1.64223
412.66918 1.56587
412.81250 1.46627
412.95928 1.34195
413.11159 1.18913
413.29592 0.97169
413.41014 0.81908
413.35635 1.07007
413.34313 1.25931
413.35736 1.39314
413.39328 1.50066
413.44945 1.58427
413.52454 1.64477
413.61680 1.68227
413.72388 1.69660
413.84294 1.68767
413.97101 1.65553
414.10543 1.60035
414.24433 1.52214
414.38690 1.42031
414.53371 1.29292
414.68723 1.13535
414.87560 0.90795
414.96971 0.78021
414.90827 1.04355
414.88987 1.24002
414.90019 1.37885
414.93252 1.49084
414.98538 1.57873
415.05749 1.64348
415.14719 1.68526
415.25226 1.70389
415.36988 1.69923
415.49702 1.67133
415.63090 1.62036
415.76943 1.54640
415.91157 1.44907
416.05757 1.32682
416.20945 1.17580
416.39369 0.95994
416.48413 0.84083
416.42891 1.09258
416.41372 1.28409
416.42617 1.42059
416.46054 1.53118
416.51559 1.61815
416.59016 1.68220
416.68262 1.72329
416.79061 1.74115
416.91115 1.73559
417.04102 1.70669
417.17725 1.65468
417.31762 1.57979
417.46101 1.48178
417.60763 1.35933
417.75938 1.20896
417.94215 0.99593
418.03109 0.87963
417.98305 1.12008
417.97253 1.28622
417.98614 1.42123
418.02157 1.53043
418.07756 1.61600
418.15294 1.67863
418.24600 1.71829
418.35439 1.73471
418.47512 1.72775
418.60500 1.69747
418.74113 1.64411
418.88139 1.56786
419.02475 1.46839
419.17153 1.34424
419.32377 1.19166
419.50793 0.97470
419.62192 0.82258
419.56861 1.07276
419.55568 1.26157
419.57012 1.39515
419.60625 1.50246
419.66261 1.58588
419.73789 1.64621
419.83034 1.68354
419.93759 1.69769
420.05680 1.68857
420.18500 1.65625
420.31952 1.60089
420.45849 1.52250
420.60111 1.42049
420.74797 1.29292
420.90154 1.13516
421.09000 0.90747
421.18417 0.77954
421.12279 1.04285
421.10447 1.23922
421.11486 1.37795
421.14725 1.48984
421.20016 1.57760
421.27229 1.64223
421.36200 1.68388
421.46704 1.70238
421.58462 1.69760
421.71171 1.66957
421.84553 1.61848
421.98401 1.54440
422.12612 1.44693
422.27213 1.32450
422.42407 1.17323
422.60850 0.95687
422.69912 0.83737
422.64344 1.08990
422.62796 1.28182
422.64021 1.41856
422.67438 1.52935
422.72924 1.61649
422.80361 1.68071
422.89587 1.72197
423.00368 1.74000
423.12407 1.73463
423.25380 1.70590
423.38992 1.65407
423.53021 1.57936
423.67355 1.48153
423.82012 1.35925
423.97183 1.20906
424.15454 0.99628
424.24343 0.88012
424.19531 1.12067
424.18471 1.28690
424.19824 1.42203
424.23359 1.53135
424.28954 1.61705
424.36488 1.67982
424.45794 1.71961
424.56634 1.73618
424.68712 1.72935
424.81705 1.69919
424.95324 1.64596
425.09355 1.56983
425.23694 1.47050
425.38371 1.34653
425.53590 1.19420
425.71987 0.97772
425.83364 0.82611
425.78079 1.07548
425.76815 1.26389
425.78280 1.39721
425.81912 1.50433
425.87568 1.58758
425.95115 1.64774
426.04378 1.68490
426.15121 1.69888
426.27058 1.68959
426.39890 1.65709
426.53352 1.60156
426.67257 1.52300
426.81525 1.42082
426.96216 1.29308
427.11577 1.13514
427.30429 0.90721
427.39852 0.77912
427.33723 1.04233
427.31901 1.23859
427.32947 1.37721
427.36194 1.48896
427.41491 1.57659
427.48708 1.64108
427.57681 1.68259
427.68184 1.70095
427.79938 1.69603
427.92643 1.66787
428.06020 1.61665
428.19864 1.54244
428.34073 1.44481
428.48675 1.32219
428.63875 1.17065
428.82338 0.95377
428.91418 0.83386
428.85805 1.08717
428.84229 1.27949
428.85433 1.41647
428.88831 1.52746
428.94298 1.61476
429.01716 1.67914
429.10923 1.72056
429.21685 1.73875
429.33708 1.73355
429.46668 1.70499
429.60269 1.65334
429.74290 1.57880
429.88617 1.48112
430.03271 1.35901
430.18438 1.20899
430.36703 0.99642
430.45589 0.88038
430.40765 1.12107
430.39695 1.28743
430.41038 1.42269
430.44566 1.53214
430.50153 1.61798
430.57682 1.68090
430.66987 1.72084
430.77828 1.73756
430.89909 1.73087
431.02907 1.70085
431.16531 1.64775
431.30566 1.57176
431.44907 1.47258
431.59584 1.34880
431.74797 1.19673
431.93175 0.98076
432.04530 0.82965
431.99290 1.07824
431.98054 1.26624
431.99540 1.39933
432.03191 1.50626
432.08866 1.58934
432.16432 1.64935
432.25713 1.68635
432.36473 1.70017
432.48425 1.69072
432.61271 1.65805
432.74743 1.60236
432.88656 1.52364
433.02930 1.42130
433.17625 1.29341
433.32990 1.13531
433.51848 0.90717
433.61274 0.77897
433.55158 1.04201
433.53347 1.23812
433.54404 1.37660
433.57659 1.48822
433.62963 1.57570
433.70186 1.64004
433.79161 1.68140
433.89665 1.69960
434.01417 1.69454
434.14118 1.66623
434.27491 1.61487
434.41331 1.54051
434.55538 1.44272
434.70142 1.31990
434.85349 1.16808
435.03832 0.95066
435.12931 0.83033
435.07273 1.08442
435.05669 1.27713
435.06854 1.41434
435.10234 1.52550
435.15681 1.61297
435.23080 1.67749
435.32268 1.71906
435.43013 1.73741
435.55019 1.73236
435.67965 1.70397
435.81555 1.65248
435.95567 1.57809
436.09888 1.48057
436.24537 1.35861
436.39701 1.20873
436.57963 0.99634
436.66846 0.88041
436.62007 1.12128
436.60926 1.28778
436.62259 1.42319
436.65776 1.53279
436.71356 1.61879
436.78879 1.68186
436.88180 1.72197
436.99021 1.73884
437.11103 1.73231
437.24105 1.70243
437.37734 1.64948
437.51773 1.57364
437.66116 1.47463
437.80792 1.35105
437.95998 1.19925
438.14358 0.98378
438.25690 0.83318
438.20495 1.08101
438.19286 1.26862
438.20791 1.40148
438.24460 1.50824
438.30154 1.59116
438.37738 1.65102
438.47038 1.68788
438.57815 1.70155
438.69783 1.69194
438.82642 1.65913
438.96126 1.60328
439.10046 1.52441
439.24326 1.42193
439.39026 1.29390
439.54393 1.13566
439.73255 0.90736
439.82683 0.77907
439.76584 1.04189
439.74787 1.23782
439.75854 1.37615
439.79120 1.48762
439.84432 1.57494
439.91661 1.63912
440.00641 1.68031
440.11146 1.69836
440.22897 1.69313
440.35595 1.66467
440.48965 1.61315
440.62803 1.53864
440.77008 1.44067
440.91614 1.31764
441.06828 1.16552
441.25332 0.94755
441.34449 0.82679
441.28747 1.08165
441.27118 1.27475
441.28283 1.41218
441.31645 1.52351
441.37075 1.61112
441.44455 1.67578
441.53624 1.71748
441.64351 1.73598
441.76340 1.73108
441.89272 1.70283
442.02850 1.65149
442.16854 1.57726
442.31169 1.47988
442.45814 1.35805
442.60974 1.20831
442.79233 0.99606
442.88115 0.88019
442.83259 1.12130
442.82165 1.28798
442.83485 1.42354
442.86992 1.53330
442.92562 1.61946
443.00078 1.68271
443.09374 1.72298
443.20213 1.74003
443.32297 1.73365
443.45302 1.70394
443.58934 1.65114
443.72976 1.57546
443.87321 1.47663
444.01995 1.35325
444.17196 1.20173
444.35537 0.98678
444.46847 0.83669
444.41694 1.08378
444.40511 1.27102
444.42035 1.40366
444.45722 1.51025
444.51433 1.59303
444.59035 1.65276
444.68353 1.68948
444.79148 1.70302
444.91132 1.69327
445.04004 1.66031
445.17498 1.60431
445.31427 1.52531
445.45713 1.42269
445.60417 1.29454
445.75787 1.13619
445.94650 0.90777
446.04079 0.77944
446.11295 0.63512
446.11295 0.63512