# sss file
-1.57080 3.14159
31.58760 3.14159
28.80917 3.14026
28.97094 3.13912
29.12720 3.13779
29.28197 3.13646
29.43914 3.13532
29.60320 3.13399
29.77037 3.13285
29.93574 3.13152
30.09680 3.13019
30.25347 3.12905
30.40764 3.12772
30.56200 3.12639
30.67578 3.12563
30.72007 3.12506
30.88204 3.12392
31.04541 3.12278
31.20847 3.12145
31.36964 3.12012
31.52811 3.11898
31.68487 3.11765
31.77035 3.11689
31.84174 3.11632
32.00090 3.11499
32.16217 3.11385
32.32454 3.11271
32.48671 3.11138
32.59429 3.11062
32.64757 3.11005
32.80664 3.10872
32.96440 3.10739
33.12217 3.10606
33.27814 3.10492
33.28174 3.10492
33.44271 3.10378
33.60448 3.10264
33.76625 3.10131
33.88113 3.10055
33.92691 3.09998
34.08618 3.09865
34.24434 3.09732
34.40271 3.09599
34.42011 3.09599
34.56258 3.09485
34.72335 3.09371
34.88482 3.09257
34.91611 3.09238
35.04628 3.09124
35.20685 3.08991
35.36621 3.08858
35.37671 3.08858
35.52458 3.08725
35.68334 3.08592
35.80662 3.08516
35.84351 3.08458
36.00408 3.08344
36.16485 3.08230
36.21334 3.08211
36.32531 3.08097
36.48498 3.07964
36.59946 3.07888
36.64424 3.07831
36.80401 3.07698
36.96428 3.07584
36.96708 3.07584
37.12495 3.07470
37.28562 3.07337
37.32062 3.07337
37.44578 3.07204
37.60535 3.07071
37.66004 3.07052
37.76471 3.06938
37.92468 3.06824
37.98678 3.06805
38.08515 3.06710
38.24582 3.06576
38.30341 3.06557
38.40629 3.06462
38.56615 3.06329
38.60975 3.06310
38.72561 3.06177
38.88528 3.06063
38.90658 3.06044
39.04555 3.05930
39.19563 3.05835
39.20612 3.05816
39.36659 3.05702
39.47747 3.05626
39.52686 3.05569
39.68652 3.05435
39.75161 3.05397
39.84599 3.05302
40.00605 3.05169
40.01875 3.05169
40.16642 3.05055
40.28061 3.04998
40.32689 3.04941
40.48746 3.04808
40.53676 3.04808
40.64743 3.04675
40.78730 3.04580
40.80699 3.04542
40.96676 3.04408
41.03245 3.04389
41.12683 3.04294
41.27320 3.04199
41.28720 3.04180
41.44777 3.04066
41.50977 3.04047
41.60804 3.03933
41.74211 3.03819
41.76790 3.03781
41.92746 3.03647
41.96966 3.03647
42.08743 3.03533
42.19382 3.03476
42.24760 3.03419
42.40808 3.03305
42.41448 3.03305
42.56864 3.03172
42.63194 3.03153
42.72871 3.03039
42.84589 3.02962
42.88837 3.02886
43.04813 3.02753
43.05623 3.02753
43.20821 3.02639
43.26361 3.02639
43.36838 3.02544
43.46867 3.02487
43.52905 3.02411
43.67092 3.02315
43.68941 3.02277
43.84918 3.02144
43.87018 3.02144
44.00884 3.01992
44.06674 3.01992
44.16881 3.01878
44.26081 3.01859
44.32888 3.01763
44.45287 3.01706
44.48935 3.01649
44.64273 3.01535
44.64983 3.01535
44.80999 3.01383
44.83029 3.01383
44.96965 3.01249
45.01535 3.01249
45.12942 3.01116
45.19832 3.01097
45.28949 3.01002
45.37948 3.00964
45.44986 3.00868
45.55865 3.00830
45.61013 3.00754
45.73601 3.00678
45.77020 3.00621
45.91147 3.00507
45.92996 3.00488
46.08513 3.00354
46.09013 3.00354
46.25020 3.00240
46.25700 3.00240
46.41047 3.00126
46.42727 3.00126
46.57074 2.99992
46.59614 2.99992
46.73070 2.99840
46.76320 2.99859
46.89067 2.99707
46.92877 2.99726
47.05074 2.99592
47.09284 2.99611
47.21101 2.99478
47.25571 2.99478
47.37118 2.99364
47.41698 2.99364
47.53134 2.99211
47.57704 2.99211
47.69121 2.99078
47.73561 2.99078
47.85118 2.98964
47.89278 2.98964
48.01135 2.98849
48.04875 2.98849
48.17172 2.98716
48.20363 2.98735
48.33189 2.98583
48.35729 2.98602
48.49185 2.98449
48.50975 2.98449
48.65182 2.98316
48.66092 2.98316
48.81099 2.98201
48.81189 2.98201
48.95997 2.98106
48.97207 2.98087
49.10795 2.98011
49.13243 2.97954
49.25482 2.97896
49.29250 2.97820
49.40059 2.97782
49.45237 2.97687
49.54526 2.97668
49.61234 2.97572
49.68903 2.97553
49.77251 2.97458
49.83181 2.97458
49.93288 2.97324
49.97378 2.97343
50.09305 2.97191
50.11485 2.97210
50.25301 2.97057
50.25501 2.97057
50.39409 2.96962
50.41298 2.96924
50.53217 2.96886
50.57305 2.96810
50.66955 2.96790
50.73322 2.96695
50.80602 2.96695
50.89359 2.96562
50.94189 2.96562
51.05356 2.96428
51.07676 2.96428
51.21093 2.96295
51.21353 2.96295
51.34411 2.96218
51.37360 2.96161
51.47649 2.96142
51.53377 2.96047
51.60827 2.96047
51.69404 2.95932
51.73934 2.95932
51.85421 2.95798
51.86971 2.95798
51.99928 2.95684
52.01417 2.95646
52.12796 2.95608
52.17414 2.95531
52.25584 2.95531
52.33422 2.95417
52.38322 2.95436
52.49439 2.95302
52.51019 2.95302
52.63647 2.95207
52.65466 2.95169
52.76185 2.95131
52.81472 2.95035
52.88652 2.95016
52.97479 2.94882
53.01059 2.94902
53.13426 2.94768
53.13476 2.94768
53.25695 2.94730
53.29493 2.94653
53.37923 2.94653
53.45511 2.94539
53.50101 2.94539
53.61527 2.94405
53.62227 2.94405
53.74276 2.94329
53.77534 2.94252
53.86254 2.94252
53.93541 2.94119
53.98172 2.94157
54.09528 2.94023
54.10068 2.94023
54.21897 2.93966
54.25556 2.93909
54.33665 2.93890
54.41583 2.93775
54.45393 2.93775
54.57069 2.93641
54.57599 2.93622
54.68668 2.93584
54.73586 2.93488
54.80206 2.93508
54.89593 2.93374
54.91724 2.93393
55.03192 2.93317
55.05610 2.93259
55.14590 2.93259
55.21628 2.93145
55.25968 2.93145
55.37305 2.93011
55.37654 2.92992
55.48563 2.92954
55.53651 2.92858
55.59761 2.92877
55.69648 2.92724
55.70938 2.92743
55.82067 2.92686
55.85655 2.92610
55.93126 2.92629
56.01683 2.92495
56.04173 2.92514
56.15191 2.92418
56.17709 2.92361
56.26129 2.92361
56.33706 2.92227
56.37037 2.92246
56.47914 2.92132
56.49703 2.92094
56.58703 2.92094
56.65711 2.91979
56.69471 2.91998
56.80229 2.91902
56.81718 2.91864
56.90918 2.91864
56.97755 2.91730
57.01585 2.91749
57.12223 2.91635
57.13772 2.91596
57.22782 2.91596
57.29759 2.91463
57.33319 2.91482
57.43837 2.91367
57.45766 2.91329
57.54266 2.91348
57.61773 2.91214
57.64684 2.91252
57.75102 2.91157
57.77800 2.91099
57.85431 2.91118
57.93827 2.90965
57.95768 2.90984
58.06056 2.90908
58.09824 2.90831
58.16284 2.90831
58.25831 2.90678
58.26501 2.90697
58.36651 2.90678
58.41819 2.90583
58.46769 2.90602
58.56896 2.90487
58.57836 2.90468
58.66956 2.90468
58.73873 2.90334
58.77003 2.90353
58.87021 2.90257
58.89890 2.90200
58.96970 2.90200
59.05887 2.90047
59.06917 2.90066
59.16816 2.90028
59.21884 2.89932
59.26665 2.89970
59.36522 2.89855
59.37891 2.89817
59.46312 2.89836
59.53919 2.89702
59.56109 2.89722
59.65858 2.89664
59.69936 2.89568
59.75576 2.89587
59.85293 2.89434
59.85952 2.89415
59.94922 2.89415
60.01949 2.89281
60.04550 2.89300
60.14139 2.89243
60.17966 2.89147
60.23687 2.89166
60.33207 2.89166
60.42737 2.89166
60.52257 2.89166
60.61777 2.89166
60.71297 2.89166
60.80817 2.89166
60.90337 2.89166
60.99857 2.89166
61.09377 2.89166
61.18897 2.89166
61.28417 2.89166
61.37937 2.89166
61.47457 2.89166
61.56977 2.89166
61.66497 2.89166
61.76017 2.89166
61.85537 2.89166
61.95067 2.89166
62.04587 2.89166
62.14107 2.89166
62.23627 2.89166
62.33147 2.89166
62.42667 2.89166
62.52187 2.89166
62.61707 2.89166
62.71227 2.89166
62.80747 2.89166
62.90267 2.89166
62.99787 2.89166
63.09307 2.89166
63.18827 2.89166
63.28347 2.89166
63.37867 2.89166
63.47387 2.89166
63.56917 2.89166
63.66437 2.89166
63.75957 2.89166
63.85477 2.89166
63.94997 2.89166
64.04517 2.89166
64.14037 2.89166
64.23557 2.89166
64.33077 2.89166
64.42597 2.89166
64.52117 2.89166
64.61637 2.89166
64.71157 2.89166
64.80677 2.89166
64.90197 2.89166
64.99717 2.89166
65.09247 2.89166
65.18767 2.89166
65.28287 2.89166
65.37807 2.89166
65.47327 2.89166
65.56847 2.89166
65.66367 2.89166
65.75887 2.89166
65.85407 2.89166
65.94927 2.89166
66.04447 2.89166
66.13967 2.89166
66.23487 2.89166
66.33007 2.89166
66.42536 2.89147
66.45456 2.89147
66.52056 2.89147
66.61576 2.89147
66.71096 2.89147
66.80616 2.89128
66.90126 2.89128
66.99636 2.89147
67.09146 2.89147
67.18666 2.89147
67.28177 2.89166
67.37697 2.89166
67.47217 2.89185
67.56748 2.89205
67.66278 2.89224
67.75809 2.89243
67.85359 2.89262
67.86949 2.89262
67.94946 2.89147
68.04480 2.88841
68.13849 2.88343
68.22924 2.87672
68.31636 2.86847
68.39955 2.85850
68.47822 2.84736
68.55257 2.83506
68.62240 2.82179
68.68823 2.80735
68.75005 2.79231
68.80846 2.77628
68.86338 2.75985
68.91530 2.74281
68.96453 2.72515
69.01117 2.70727
69.05572 2.68876
69.09819 2.67003
69.13897 2.65085
69.17788 2.63163
69.21551 2.61197
69.25177 2.59206
69.28685 2.57190
69.32066 2.55168
69.35370 2.53119
69.38578 2.51044
69.41699 2.48962
69.44754 2.46852
69.47733 2.44734
69.50656 2.42609
69.53513 2.40475
69.56324 2.38311
69.56587 2.38107
69.58847 2.38986
69.61428 2.39904
69.64090 2.40760
69.66823 2.41594
69.69637 2.42365
69.72522 2.43095
69.75478 2.43784
69.78514 2.44411
69.81632 2.44977
69.84809 2.45502
69.88047 2.45966
69.91366 2.46369
69.94734 2.46711
69.98154 2.47013
70.01643 2.47234
70.05162 2.47415
70.08722 2.47536
70.12322 2.47596
70.15972 2.47576
70.19632 2.47516
70.23312 2.47395
70.27013 2.47214
70.30724 2.46973
70.34435 2.46671
70.38156 2.46308
70.41878 2.45885
70.45580 2.45421
70.49282 2.44896
70.49492 2.44856
70.46192 2.44856
70.42702 2.44856
70.39202 2.44856
70.35712 2.44856
70.32212 2.44856
70.28722 2.44856
70.25222 2.44856
70.21732 2.44856
70.18232 2.44856
70.14742 2.44856
70.11242 2.44856
70.07742 2.44856
70.04252 2.44856
70.00752 2.44856
69.97262 2.44856
69.93762 2.44856
69.90272 2.44856
69.86772 2.44856
69.83282 2.44856
69.79782 2.44856
69.78092 2.44856
69.76897 2.46087
69.76134 2.46872
69.78273 2.47295
69.81521 2.47878
69.84830 2.48420
69.88219 2.48881
69.91689 2.49282
69.95218 2.49623
69.98798 2.49904
70.02448 2.50124
70.06138 2.50284
70.09878 2.50364
70.13648 2.50384
70.17458 2.50344
70.21288 2.50224
70.25148 2.50044
70.29008 2.49803
70.32879 2.49503
70.36749 2.49142
70.40620 2.48701
70.44460 2.48219
70.48312 2.47657
70.52123 2.47053
70.55916 2.46389
70.59678 2.45663
70.63412 2.44896
70.67106 2.44067
70.70782 2.43176
70.74398 2.42244
70.75080 2.42061
70.72350 2.42061
70.68980 2.42061
70.65610 2.42061
70.62250 2.42061
70.58880 2.42061
70.55520 2.42061
70.52150 2.42061
70.48780 2.42061
70.45420 2.42061
70.42050 2.42061
70.38690 2.42061
70.35320 2.42061
70.31939 2.42081
70.28579 2.42081
70.25220 2.42061
70.21860 2.42061
70.18490 2.42061
70.15130 2.42061
70.11760 2.42061
70.08390 2.42061
70.05030 2.42061
70.01660 2.42061
69.98300 2.42061
69.94930 2.42061
69.91560 2.42061
69.88200 2.42061
69.84830 2.42061
69.81470 2.42061
69.78100 2.42061
69.76840 2.42061
69.75329 2.43561
69.72927 2.45905
69.70480 2.48279
69.70030 2.48701
69.72619 2.49303
69.75898 2.49964
69.79268 2.50564
69.82708 2.51124
69.86238 2.51603
69.89839 2.52022
69.93519 2.52382
69.97270 2.52661
70.01070 2.52880
70.04920 2.53039
70.08830 2.53119
70.12780 2.53119
70.16750 2.53079
70.20760 2.52940
70.24770 2.52760
70.28809 2.52481
70.32829 2.52162
70.36869 2.51763
70.40878 2.51304
70.44888 2.50784
70.48858 2.50204
70.52808 2.49563
70.56729 2.48861
70.60621 2.48099
70.64473 2.47274
70.68276 2.46409
70.72039 2.45482
70.75764 2.44492
70.79430 2.43480
70.83057 2.42406
70.86626 2.41289
70.90156 2.40128
70.92664 2.39272
70.91764 2.39272
70.88514 2.39272
70.85274 2.39272
70.82024 2.39272
70.78784 2.39272
70.75534 2.39272
70.72294 2.39272
70.69044 2.39272
70.65804 2.39272
70.62554 2.39272
70.59304 2.39272
70.56064 2.39272
70.52814 2.39272
70.49574 2.39272
70.46324 2.39272
70.43084 2.39272
70.39834 2.39272
70.36584 2.39272
70.33344 2.39272
70.30094 2.39272
70.26854 2.39272
70.23604 2.39272
70.20364 2.39272
70.17114 2.39272
70.13864 2.39272
70.10624 2.39272
70.07374 2.39272
70.04134 2.39272
70.00884 2.39272
69.97644 2.39272
69.94394 2.39272
69.91154 2.39272
69.87904 2.39272
69.84654 2.39272
69.81414 2.39272
69.78164 2.39272
69.75774 2.39272
69.75138 2.39884
69.72668 2.42244
69.70184 2.44573
69.67664 2.46892
69.65099 2.49222
69.63768 2.50404
69.65308 2.50804
69.68558 2.51583
69.71919 2.52302
69.75370 2.52960
69.78911 2.53557
69.82553 2.54094
69.86274 2.54552
69.90085 2.54949
69.93957 2.55287
69.97918 2.55525
70.01928 2.55723
70.05999 2.55823
70.10109 2.55862
70.14259 2.55823
70.18428 2.55723
70.22618 2.55545
70.26827 2.55287
70.31036 2.54969
70.35234 2.54572
70.39423 2.54114
70.43601 2.53577
70.47740 2.53000
70.51849 2.52342
70.55918 2.51623
70.59958 2.50844
70.63948 2.50004
70.67889 2.49102
70.71781 2.48159
70.75623 2.47154
70.79397 2.46107
70.83121 2.45017
70.86798 2.43865
70.90405 2.42690
70.93964 2.41451
70.97475 2.40169
71.00918 2.38863
71.04314 2.37513
71.06897 2.36446
71.06177 2.36446
71.03047 2.36446
70.99907 2.36446
70.96767 2.36467
70.93637 2.36467
70.90497 2.36467
70.87367 2.36467
70.84227 2.36467
70.81097 2.36467
70.77977 2.36446
70.74827 2.36467
70.71707 2.36446
70.68567 2.36467
70.65437 2.36446
70.62297 2.36467
70.59157 2.36467
70.56037 2.36446
70.52907 2.36446
70.49767 2.36446
70.46637 2.36446
70.43497 2.36467
70.40367 2.36446
70.37237 2.36446
70.34097 2.36446
70.30957 2.36467
70.27837 2.36446
70.24697 2.36446
70.21567 2.36446
70.18427 2.36467
70.15287 2.36467
70.12167 2.36446
70.09027 2.36446
70.05897 2.36446
70.02767 2.36446
69.99627 2.36446
69.96497 2.36446
69.93367 2.36446
69.90227 2.36446
69.87097 2.36446
69.83957 2.36446
69.80827 2.36446
69.77697 2.36446
69.74907 2.36446
69.74623 2.36713
69.72127 2.39027
69.69595 2.41350
69.67029 2.43662
69.64427 2.45945
69.61780 2.48239
69.59098 2.50504
69.57359 2.51963
69.58519 2.52282
69.61741 2.53179
69.65093 2.53995
69.68535 2.54770
69.72107 2.55465
69.75780 2.56100
69.79552 2.56675
69.83425 2.57170
69.87387 2.57586
69.91429 2.57942
69.95561 2.58219
69.99752 2.58416
70.04003 2.58535
70.08313 2.58574
70.12653 2.58555
70.17012 2.58456
70.21411 2.58258
70.25809 2.58001
70.30218 2.57665
70.34595 2.57269
70.38973 2.56794
70.43320 2.56239
70.47628 2.55624
70.51915 2.54929
70.56133 2.54194
70.60321 2.53378
70.64449 2.52501
70.68508 2.51583
70.72528 2.50584
70.76468 2.49563
70.80360 2.48460
70.84173 2.47335
70.87937 2.46147
70.91632 2.44916
70.95259 2.43642
70.98838 2.42325
71.02348 2.40963
71.05791 2.39578
71.09186 2.38148
71.12514 2.36693
71.15804 2.35192
71.19027 2.33667
71.19127 2.33626
71.16187 2.33626
71.13157 2.33626
71.10127 2.33626
71.07097 2.33626
71.04067 2.33626
71.01037 2.33626
70.98007 2.33626
70.94977 2.33626
70.91947 2.33626
70.88917 2.33626
70.85897 2.33626
70.82867 2.33626
70.79837 2.33626
70.76807 2.33626
70.73777 2.33626
70.70747 2.33626
70.67717 2.33626
70.64687 2.33626
70.61657 2.33626
70.58627 2.33626
70.55597 2.33626
70.52567 2.33626
70.49537 2.33626
70.46507 2.33626
70.43487 2.33626
70.40457 2.33626
70.37427 2.33626
70.34397 2.33626
70.31367 2.33626
70.28337 2.33626
70.25307 2.33626
70.22277 2.33626
70.19247 2.33626
70.16217 2.33626
70.13187 2.33626
70.10157 2.33626
70.07127 2.33626
70.04097 2.33626
70.01077 2.33626
69.98047 2.33626
69.95017 2.33626
69.91987 2.33626
69.88957 2.33626
69.85927 2.33626
69.82897 2.33626
69.79867 2.33626
69.76837 2.33626
69.74187 2.33626
69.73873 2.33915
69.71340 2.36221
69.68782 2.38495
69.66180 2.40780
69.63543 2.43055
69.60860 2.45320
69.58142 2.47556
69.55358 2.49803
69.52519 2.52042
69.50831 2.53338
69.52122 2.53756
69.55315 2.54750
69.58648 2.55664
69.62102 2.56536
69.65686 2.57329
69.69390 2.58061
69.73224 2.58713
69.77157 2.59305
69.81201 2.59838
69.85354 2.60272
69.89597 2.60646
69.93929 2.60922
69.98331 2.61119
70.02792 2.61257
70.07312 2.61296
70.11882 2.61257
70.16471 2.61138
70.21069 2.60941
70.25687 2.60666
70.30304 2.60291
70.34891 2.59858
70.39458 2.59345
70.43984 2.58772
70.48480 2.58100
70.52916 2.57388
70.57312 2.56576
70.61628 2.55723
70.65885 2.54810
70.70072 2.53836
70.74190 2.52800
70.78248 2.51703
70.82228 2.50564
70.86129 2.49363
70.89961 2.48139
70.93724 2.46852
70.97419 2.45522
71.01036 2.44148
71.04595 2.42751
71.08076 2.41309
71.11509 2.39822
71.14874 2.38311
71.18173 2.36775
71.21423 2.35213
71.24567 2.33626
71.24517 2.33626
71.21487 2.33626
71.18457 2.33626
71.15417 2.33646
71.12387 2.33646
71.09357 2.33646
71.06327 2.33646
71.03297 2.33646
71.00257 2.33667
70.97227 2.33667
70.94197 2.33667
70.91167 2.33667
70.88137 2.33667
70.85107 2.33667
70.82066 2.33687
70.79036 2.33687
70.76006 2.33687
70.72966 2.33687
70.69936 2.33687
70.66906 2.33687
70.63876 2.33687
70.60836 2.33708
70.57806 2.33708
70.54766 2.33708
70.51736 2.33708
70.48706 2.33708
70.45676 2.33708
70.42636 2.33708
70.39606 2.33708
70.36566 2.33729
70.33536 2.33729
70.30496 2.33729
70.27466 2.33729
70.24436 2.33729
70.21406 2.33729
70.18366 2.33729
70.15336 2.33729
70.12306 2.33729
70.09266 2.33729
70.06236 2.33729
70.03206 2.33729
70.00166 2.33729
69.97136 2.33729
69.94106 2.33729
69.91066 2.33729
69.88036 2.33729
69.85006 2.33729
69.81966 2.33729
69.78936 2.33729
69.75906 2.33729
69.74186 2.33729
69.73110 2.34760
69.70599 2.37062
69.68013 2.39353
69.65867 2.41187
69.65348 2.41024
69.62665 2.40169
69.62615 2.40169
69.65278 2.37963
69.67936 2.35727
69.70550 2.33481
69.73128 2.31224
69.75672 2.28955
69.78193 2.26654
69.80679 2.24361
69.83142 2.22056
69.85592 2.19716
69.88018 2.17384
69.90422 2.15037
69.92802 2.12675
69.95181 2.10298
69.97538 2.07904
69.99883 2.05493
70.02216 2.03087
70.04550 2.00640
70.05837 1.99286
70.05631 1.99218
70.04854 2.00031
70.02530 2.02460
70.00184 2.04871
69.97838 2.07264
69.95479 2.09662
69.93098 2.12044
69.90726 2.14388
69.88320 2.16739
69.85891 2.19097
69.83460 2.21419
69.81006 2.23728
69.78527 2.26045
69.76026 2.28329
69.73489 2.30621
69.70939 2.32881
69.68344 2.35151
69.65715 2.37410
69.63061 2.39639
69.60341 2.41878
69.57596 2.44087
69.54776 2.46308
69.51920 2.48500
69.48998 2.50684
69.46010 2.52840
69.42926 2.55009
69.39775 2.57150
69.36527 2.59266
69.33173 2.61375
69.29691 2.63478
69.26082 2.65555
69.22326 2.67608
69.18402 2.69636
69.14280 2.71641
69.09959 2.73602
69.05370 2.75559
69.00513 2.77455
68.99241 2.77938
69.02095 2.79231
69.06276 2.80908
69.06749 2.81082
69.00299 2.81082
68.93099 2.81062
68.85889 2.81062
68.79098 2.81043
68.79447 2.80947
68.85315 2.79270
68.90824 2.77532
68.95984 2.75753
69.00874 2.73912
69.05495 2.72029
69.09878 2.70123
69.14063 2.68174
69.18040 2.66221
69.21868 2.64223
69.25550 2.62201
69.29103 2.60153
69.32540 2.58080
69.35859 2.56001
69.39082 2.53915
69.42219 2.51803
69.45288 2.49663
69.48272 2.47536
69.51190 2.45381
69.54062 2.43197
69.56868 2.41024
69.59629 2.38822
69.62344 2.36631
69.65025 2.34410
69.67661 2.32178
69.70263 2.29935
69.72840 2.27681
69.75383 2.25415
69.77902 2.23136
69.80387 2.20867
69.82859 2.18562
69.85318 2.16244
69.87743 2.13934
69.90167 2.11586
69.92567 2.09245
69.94956 2.06889
69.97332 2.04515
69.99698 2.02124
70.02051 1.99738
70.02062 1.99715
69.99882 1.99715
69.97692 1.99715
69.95502 1.99715
69.93302 1.99715
69.91112 1.99715
69.88922 1.99715
69.86732 1.99715
69.84542 1.99715
69.82342 1.99715
69.80152 1.99715
69.77962 1.99715
69.75772 1.99715
69.73572 1.99715
69.71382 1.99715
69.69192 1.99715
69.67002 1.99715
69.64812 1.99715
69.62612 1.99715
69.60422 1.99715
69.58232 1.99715
69.56042 1.99715
69.53842 1.99715
69.51652 1.99715
69.49462 1.99715
69.47272 1.99715
69.45082 1.99715
69.42882 1.99715
69.40692 1.99715
69.38502 1.99715
69.36312 1.99715
69.34112 1.99715
69.31922 1.99715
69.29732 1.99715
69.27542 1.99715
69.25342 1.99715
69.23152 1.99715
69.20962 1.99715
69.18772 1.99715
69.16582 1.99715
69.14382 1.99715
69.12192 1.99715
69.10002 1.99715
69.07812 1.99715
69.05612 1.99715
69.03422 1.99715
69.01232 1.99715
68.99042 1.99715
68.96852 1.99715
68.94652 1.99715
68.92462 1.99715
68.90272 1.99715
68.88082 1.99715
68.85882 1.99715
68.83692 1.99715
68.81502 1.99715
68.79312 1.99715
68.77122 1.99715
68.74922 1.99715
68.72732 1.99715
68.70542 1.99715
68.68352 1.99715
68.66152 1.99715
68.63962 1.99715
68.61772 1.99715
68.59582 1.99715
68.57392 1.99715
68.55192 1.99715
68.53002 1.99715
68.50812 1.99715
68.48622 1.99715
68.46422 1.99715
68.44232 1.99715
68.42042 1.99715
68.39852 1.99715
68.37662 1.99715
68.35462 1.99715
68.33272 1.99715
68.31082 1.99715
68.28892 1.99715
68.26692 1.99715
68.24502 1.99715
68.22312 1.99715
68.20122 1.99715
68.17922 1.99715
68.15732 1.99715
68.13542 1.99715
68.11352 1.99715
68.09162 1.99715
68.06962 1.99715
68.04772 1.99715
68.02582 1.99715
68.00392 1.99715
67.98192 1.99715
67.96002 1.99715
67.95402 1.99715
67.93713 2.01473
67.91384 2.03891
67.89023 2.06313
67.86672 2.08696
67.84308 2.11085
67.81922 2.13457
67.79523 2.15814
67.77112 2.18156
67.74688 2.20484
67.72241 2.22798
67.69770 2.25120
67.67286 2.27408
67.64757 2.29706
67.62215 2.31970
67.59638 2.34245
67.57016 2.36508
67.54380 2.38741
67.53048 2.39863
67.53606 2.40149
67.54473 2.40454
67.57166 2.41309
67.59939 2.42101
67.62804 2.42852
67.65729 2.43561
67.68736 2.44209
67.71812 2.44815
67.74970 2.45360
67.78188 2.45845
67.81476 2.46268
67.84825 2.46651
67.88244 2.46953
67.91693 2.47214
67.95212 2.47395
67.98762 2.47536
68.02362 2.47596
68.05992 2.47616
68.09652 2.47556
68.13342 2.47435
68.17033 2.47274
68.20743 2.47033
68.24464 2.46731
68.28186 2.46389
68.31907 2.45966
68.35619 2.45502
68.39312 2.44977
68.40052 2.44856
68.37252 2.44856
68.33752 2.44856
68.30262 2.44856
68.26762 2.44856
68.23272 2.44856
68.19772 2.44856
68.16282 2.44856
68.12782 2.44856
68.09292 2.44856
68.05792 2.44856
68.02302 2.44856
67.98802 2.44856
67.95312 2.44856
67.91812 2.44856
67.88322 2.44856
67.84822 2.44856
67.81322 2.44856
67.77832 2.44856
67.74332 2.44856
67.70842 2.44856
67.68652 2.44856
67.67788 2.45744
67.66694 2.46872
67.68383 2.47214
67.71611 2.47797
67.74920 2.48340
67.78299 2.48821
67.81739 2.49242
67.85268 2.49583
67.88838 2.49884
67.92478 2.50104
67.96168 2.50264
67.99898 2.50364
68.03678 2.50384
68.07478 2.50344
68.11308 2.50244
68.15158 2.50084
68.19018 2.49843
68.22889 2.49543
68.26759 2.49202
68.30619 2.48781
68.34480 2.48299
68.38321 2.47757
68.42143 2.47154
68.45935 2.46489
68.49718 2.45764
68.53451 2.44997
68.57146 2.44189
68.60811 2.43318
68.64447 2.42386
68.65629 2.42081
68.63380 2.42061
68.60009 2.42081
68.56650 2.42061
68.53290 2.42061
68.49920 2.42061
68.46550 2.42061
68.43190 2.42061
68.39820 2.42061
68.36460 2.42061
68.33090 2.42061
68.29709 2.42081
68.26360 2.42061
68.22979 2.42081
68.19619 2.42081
68.16260 2.42061
68.12900 2.42061
68.09530 2.42061
68.06160 2.42061
68.02789 2.42081
67.99430 2.42061
67.96070 2.42061
67.92700 2.42061
67.89330 2.42061
67.85959 2.42081
67.82589 2.42081
67.79240 2.42061
67.75859 2.42081
67.72489 2.42081
67.69140 2.42061
67.67389 2.42081
67.66242 2.43217
67.63829 2.45582
67.61391 2.47938
67.60590 2.48701
67.62719 2.49202
67.65988 2.49863
67.69338 2.50484
67.72778 2.51044
67.76288 2.51543
67.79889 2.51963
67.83559 2.52322
67.87290 2.52621
67.91080 2.52860
67.94930 2.53019
67.98840 2.53099
68.02780 2.53119
68.06750 2.53079
68.10750 2.52960
68.14760 2.52780
68.18789 2.52541
68.22819 2.52222
68.26859 2.51823
68.30868 2.51384
68.34878 2.50864
68.38858 2.50284
68.42818 2.49643
68.46739 2.48962
68.50640 2.48199
68.54492 2.47395
68.58305 2.46530
68.62079 2.45603
68.65803 2.44633
68.69479 2.43622
68.73106 2.42568
68.76684 2.41451
68.80224 2.40291
68.83224 2.39272
68.82784 2.39272
68.79544 2.39272
68.76294 2.39272
68.73044 2.39272
68.69804 2.39272
68.66554 2.39272
68.63314 2.39272
68.60064 2.39272
68.56824 2.39272
68.53574 2.39272
68.50324 2.39272
68.47084 2.39272
68.43834 2.39272
68.40594 2.39272
68.37344 2.39272
68.34104 2.39272
68.30854 2.39272
68.27614 2.39272
68.24364 2.39272
68.21114 2.39272
68.17874 2.39272
68.14624 2.39272
68.11384 2.39272
68.08134 2.39272
68.04894 2.39272
68.01644 2.39272
67.98394 2.39272
67.95154 2.39272
67.91904 2.39272
67.88664 2.39272
67.85414 2.39272
67.82174 2.39272
67.78924 2.39272
67.75674 2.39272
67.72434 2.39272
67.69184 2.39272
67.66334 2.39272
67.66041 2.39557
67.63581 2.41898
67.61105 2.44229
67.58575 2.46570
67.56029 2.48881
67.54328 2.50404
67.55418 2.50684
67.58648 2.51483
67.61999 2.52202
67.65430 2.52880
67.68961 2.53478
67.72593 2.54015
67.76304 2.54492
67.80095 2.54909
67.83976 2.55227
67.87907 2.55505
67.91918 2.55684
67.95969 2.55823
68.00079 2.55862
68.04219 2.55842
68.08388 2.55743
68.12588 2.55565
68.16787 2.55326
68.20996 2.55009
68.25204 2.54631
68.29393 2.54174
68.33572 2.53657
68.37710 2.53079
68.41829 2.52441
68.45908 2.51723
68.49958 2.50944
68.53948 2.50124
68.57889 2.49242
68.61790 2.48299
68.65643 2.47295
68.69426 2.46268
68.73161 2.45179
68.76847 2.44027
68.80464 2.42852
68.84023 2.41634
68.87544 2.40352
68.90997 2.39047
68.94391 2.37718
68.97447 2.36467
68.97187 2.36446
68.94047 2.36446
68.90907 2.36467
68.87767 2.36467
68.84637 2.36467
68.81517 2.36446
68.78367 2.36467
68.75247 2.36446
68.72107 2.36467
68.68977 2.36446
68.65837 2.36467
68.62697 2.36467
68.59567 2.36467
68.56447 2.36446
68.53297 2.36467
68.50167 2.36467
68.47047 2.36446
68.43897 2.36467
68.40777 2.36446
68.37637 2.36446
68.34497 2.36467
68.31377 2.36446
68.28227 2.36467
68.25107 2.36446
68.21967 2.36467
68.18837 2.36446
68.15707 2.36446
68.12567 2.36446
68.09437 2.36446
68.06307 2.36446
68.03157 2.36467
68.00037 2.36446
67.96907 2.36446
67.93757 2.36467
67.90627 2.36467
67.87497 2.36446
67.84367 2.36446
67.81237 2.36446
67.78097 2.36446
67.74967 2.36446
67.71837 2.36446
67.68687 2.36467
67.65567 2.36446
67.65467 2.36446
67.63050 2.38700
67.60518 2.41024
67.57961 2.43318
67.55359 2.45623
67.52721 2.47918
67.50048 2.50184
67.47919 2.51963
67.48629 2.52162
67.51840 2.53059
67.55162 2.53895
67.58605 2.54671
67.62157 2.55366
67.65810 2.56021
67.69572 2.56596
67.73435 2.57091
67.77387 2.57526
67.81419 2.57883
67.85530 2.58179
67.89712 2.58397
67.93962 2.58515
67.98263 2.58574
68.02593 2.58555
68.06952 2.58476
68.11341 2.58298
68.15750 2.58041
68.20148 2.57724
68.24536 2.57329
68.28913 2.56853
68.33271 2.56318
68.37578 2.55723
68.41856 2.55048
68.46103 2.54293
68.50291 2.53497
68.54420 2.52641
68.58508 2.51703
68.62518 2.50744
68.66478 2.49703
68.70370 2.48621
68.74202 2.47496
68.77966 2.46308
68.81681 2.45078
68.85308 2.43824
68.88896 2.42507
68.92407 2.41167
68.95869 2.39782
68.99274 2.38352
69.02611 2.36898
69.05891 2.35419
69.09133 2.33894
69.09687 2.33626
69.07177 2.33626
69.04147 2.33626
69.01117 2.33626
68.98087 2.33626
68.95057 2.33626
68.92027 2.33626
68.88997 2.33626
68.85967 2.33626
68.82937 2.33626
68.79907 2.33626
68.76887 2.33626
68.73857 2.33626
68.70827 2.33626
68.67797 2.33626
68.64767 2.33626
68.61737 2.33626
68.58707 2.33626
68.55677 2.33626
68.52647 2.33626
68.49617 2.33626
68.46587 2.33626
68.43557 2.33626
68.40527 2.33626
68.37497 2.33626
68.34477 2.33626
68.31447 2.33626
68.28417 2.33626
68.25387 2.33626
68.22357 2.33626
68.19327 2.33626
68.16297 2.33626
68.13267 2.33626
68.10237 2.33626
68.07207 2.33626
68.04177 2.33626
68.01147 2.33626
67.98117 2.33626
67.95087 2.33626
67.92067 2.33626
67.89037 2.33626
67.86007 2.33626
67.82977 2.33626
67.79947 2.33626
67.76917 2.33626
67.73887 2.33626
67.70857 2.33626
67.67827 2.33626
67.64797 2.33626
67.64757 2.33626
67.62264 2.35892
67.59696 2.38188
67.57113 2.40454
67.54475 2.42730
67.51801 2.44997
67.49083 2.47254
67.46319 2.49483
67.43488 2.51723
67.41391 2.53338
67.42232 2.53617
67.45414 2.54611
67.48728 2.55545
67.52171 2.56417
67.55725 2.57230
67.59419 2.57962
67.63233 2.58634
67.67157 2.59226
67.71191 2.59759
67.75324 2.60212
67.79557 2.60587
67.83869 2.60882
67.88260 2.61099
67.92722 2.61237
67.97232 2.61296
68.01782 2.61276
68.06381 2.61158
68.10980 2.60981
68.15597 2.60705
68.20205 2.60350
68.24792 2.59936
68.29368 2.59424
68.33904 2.58851
68.38411 2.58199
68.42857 2.57487
68.47253 2.56695
68.51569 2.55862
68.55845 2.54949
68.60042 2.53975
68.64180 2.52940
68.68239 2.51863
68.72228 2.50724
68.76139 2.49543
68.79990 2.48299
68.83753 2.47033
68.87458 2.45703
68.91085 2.44350
68.94653 2.42953
68.98154 2.41512
69.01587 2.40047
69.04962 2.38536
69.08270 2.37000
69.11531 2.35419
69.14724 2.33832
69.15127 2.33626
69.12477 2.33626
69.09447 2.33626
69.06407 2.33646
69.03377 2.33646
69.00347 2.33646
68.97317 2.33646
68.94277 2.33667
68.91247 2.33667
68.88217 2.33667
68.85187 2.33667
68.82157 2.33667
68.79127 2.33667
68.76086 2.33687
68.73056 2.33687
68.70026 2.33687
68.66986 2.33687
68.63956 2.33687
68.60926 2.33687
68.57896 2.33687
68.54856 2.33708
68.51826 2.33708
68.48786 2.33708
68.45756 2.33708
68.42726 2.33708
68.39696 2.33708
68.36656 2.33708
68.33626 2.33708
68.30596 2.33708
68.27566 2.33708
68.24526 2.33708
68.21496 2.33708
68.18466 2.33708
68.15436 2.33708
68.12396 2.33708
68.09366 2.33708
68.06336 2.33708
68.03306 2.33708
68.00266 2.33708
67.97236 2.33708
67.94206 2.33708
67.91176 2.33708
67.88136 2.33708
67.85106 2.33708
67.82076 2.33708
67.79046 2.33708
67.76016 2.33708
67.72976 2.33708
67.69946 2.33708
67.66926 2.33687
67.63896 2.33687
67.63806 2.33687
67.61384 2.35933
67.58815 2.38229
67.56757 2.40006
67.56179 2.39843
67.54614 2.39312
67.52373 2.40413
67.51809 2.40882
67.49082 2.43095
67.46300 2.45320
67.43462 2.47516
67.40578 2.49703
67.37619 2.51883
67.34583 2.54055
67.31470 2.56199
67.28271 2.58337
67.24976 2.60449
67.21563 2.62555
67.18023 2.64654
67.14345 2.66709
67.10510 2.68759
67.06487 2.70785
67.02276 2.72767
66.97817 2.74746
66.93109 2.76662
66.89801 2.77938
66.91052 2.78517
66.95043 2.80215
66.97309 2.81082
66.93859 2.81082
66.86659 2.81062
66.79459 2.81062
66.72258 2.81043
66.69658 2.81043
66.73468 2.79983
66.79127 2.78266
66.84426 2.76507
66.89426 2.74688
66.94157 2.72826
66.98639 2.70921
67.02903 2.68993
67.06959 2.67042
67.10867 2.65046
67.14597 2.63046
67.18210 2.61001
67.21685 2.58950
67.25043 2.56873
67.28305 2.54790
67.31490 2.52681
67.34578 2.50564
67.37600 2.48420
67.40546 2.46268
67.43436 2.44108
67.46261 2.41939
67.49050 2.39741
67.51783 2.37533
67.54472 2.35337
67.57126 2.33109
67.59745 2.30871
67.62329 2.28621
67.64890 2.26360
67.67416 2.24087
67.69909 2.21823
67.72398 2.19524
67.74854 2.17212
67.77307 2.14886
67.79727 2.12566
67.82124 2.10232
67.84519 2.07882
67.86902 2.05515
67.89264 2.03132
67.91635 2.00731
67.92622 1.99715
67.91362 1.99715
67.89162 1.99715
67.86972 1.99715
67.84782 1.99715
67.82592 1.99715
67.80392 1.99715
67.78202 1.99715
67.76012 1.99715
67.73822 1.99715
67.71632 1.99715
67.69432 1.99715
67.67242 1.99715
67.65052 1.99715
67.62862 1.99715
67.60662 1.99715
67.58472 1.99715
67.56282 1.99715
67.54092 1.99715
67.51902 1.99715
67.49702 1.99715
67.47512 1.99715
67.45322 1.99715
67.43132 1.99715
67.40932 1.99715
67.38742 1.99715
67.36552 1.99715
67.34362 1.99715
67.32172 1.99715
67.29972 1.99715
67.27782 1.99715
67.25592 1.99715
67.23402 1.99715
67.21202 1.99715
67.19012 1.99715
67.16822 1.99715
67.14632 1.99715
67.12432 1.99715
67.10242 1.99715
67.08052 1.99715
67.05862 1.99715
67.03672 1.99715
67.01472 1.99715
66.99282 1.99715
66.97092 1.99715
66.94902 1.99715
66.92702 1.99715
66.90512 1.99715
66.88322 1.99715
66.86132 1.99715
66.83942 1.99715
66.81742 1.99715
66.79552 1.99715
66.77362 1.99715
66.75172 1.99715
66.72972 1.99715
66.70782 1.99715
66.68592 1.99715
66.66402 1.99715
66.64212 1.99715
66.62012 1.99715
66.59822 1.99715
66.57632 1.99715
66.55442 1.99715
66.53242 1.99715
66.51052 1.99715
66.48862 1.99715
66.46672 1.99715
66.44482 1.99715
66.42282 1.99715
66.40092 1.99715
66.37902 1.99715
66.35712 1.99715
66.33512 1.99715
66.31322 1.99715
66.29132 1.99715
66.26942 1.99715
66.24752 1.99715
66.22552 1.99715
66.20362 1.99715
66.18172 1.99715
66.15982 1.99715
66.13782 1.99715
66.11592 1.99715
66.09402 1.99715
66.07212 1.99715
66.05012 1.99715
66.02822 1.99715
66.00632 1.99715
65.98442 1.99715
65.96252 1.99715
65.94052 1.99715
65.91862 1.99715
65.89672 1.99715
65.87482 1.99715
65.86002 1.99715
65.85247 2.00505
65.82905 2.02931
65.80561 2.05338
65.78216 2.07727
65.75839 2.10122
65.73470 2.12479
65.71079 2.14842
65.68675 2.17191
65.66248 2.19524
65.63797 2.21865
65.61344 2.24172
65.58867 2.26465
65.56346 2.28767
65.53811 2.31058
65.51252 2.33316
65.48648 2.35583
65.46010 2.37841
65.44334 2.39251
65.44127 2.39965
65.46779 2.40841
65.49503 2.41675
65.52307 2.42467
65.55192 2.43217
65.58157 2.43885
65.61194 2.44532
65.64311 2.45098
65.67489 2.45623
65.70747 2.46087
65.74065 2.46489
65.77444 2.46832
65.80883 2.47114
65.84373 2.47335
65.87902 2.47496
65.91482 2.47596
65.95112 2.47616
65.98752 2.47596
66.02422 2.47516
66.06123 2.47355
66.09823 2.47154
66.13544 2.46872
66.17265 2.46550
66.20987 2.46147
66.24698 2.45703
66.28421 2.45179
66.30612 2.44856
66.29202 2.44856
66.25702 2.44856
66.22212 2.44856
66.18712 2.44856
66.15222 2.44856
66.11722 2.44856
66.08222 2.44856
66.04732 2.44856
66.01232 2.44856
65.97742 2.44856
65.94242 2.44856
65.90752 2.44856
65.87252 2.44856
65.83762 2.44856
65.80262 2.44856
65.76772 2.44856
65.73272 2.44856
65.69782 2.44856
65.66282 2.44856
65.62792 2.44856
65.59292 2.44856
65.59212 2.44856
65.57254 2.46872
65.57684 2.46953
65.60882 2.47576
65.64151 2.48139
65.67510 2.48641
65.70929 2.49082
65.74419 2.49463
65.77978 2.49763
65.81588 2.50024
65.85258 2.50204
65.88978 2.50324
65.92728 2.50384
65.96528 2.50364
66.00338 2.50304
66.04188 2.50144
66.08048 2.49944
66.11908 2.49683
66.15789 2.49343
66.19659 2.48942
66.23520 2.48480
66.27361 2.47978
66.31192 2.47395
66.35004 2.46751
66.38777 2.46066
66.42530 2.45320
66.46244 2.44512
66.49929 2.43662
66.53575 2.42751
66.56200 2.42061
66.55280 2.42061
66.51910 2.42061
66.48550 2.42061
66.45180 2.42061
66.41820 2.42061
66.38450 2.42061
66.35080 2.42061
66.31720 2.42061
66.28350 2.42061
66.24990 2.42061
66.21620 2.42061
66.18250 2.42061
66.14890 2.42061
66.11520 2.42061
66.08160 2.42061
66.04790 2.42061
66.01420 2.42061
65.98049 2.42081
65.94690 2.42061
65.91330 2.42061
65.87960 2.42061
65.84600 2.42061
65.81230 2.42061
65.77849 2.42081
65.74500 2.42061
65.71119 2.42081
65.67759 2.42081
65.64400 2.42061
65.61019 2.42081
65.57960 2.42061
65.57748 2.42284
65.55353 2.44633
65.52934 2.46993
65.51150 2.48701
65.52009 2.48922
65.55248 2.49603
65.58558 2.50244
65.61968 2.50824
65.65448 2.51344
65.69009 2.51803
65.72649 2.52202
65.76359 2.52521
65.80130 2.52780
65.83960 2.52960
65.87840 2.53079
65.91770 2.53119
65.95730 2.53099
65.99720 2.53019
66.03730 2.52860
66.07750 2.52641
66.11789 2.52342
66.15819 2.51983
66.19838 2.51563
66.23848 2.51084
66.27848 2.50524
66.31818 2.49904
66.35749 2.49242
66.39660 2.48500
66.43532 2.47717
66.47364 2.46872
66.51147 2.45986
66.54881 2.45037
66.58587 2.44027
66.62233 2.42994
66.65831 2.41898
66.69380 2.40760
66.72881 2.39578
66.73784 2.39272
66.71384 2.39272
66.68144 2.39272
66.64894 2.39272
66.61654 2.39272
66.58404 2.39272
66.55164 2.39272
66.51914 2.39272
66.48664 2.39272
66.45424 2.39272
66.42174 2.39272
66.38934 2.39272
66.35684 2.39272
66.32444 2.39272
66.29194 2.39272
66.25944 2.39272
66.22704 2.39272
66.19454 2.39272
66.16214 2.39272
66.12964 2.39272
66.09724 2.39272
66.06474 2.39272
66.03224 2.39272
65.99984 2.39272
65.96734 2.39272
65.93494 2.39272
65.90244 2.39272
65.87004 2.39272
65.83754 2.39272
65.80514 2.39272
65.77264 2.39272
65.74014 2.39272
65.70774 2.39272
65.67524 2.39272
65.64284 2.39272
65.61034 2.39272
65.57794 2.39272
65.56894 2.39272
65.55128 2.40963
65.52641 2.43318
65.50139 2.45643
65.47611 2.47958
65.45028 2.50284
65.44888 2.50404
65.47908 2.51184
65.51219 2.51923
65.54610 2.52621
65.58111 2.53258
65.61702 2.53816
65.65383 2.54313
65.69145 2.54750
65.72986 2.55108
65.76897 2.55406
65.80878 2.55624
65.84919 2.55783
65.89009 2.55842
65.93129 2.55862
65.97299 2.55783
66.01478 2.55644
66.05687 2.55426
66.09886 2.55148
66.14095 2.54790
66.18294 2.54373
66.22472 2.53876
66.26631 2.53318
66.30760 2.52701
66.34859 2.52003
66.38918 2.51264
66.42928 2.50464
66.46888 2.49603
66.50810 2.48681
66.54682 2.47697
66.58485 2.46691
66.62249 2.45603
66.65944 2.44492
66.69591 2.43318
66.73179 2.42122
66.76719 2.40861
66.80191 2.39578
66.83615 2.38250
66.86991 2.36877
66.88007 2.36467
66.85857 2.36446
66.82707 2.36467
66.79587 2.36446
66.76437 2.36467
66.73317 2.36446
66.70187 2.36446
66.67047 2.36446
66.63917 2.36446
66.60787 2.36446
66.57647 2.36446
66.54517 2.36446
66.51377 2.36446
66.48247 2.36446
66.45117 2.36446
66.41977 2.36446
66.38847 2.36446
66.35717 2.36446
66.32577 2.36446
66.29447 2.36446
66.26307 2.36446
66.23177 2.36446
66.20047 2.36446
66.16907 2.36446
66.13777 2.36446
66.10647 2.36446
66.07507 2.36446
66.04377 2.36446
66.01237 2.36446
65.98107 2.36446
65.94967 2.36467
65.91837 2.36446
65.88707 2.36446
65.85577 2.36446
65.82427 2.36467
65.79307 2.36446
65.76167 2.36446
65.73037 2.36446
65.69907 2.36446
65.66767 2.36446
65.63637 2.36446
65.60507 2.36446
65.57367 2.36446
65.56027 2.36446
65.54600 2.37779
65.52086 2.40108
65.49537 2.42406
65.46953 2.44714
65.44334 2.47013
65.41679 2.49282
65.38958 2.51563
65.38479 2.51963
65.41120 2.52701
65.44401 2.53557
65.47794 2.54353
65.51296 2.55088
65.54908 2.55763
65.58621 2.56378
65.62454 2.56893
65.66366 2.57368
65.70368 2.57764
65.74450 2.58080
65.78611 2.58318
65.82832 2.58476
65.87103 2.58574
65.91433 2.58574
65.95782 2.58515
66.00162 2.58377
66.04560 2.58159
66.08959 2.57863
66.13367 2.57487
66.17744 2.57051
66.22102 2.56536
66.26439 2.55961
66.30737 2.55307
66.34994 2.54591
66.39202 2.53816
66.43350 2.52980
66.47449 2.52082
66.51498 2.51124
66.55468 2.50124
66.59389 2.49062
66.63251 2.47938
66.67044 2.46792
66.70769 2.45582
66.74435 2.44330
66.78043 2.43035
66.81582 2.41695
66.85064 2.40332
66.88488 2.38924
66.91844 2.37492
66.95152 2.36015
66.98414 2.34492
67.00247 2.33626
66.98937 2.33626
66.95907 2.33626
66.92877 2.33626
66.89847 2.33626
66.86817 2.33626
66.83787 2.33626
66.80757 2.33626
66.77737 2.33626
66.74707 2.33626
66.71677 2.33626
66.68647 2.33626
66.65617 2.33626
66.62587 2.33626
66.59557 2.33626
66.56527 2.33626
66.53497 2.33626
66.50467 2.33626
66.47437 2.33626
66.44407 2.33626
66.41377 2.33626
66.38347 2.33626
66.35327 2.33626
66.32297 2.33626
66.29267 2.33626
66.26237 2.33626
66.23207 2.33626
66.20177 2.33626
66.17147 2.33626
66.14117 2.33626
66.11087 2.33626
66.08057 2.33626
66.05027 2.33626
66.01997 2.33626
65.98967 2.33626
65.95937 2.33626
65.92917 2.33626
65.89887 2.33626
65.86857 2.33626
65.83827 2.33626
65.80797 2.33626
65.77767 2.33626
65.74737 2.33626
65.71707 2.33626
65.68677 2.33626
65.65647 2.33626
65.62617 2.33626
65.59587 2.33626
65.56557 2.33626
65.55317 2.33626
65.53827 2.34987
65.51287 2.37267
65.48701 2.39557
65.46081 2.41837
65.43426 2.44108
65.40736 2.46348
65.37980 2.48601
65.35168 2.50844
65.32310 2.53059
65.31951 2.53338
65.34703 2.54214
65.37956 2.55187
65.41350 2.56080
65.44864 2.56913
65.48498 2.57685
65.52262 2.58377
65.56146 2.59009
65.60129 2.59562
65.64232 2.60035
65.68426 2.60449
65.72708 2.60784
65.77070 2.61020
65.81501 2.61197
65.86002 2.61276
65.90532 2.61296
65.95111 2.61217
65.99710 2.61060
66.04328 2.60823
66.08936 2.60508
66.13533 2.60114
66.18120 2.59641
66.22676 2.59088
66.27182 2.58476
66.31648 2.57784
66.36074 2.57012
66.40430 2.56199
66.44727 2.55307
66.48954 2.54353
66.53111 2.53358
66.57189 2.52302
66.61208 2.51184
66.65158 2.50024
66.69029 2.48801
66.72832 2.47536
66.76556 2.46248
66.80212 2.44896
66.83800 2.43521
66.87329 2.42081
66.90781 2.40638
66.94196 2.39129
66.97522 2.37615
67.00802 2.36056
67.04024 2.34471
67.05687 2.33626
67.04247 2.33626
67.01217 2.33626
66.98177 2.33646
66.95147 2.33646
66.92117 2.33646
66.89087 2.33646
66.86057 2.33646
66.83017 2.33667
66.79977 2.33667
66.76947 2.33667
66.73917 2.33667
66.70887 2.33667
66.67846 2.33687
66.64816 2.33687
66.61786 2.33687
66.58756 2.33687
66.55726 2.33687
66.52686 2.33687
66.49656 2.33687
66.46616 2.33708
66.43586 2.33708
66.40556 2.33708
66.37516 2.33708
66.34486 2.33708
66.31456 2.33708
66.28426 2.33708
66.25396 2.33708
66.22356 2.33708
66.19326 2.33708
66.16296 2.33708
66.13266 2.33708
66.10226 2.33708
66.07196 2.33708
66.04166 2.33708
66.01136 2.33708
65.98096 2.33708
65.95066 2.33708
65.92036 2.33708
65.89006 2.33708
65.85966 2.33708
65.82936 2.33708
65.79906 2.33708
65.76876 2.33708
65.73836 2.33708
65.70806 2.33708
65.67776 2.33708
65.64746 2.33708
65.61706 2.33708
65.58676 2.33708
65.55656 2.33687
65.54366 2.33687
65.52936 2.35028
65.50406 2.37328
65.47801 2.39598
65.46974 2.40312
65.45241 2.39618
65.44484 2.39312
65.41453 2.41634
65.38708 2.43845
65.35907 2.46066
65.33050 2.48259
65.30138 2.50444
65.27150 2.52621
65.24105 2.54770
65.20954 2.56933
65.17726 2.59048
65.14381 2.61178
65.10939 2.63262
65.07350 2.65340
65.03614 2.67413
64.99729 2.69442
64.95637 2.71466
64.91347 2.73447
64.86808 2.75404
64.82000 2.77319
64.80361 2.77938
64.82902 2.79096
64.87053 2.80773
64.88282 2.81236
64.83032 2.81236
64.75792 2.81236
64.68552 2.81236
64.61302 2.81236
64.59512 2.81236
64.64018 2.79983
64.69677 2.78266
64.74976 2.76507
64.79976 2.74688
64.84707 2.72826
64.89180 2.70941
64.93453 2.68993
64.97519 2.67042
65.01417 2.65046
65.05147 2.63046
65.08760 2.61001
65.12235 2.58950
65.15603 2.56873
65.18865 2.54790
65.22040 2.52681
65.25128 2.50564
65.28150 2.48420
65.31106 2.46268
65.33986 2.44108
65.36821 2.41939
65.39600 2.39741
65.42333 2.37554
65.45032 2.35337
65.47686 2.33109
65.50305 2.30871
65.52889 2.28621
65.55440 2.26360
65.57966 2.24108
65.60469 2.21823
65.62948 2.19524
65.65414 2.17212
65.67846 2.14907
65.70277 2.12566
65.72684 2.10232
65.75079 2.07882
65.77452 2.05515
65.79824 2.03132
65.82185 2.00731
65.83735 1.99150
65.82995 1.99150
65.80815 1.99150
65.78625 1.99150
65.76445 1.99150
65.74265 1.99150
65.72075 1.99150
65.69895 1.99150
65.67715 1.99150
65.65535 1.99150
65.63345 1.99150
65.61165 1.99150
65.58985 1.99150
65.56805 1.99150
65.54615 1.99150
65.52435 1.99150
65.50255 1.99150
65.48065 1.99150
65.45885 1.99150
65.43705 1.99150
65.41525 1.99150
65.39335 1.99150
65.37155 1.99150
65.34975 1.99150
65.32795 1.99150
65.30605 1.99150
65.28425 1.99150
65.26245 1.99150
65.24065 1.99150
65.21875 1.99150
65.19695 1.99150
65.17515 1.99150
65.15325 1.99150
65.13145 1.99150
65.10965 1.99150
65.08785 1.99150
65.06595 1.99150
65.04415 1.99150
65.02235 1.99150
65.00055 1.99150
64.97865 1.99150
64.95685 1.99150
64.93505 1.99150
64.91325 1.99150
64.89135 1.99150
64.86955 1.99150
64.84775 1.99150
64.82585 1.99150
64.80405 1.99150
64.78225 1.99150
64.76045 1.99150
64.73855 1.99150
64.71675 1.99150
64.69495 1.99150
64.67315 1.99150
64.65125 1.99150
64.62945 1.99150
64.60765 1.99150
64.58585 1.99150
64.56395 1.99150
64.54215 1.99150
64.52035 1.99150
64.49845 1.99150
64.47665 1.99150
64.45485 1.99150
64.43305 1.99150
64.41115 1.99150
64.38935 1.99150
64.36755 1.99150
64.34575 1.99150
64.32385 1.99150
64.30205 1.99150
64.28025 1.99150
64.25845 1.99150
64.23655 1.99150
64.21475 1.99150
64.19295 1.99150
64.17105 1.99150
64.14925 1.99150
64.12745 1.99150
64.10565 1.99150
64.08375 1.99150
64.06195 1.99150
64.04015 1.99150
64.01835 1.99150
63.99645 1.99150
63.97465 1.99150
63.95285 1.99150
63.93105 1.99150
63.90915 1.99150
63.88735 1.99150
63.86555 1.99150
63.84375 1.99150
63.82185 1.99150
63.80005 1.99150
63.77825 1.99150
63.79668 1.95803
63.81236 1.92927
63.81271 1.92858
63.83291 1.92858
63.85381 1.92858
63.87461 1.92858
63.89541 1.92858
63.91631 1.92858
63.93711 1.92858
63.95791 1.92858
63.97881 1.92858
63.99961 1.92858
64.02041 1.92858
64.04131 1.92858
64.06211 1.92858
64.08291 1.92858
64.10381 1.92858
64.12461 1.92858
64.14541 1.92858
64.16631 1.92858
64.18711 1.92858
64.20791 1.92858
64.22871 1.92858
64.23041 1.92858
64.23500 1.90420
64.24006 1.87748
64.24535 1.85050
64.25056 1.82348
64.25591 1.79618
64.26129 1.76882
64.26682 1.74116
64.27252 1.71316
64.27813 1.68533
64.28395 1.65690
64.28980 1.62861
64.29596 1.59967
64.30167 1.57247
64.30077 1.57247
64.28397 1.57247
64.26717 1.57247
64.25027 1.57247
64.23347 1.57247
64.21667 1.57247
64.19987 1.57247
64.18307 1.57247
64.16627 1.57247
64.14947 1.57247
64.13267 1.57247
64.11587 1.57247
64.09907 1.57247
64.08227 1.57247
64.06560 1.57220
64.04880 1.57220
64.03200 1.57220
64.01520 1.57220
63.99840 1.57220
63.98500 1.57220
63.98876 1.56548
64.00725 1.53151
64.02600 1.49721
64.04501 1.46198
64.05094 1.45113
64.06749 1.43242
64.09150 1.40500
64.11559 1.37742
64.13981 1.34938
64.16434 1.32053
64.18872 1.29176
64.21344 1.26211
64.23831 1.23218
64.26340 1.20160
64.28874 1.17032
64.31436 1.13828
64.34021 1.10578
64.36640 1.07240
64.39307 1.03806
64.41997 1.00305
64.44493 0.97015
64.44383 0.97015
64.43043 0.97015
64.41703 0.97015
64.40353 0.97015
64.39013 0.97015
64.37693 0.96974
64.36353 0.96974
64.35013 0.96974
64.33663 0.96974
64.32323 0.96974
64.30983 0.96974
64.29643 0.96974
64.28293 0.96974
64.26953 0.96974
64.25613 0.96974
64.24273 0.96974
64.22933 0.96974
64.21583 0.96974
64.20243 0.96974
64.18903 0.96974
64.17563 0.96974
64.16213 0.96974
64.14873 0.96974
64.13533 0.96974
64.12193 0.96974
64.10853 0.96974
64.09503 0.96974
64.08163 0.96974
64.06823 0.96974
64.05483 0.96974
64.04133 0.96974
64.02793 0.96974
64.01453 0.96974
64.00113 0.96974
63.98773 0.96974
63.97423 0.96974
63.96083 0.96974
63.94743 0.96974
63.93403 0.96974
63.92053 0.96974
63.90713 0.96974
63.89373 0.96974
63.88033 0.96974
63.86693 0.96974
63.85343 0.96974
63.84003 0.96974
63.82663 0.96974
63.81323 0.96974
63.79983 0.96974
63.78633 0.96974
63.77293 0.96974
63.75953 0.96974
63.74613 0.96974
63.73263 0.96974
63.71923 0.96974
63.70583 0.96974
63.69243 0.96974
63.67903 0.96974
63.66553 0.96974
63.65213 0.96974
63.63873 0.96974
63.62533 0.96974
63.61183 0.96974
63.59843 0.96974
63.58503 0.96974
63.57163 0.96974
63.55823 0.96974
63.54473 0.96974
63.53133 0.96974
63.51793 0.96974
63.50453 0.96974
63.49103 0.96974
63.47763 0.96974
63.46423 0.96974
63.45083 0.96974
63.43743 0.96974
63.42393 0.96974
63.41053 0.96974
63.39713 0.96974
63.38373 0.96974
63.37023 0.96974
63.35683 0.96974
63.34343 0.96974
63.33003 0.96974
63.31663 0.96974
63.30313 0.96974
63.28973 0.96974
63.27633 0.96974
63.26293 0.96974
63.24953 0.96974
63.23603 0.96974
63.22263 0.96974
63.20923 0.96974
63.19583 0.96974
63.18233 0.96974
63.16893 0.96974
63.15553 0.96974
63.14213 0.96974
63.12873 0.96974
63.11523 0.96974
63.10183 0.96974
63.08843 0.96974
63.07503 0.96974
63.06153 0.96974
63.04813 0.96974
63.03473 0.96974
63.02133 0.96974
63.00793 0.96974
62.99443 0.96974
62.98103 0.96974
62.96763 0.96974
62.95423 0.96974
62.94073 0.96974
62.92733 0.96974
62.91393 0.96974
62.90053 0.96974
62.88713 0.96974
62.87363 0.96974
62.86023 0.96974
62.84683 0.96974
62.83343 0.96974
62.81993 0.96974
62.80653 0.96974
62.79313 0.96974
62.77973 0.96974
62.76633 0.96974
62.75283 0.96974
62.73943 0.96974
62.72603 0.96974
62.71263 0.96974
62.69923 0.96974
62.68633 0.96974
62.68581 0.97137
62.67720 1.00739
62.66897 1.04265
62.66146 1.07649
62.65442 1.10975
62.64765 1.14250
62.64145 1.17409
62.63556 1.20529
62.63011 1.23579
62.62491 1.26597
62.62019 1.29523
62.61578 1.32424
62.61164 1.35272
62.60785 1.38071
62.60414 1.40852
62.60086 1.43589
62.59914 1.45113
62.60604 1.45113
62.62184 1.45113
62.63774 1.45113
62.65364 1.45113
62.66954 1.45113
62.68534 1.45113
62.70124 1.45113
62.71714 1.45113
62.73304 1.45113
62.74884 1.45113
62.76474 1.45113
62.78064 1.45113
62.79644 1.45113
62.81234 1.45113
62.82824 1.45113
62.84414 1.45113
62.85994 1.45113
62.87584 1.45113
62.89174 1.45113
62.90754 1.45113
62.92344 1.45113
62.93934 1.45113
62.95524 1.45113
62.97104 1.45113
62.98694 1.45113
63.00284 1.45113
63.01864 1.45113
63.03454 1.45113
63.05044 1.45113
63.06634 1.45113
63.08214 1.45113
63.09804 1.45113
63.11394 1.45113
63.12984 1.45113
63.14564 1.45113
63.16154 1.45113
63.17744 1.45113
63.19324 1.45113
63.20914 1.45113
63.22504 1.45113
63.24094 1.45113
63.25674 1.45113
63.27264 1.45113
63.28854 1.45113
63.30434 1.45113
63.32024 1.45113
63.33614 1.45113
63.35204 1.45113
63.36784 1.45113
63.38374 1.45113
63.39964 1.45113
63.41544 1.45113
63.43134 1.45113
63.44724 1.45113
63.46314 1.45113
63.47894 1.45113
63.49484 1.45113
63.51074 1.45113
63.52664 1.45113
63.54244 1.45113
63.55834 1.45113
63.57424 1.45113
63.59004 1.45113
63.60594 1.45113
63.62184 1.45113
63.63774 1.45113
63.65354 1.45113
63.66944 1.45113
63.68534 1.45113
63.70114 1.45113
63.71704 1.45113
63.73294 1.45113
63.74884 1.45113
63.76464 1.45113
63.78054 1.45113
63.79644 1.45113
63.81224 1.45113
63.82814 1.45113
63.84404 1.45113
63.85994 1.45113
63.87574 1.45113
63.89164 1.45113
63.90754 1.45113
63.92344 1.45113
63.93924 1.45113
63.95514 1.45113
63.97104 1.45113
63.98684 1.45113
64.00274 1.45113
64.01864 1.45113
64.03454 1.45113
64.04474 1.45113
64.03806 1.46368
64.01936 1.49888
64.00112 1.53315
63.98295 1.56709
63.97993 1.57274
63.96583 1.57274
63.94903 1.57274
63.93223 1.57274
63.91557 1.57247
63.89877 1.57247
63.88197 1.57247
63.86517 1.57247
63.84837 1.57247
63.83157 1.57247
63.81477 1.57247
63.79797 1.57247
63.78107 1.57247
63.76427 1.57247
63.74747 1.57247
63.73067 1.57247
63.71387 1.57247
63.69707 1.57247
63.68027 1.57247
63.66347 1.57247
63.64667 1.57247
63.62987 1.57247
63.61307 1.57247
63.59627 1.57247
63.57947 1.57247
63.56267 1.57247
63.54587 1.57247
63.52897 1.57247
63.51217 1.57247
63.49537 1.57247
63.47857 1.57247
63.46177 1.57247
63.44497 1.57247
63.42817 1.57247
63.41137 1.57247
63.39457 1.57247
63.37777 1.57247
63.36097 1.57247
63.34417 1.57247
63.32737 1.57247
63.31057 1.57247
63.29377 1.57247
63.27710 1.57220
63.26020 1.57220
63.24340 1.57220
63.22660 1.57220
63.20980 1.57220
63.19300 1.57220
63.17620 1.57220
63.15940 1.57220
63.14260 1.57220
63.12580 1.57220
63.10900 1.57220
63.09220 1.57220
63.07540 1.57220
63.05860 1.57220
63.04180 1.57220
63.02500 1.57220
63.00820 1.57220
62.99140 1.57220
62.97460 1.57220
62.95780 1.57220
62.94090 1.57220
62.92410 1.57220
62.90730 1.57220
62.89050 1.57220
62.87370 1.57220
62.85690 1.57220
62.84010 1.57220
62.82330 1.57220
62.80650 1.57220
62.78970 1.57220
62.77290 1.57220
62.75610 1.57220
62.73930 1.57220
62.72250 1.57220
62.70570 1.57220
62.68890 1.57220
62.67210 1.57220
62.65530 1.57220
62.63840 1.57220
62.62160 1.57220
62.60480 1.57220
62.58810 1.57220
62.58807 1.57247
62.58639 1.59782
62.58507 1.62285
62.58390 1.64759
62.58294 1.67231
62.58235 1.69651
62.58185 1.72069
62.58191 1.74438
62.58196 1.76809
62.58232 1.79156
62.58299 1.81482
62.58397 1.83786
62.58515 1.86071
62.58662 1.88336
62.58849 1.90583
62.59066 1.92789
62.59071 1.92858
62.61091 1.92858
62.63181 1.92858
62.65261 1.92858
62.67341 1.92858
62.69431 1.92858
62.71511 1.92858
62.73591 1.92858
62.75681 1.92858
62.77761 1.92858
62.79841 1.92858
62.81931 1.92858
62.84011 1.92858
62.86091 1.92858
62.88181 1.92858
62.90261 1.92858
62.92341 1.92858
62.94431 1.92858
62.96511 1.92858
62.98591 1.92858
63.00671 1.92858
63.02761 1.92858
63.04841 1.92858
63.06921 1.92858
63.09011 1.92858
63.11091 1.92858
63.13171 1.92858
63.15261 1.92858
63.17341 1.92858
63.19421 1.92858
63.21511 1.92858
63.23591 1.92858
63.25671 1.92858
63.27761 1.92858
63.29841 1.92858
63.31921 1.92858
63.34011 1.92858
63.36091 1.92858
63.38171 1.92858
63.40261 1.92858
63.42341 1.92858
63.44421 1.92858
63.46511 1.92858
63.48591 1.92858
63.50671 1.92858
63.52751 1.92858
63.54841 1.92858
63.56921 1.92858
63.59001 1.92858
63.61091 1.92858
63.63171 1.92858
63.65251 1.92858
63.67341 1.92858
63.69421 1.92858
63.71501 1.92858
63.73591 1.92858
63.75671 1.92858
63.77751 1.92858
63.79841 1.92858
63.80051 1.92858
63.81921 1.92858
63.84001 1.92858
63.86091 1.92858
63.88159 1.92881
63.90239 1.92881
63.92329 1.92881
63.94409 1.92881
63.96489 1.92881
63.98579 1.92881
64.00659 1.92881
64.02749 1.92881
64.04829 1.92881
64.06909 1.92881
64.08988 1.92904
64.11068 1.92904
64.13148 1.92904
64.15238 1.92904
64.17318 1.92904
64.19408 1.92904
64.21488 1.92904
64.23568 1.92904
64.25658 1.92904
64.27738 1.92904
64.29818 1.92904
64.31908 1.92904
64.33988 1.92904
64.36078 1.92904
64.38158 1.92904
64.40238 1.92904
64.42339 1.92881
64.44419 1.92881
64.46499 1.92881
64.48589 1.92881
64.50669 1.92881
64.52749 1.92881
64.54839 1.92881
64.56919 1.92881
64.59009 1.92881
64.61089 1.92881
64.63181 1.92858
64.65271 1.92858
64.67351 1.92858
64.68511 1.92858
64.68409 1.91862
64.68217 1.89626
64.68045 1.87371
64.67899 1.85121
64.67786 1.82828
64.67702 1.80515
64.67650 1.78181
64.67628 1.75824
64.67628 1.73444
64.67648 1.71065
64.67702 1.68635
64.67768 1.66205
64.67866 1.63747
64.68003 1.61235
64.68151 1.58718
64.68321 1.56197
64.68522 1.53616
64.68760 1.51000
64.69002 1.48376
64.69283 1.45713
64.69595 1.43010
64.69928 1.40264
64.70288 1.37503
64.70688 1.34664
64.71108 1.31805
64.71564 1.28892
64.72043 1.25953
64.72553 1.22954
64.73115 1.19890
64.73712 1.16756
64.74347 1.13546
64.75016 1.10288
64.75739 1.06943
64.76520 1.03499
64.77336 0.99989
64.78073 0.96974
64.78303 0.96974
64.79643 0.96974
64.80983 0.96974
64.82323 0.96974
64.83673 0.96974
64.84993 0.97015
64.86353 0.96974
64.87673 0.97015
64.89013 0.97015
64.90383 0.96974
64.91703 0.97015
64.93043 0.97015
64.94383 0.97015
64.95733 0.97015
64.97093 0.96974
64.98433 0.96974
64.99753 0.97015
65.01093 0.97015
65.02463 0.96974
65.03783 0.97015
65.05123 0.97015
65.06463 0.97015
65.07813 0.97015
65.09153 0.97015
65.10493 0.97015
65.11833 0.97015
65.13193 0.96974
65.14523 0.97015
65.15863 0.97015
65.17203 0.97015
65.18543 0.97015
65.19893 0.97015
65.21233 0.97015
65.22593 0.96974
65.23913 0.97015
65.25253 0.97015
65.26603 0.97015
65.27943 0.97015
65.29283 0.97015
65.30623 0.97015
65.31963 0.97015
65.33313 0.97015
65.34653 0.97015
65.35993 0.97015
65.37333 0.97015
65.38683 0.97015
65.40023 0.97015
65.41363 0.97015
65.42703 0.97015
65.44043 0.97015
65.45393 0.97015
65.46733 0.97015
65.48073 0.97015
65.49413 0.97015
65.50763 0.97015
65.52103 0.97015
65.53443 0.97015
65.54783 0.97015
65.56123 0.97015
65.57473 0.97015
65.58813 0.97015
65.60153 0.97015
65.61493 0.97015
65.62843 0.97015
65.64183 0.97015
65.65523 0.97015
65.66863 0.97015
65.68203 0.97015
65.69553 0.97015
65.70893 0.97015
65.72233 0.97015
65.73573 0.97015
65.74923 0.97015
65.76263 0.97015
65.77603 0.97015
65.78943 0.97015
65.80283 0.97015
65.81633 0.97015
65.82973 0.97015
65.84313 0.97015
65.85653 0.97015
65.86993 0.97015
65.88343 0.97015
65.89683 0.97015
65.91023 0.97015
65.92363 0.97015
65.93713 0.97015
65.95053 0.97015
65.96393 0.97015
65.97733 0.97015
65.99073 0.97015
66.00423 0.97015
66.01763 0.97015
66.03103 0.97015
66.04443 0.97015
66.05793 0.97015
66.07133 0.97015
66.08473 0.97015
66.09813 0.97015
66.11153 0.97015
66.12503 0.97015
66.13843 0.97015
66.19883 0.97015
66.21223 0.97015
66.22563 0.97015
66.23913 0.97015
66.25253 0.97015
66.26593 0.97015
66.27953 0.96974
66.29273 0.97015
66.30623 0.97015
66.31963 0.97015
66.33303 0.97015
66.34643 0.97015
66.35983 0.97015
66.37333 0.97015
66.38673 0.97015
66.40033 0.96974
66.41373 0.96974
66.42693 0.97015
66.44063 0.96974
66.45403 0.96974
66.46723 0.97015
66.48063 0.97015
66.49413 0.97015
66.50773 0.96974
66.52093 0.97015
66.53433 0.97015
66.53933 0.97015
66.52224 0.99273
66.49517 1.02806
66.46845 1.06270
66.44213 1.09634
66.41616 1.12908
66.39060 1.16099
66.36515 1.19249
66.33996 1.22327
66.31510 1.25339
66.29029 1.28321
66.26567 1.31245
66.24123 1.34115
66.21703 1.36933
66.19288 1.39704
66.16881 1.42459
66.14534 1.45113
66.14504 1.45113
66.12914 1.45113
66.11324 1.45113
66.09744 1.45113
66.08154 1.45113
66.06564 1.45113
66.04984 1.45113
66.03394 1.45113
66.01804 1.45113
66.00214 1.45113
65.98634 1.45113
65.97044 1.45113
65.95454 1.45113
65.93874 1.45113
65.92284 1.45113
65.90694 1.45113
65.89104 1.45113
65.87524 1.45113
65.85934 1.45113
65.84344 1.45113
65.82764 1.45113
65.81174 1.45113
65.79584 1.45113
65.78004 1.45113
65.76414 1.45113
65.74824 1.45113
65.73234 1.45113
65.71654 1.45113
65.70064 1.45113
65.68474 1.45113
65.66894 1.45113
65.65304 1.45113
65.63714 1.45113
65.62124 1.45113
65.60544 1.45113
65.58954 1.45113
65.57364 1.45113
65.55784 1.45113
65.54194 1.45113
65.52604 1.45113
65.51014 1.45113
65.49434 1.45113
65.47844 1.45113
65.46254 1.45113
65.44674 1.45113
65.43084 1.45113
65.41494 1.45113
65.39914 1.45113
65.38324 1.45113
65.36734 1.45113
65.35144 1.45113
65.33564 1.45113
65.31974 1.45113
65.30384 1.45113
65.28804 1.45113
65.27214 1.45113
65.25624 1.45113
65.24034 1.45113
65.22454 1.45113
65.20849 1.45142
65.19259 1.45142
65.17669 1.45142
65.16089 1.45142
65.14499 1.45142
65.12909 1.45142
65.11329 1.45142
65.09739 1.45142
65.08149 1.45142
65.06559 1.45142
65.04979 1.45142
65.03389 1.45142
65.01799 1.45142
65.00209 1.45142
64.98629 1.45142
64.97039 1.45142
64.95449 1.45142
64.93859 1.45142
64.92265 1.45170
64.90675 1.45170
64.89085 1.45170
64.87495 1.45170
64.85915 1.45170
64.84325 1.45170
64.82735 1.45170
64.81145 1.45170
64.79565 1.45170
64.77975 1.45170
64.76385 1.45170
64.74795 1.45170
64.73215 1.45170
64.71625 1.45170
64.70021 1.45199
64.69471 1.45199
64.69292 1.46936
64.69029 1.49581
64.68796 1.52189
64.68599 1.54761
64.68460 1.57220
64.68477 1.57247
64.70170 1.57220
64.71837 1.57247
64.73517 1.57247
64.75207 1.57247
64.76887 1.57247
64.78567 1.57247
64.80247 1.57247
64.81927 1.57247
64.83607 1.57247
64.85300 1.57220
64.86980 1.57220
64.88647 1.57247
64.90340 1.57220
64.92020 1.57220
64.93687 1.57247
64.95367 1.57247
64.97047 1.57247
64.98727 1.57247
65.00420 1.57220
65.02087 1.57247
65.03780 1.57220
65.05460 1.57220
65.07127 1.57247
65.08807 1.57247
65.10510 1.57220
65.12190 1.57220
65.13857 1.57247
65.15537 1.57247
65.17230 1.57220
65.18897 1.57247
65.20590 1.57220
65.22270 1.57220
65.23950 1.57220
65.25630 1.57220
65.27310 1.57220
65.28990 1.57220
65.30670 1.57220
65.32350 1.57220
65.34017 1.57247
65.35710 1.57220
65.37377 1.57247
65.39070 1.57220
65.40750 1.57220
65.42430 1.57220
65.44120 1.57220
65.45800 1.57220
65.47467 1.57247
65.49160 1.57220
65.50840 1.57220
65.52520 1.57220
65.54200 1.57220
65.55867 1.57247
65.57547 1.57247
65.59240 1.57220
65.60920 1.57220
65.62600 1.57220
65.64280 1.57220
65.65960 1.57220
65.67627 1.57247
65.69320 1.57220
65.70987 1.57247
65.72680 1.57220
65.74360 1.57220
65.76027 1.57247
65.77707 1.57247
65.79410 1.57220
65.81090 1.57220
65.82770 1.57220
65.84437 1.57247
65.86130 1.57220
65.87797 1.57247
65.89477 1.57247
65.91157 1.57247
65.92837 1.57247
65.94530 1.57220
65.96210 1.57220
65.97877 1.57247
65.99557 1.57247
66.01250 1.57220
66.02917 1.57247
66.04597 1.57247
66.06277 1.57247
66.07970 1.57220
66.09637 1.57247
66.11330 1.57220
66.12997 1.57247
66.14700 1.57220
66.16380 1.57220
66.18047 1.57247
66.19740 1.57220
66.21420 1.57220
66.23100 1.57220
66.24780 1.57220
66.26447 1.57247
66.28140 1.57220
66.29820 1.57220
66.31500 1.57220
66.33180 1.57220
66.34847 1.57247
66.36540 1.57220
66.38220 1.57220
66.39620 1.57220
66.39505 1.57730
66.38886 1.60628
66.38297 1.63487
66.37703 1.66333
66.37128 1.69143
66.36558 1.71944
66.35992 1.74736
66.35442 1.77496
66.34908 1.80225
66.34376 1.82948
66.33858 1.85644
66.33342 1.88336
66.32839 1.91002
66.32509 1.92742
66.31779 1.92742
66.29699 1.92742
66.27619 1.92742
66.25539 1.92742
66.23447 1.92766
66.21367 1.92766
66.19277 1.92766
66.17197 1.92766
66.15117 1.92766
66.13037 1.92766
66.10957 1.92766
66.08877 1.92766
66.06787 1.92766
66.04707 1.92766
66.02616 1.92789
66.00536 1.92789
65.98456 1.92789
65.96366 1.92789
65.94286 1.92789
65.92206 1.92789
65.90126 1.92789
65.88046 1.92789
65.85956 1.92789
65.83876 1.92789
65.81796 1.92789
65.79716 1.92789
65.77636 1.92789
65.75546 1.92789
65.73466 1.92789
65.71386 1.92789
65.69306 1.92789
65.67204 1.92812
65.65124 1.92812
65.63044 1.92812
65.60964 1.92812
65.58884 1.92812
65.56794 1.92812
65.54714 1.92812
65.52634 1.92812
65.50554 1.92812
65.48464 1.92812
65.46384 1.92812
65.44304 1.92812
65.42224 1.92812
65.40156 1.92789
65.38066 1.92789
65.35986 1.92789
65.33906 1.92789
65.31826 1.92789
65.29736 1.92789
65.27656 1.92789
65.25576 1.92789
65.23496 1.92789
65.21416 1.92789
65.19326 1.92789
65.17246 1.92789
65.15166 1.92789
65.13086 1.92789
65.11006 1.92789
65.08916 1.92789
65.06836 1.92789
65.04767 1.92766
65.02687 1.92766
65.00607 1.92766
64.98517 1.92766
64.96437 1.92766
64.94357 1.92766
64.92277 1.92766
64.90197 1.92766
64.88117 1.92766
64.86039 1.92742
64.83959 1.92742
64.81879 1.92742
64.79799 1.92742
64.77719 1.92742
64.75639 1.92742
64.73559 1.92742
64.71479 1.92742
64.69400 1.92719
64.68520 1.92719
64.68531 1.92858
64.69601 1.92858
64.71681 1.92858
64.73771 1.92858
64.75851 1.92858
64.77931 1.92858
64.80011 1.92858
64.82101 1.92858
64.84181 1.92858
64.86261 1.92858
64.88351 1.92858
64.90431 1.92858
64.92511 1.92858
64.94601 1.92858
64.96681 1.92858
64.98761 1.92858
65.00841 1.92858
65.02931 1.92858
65.05011 1.92858
65.07091 1.92858
65.09181 1.92858
65.11261 1.92858
65.13341 1.92858
65.15431 1.92858
65.17511 1.92858
65.19591 1.92858
65.21681 1.92858
65.23761 1.92858
65.25841 1.92858
65.27921 1.92858
65.30011 1.92858
65.32091 1.92858
65.34171 1.92858
65.36261 1.92858
65.38341 1.92858
65.40421 1.92858
65.42511 1.92858
65.44591 1.92858
65.46671 1.92858
65.48761 1.92858
65.50841 1.92858
65.52921 1.92858
65.55001 1.92858
65.57091 1.92858
65.59171 1.92858
65.61251 1.92858
65.63341 1.92858
65.65421 1.92858
65.67501 1.92858
65.69591 1.92858
65.71671 1.92858
65.73751 1.92858
65.75841 1.92858
65.77921 1.92858
65.80001 1.92858
65.82081 1.92858
65.84171 1.92858
65.86251 1.92858
65.88331 1.92858
65.90421 1.92858
65.92501 1.92858
65.94581 1.92858
65.96671 1.92858
65.98751 1.92858
66.00831 1.92858
66.02921 1.92858
66.05001 1.92858
66.07081 1.92858
66.09171 1.92858
66.11251 1.92858
66.13331 1.92858
66.15411 1.92858
66.17501 1.92858
66.19581 1.92858
66.21661 1.92858
66.23751 1.92858
66.25831 1.92858
66.27911 1.92858
66.30001 1.92858
66.32081 1.92858
66.34161 1.92858
66.36251 1.92858
66.38331 1.92858
66.40411 1.92858
66.42491 1.92858
66.44581 1.92858
66.46661 1.92858
66.48741 1.92858
66.50831 1.92858
66.52911 1.92858
66.54991 1.92858
66.57081 1.92858
66.59161 1.92858
66.61241 1.92858
66.63331 1.92858
66.65411 1.92858
66.67491 1.92858
66.69581 1.92858
66.71661 1.92858
66.73741 1.92858
66.75821 1.92858
66.77911 1.92858
66.77951 1.92858
66.77732 1.90676
66.77555 1.88430
66.77407 1.86166
66.77279 1.83882
66.77181 1.81578
66.77123 1.79253
66.77077 1.76907
66.77059 1.74562
66.77075 1.72169
66.77114 1.69752
66.77173 1.67334
66.77256 1.64889
66.77375 1.62390
66.77516 1.59888
66.77683 1.57354
66.77862 1.54816
66.78082 1.52216
66.78315 1.49609
66.78602 1.46936
66.78894 1.44252
66.79202 1.41555
66.79557 1.38786
66.79930 1.35999
66.80353 1.33133
66.80797 1.30246
66.81253 1.27334
66.81764 1.24331
66.82301 1.21298
66.82882 1.18196
66.83482 1.15056
66.84149 1.11802
66.84841 1.08498
66.85589 1.05101
66.86380 1.01641
66.87235 0.98069
66.87503 0.96974
66.88463 0.96974
66.89803 0.96974
66.91143 0.96974
66.92483 0.96974
66.93823 0.96974
66.95173 0.96974
66.96513 0.96974
66.97853 0.96974
66.99193 0.96974
67.00533 0.96974
67.01883 0.96974
67.03223 0.96974
67.04563 0.96974
67.05903 0.96974
67.07253 0.96974
67.08593 0.96974
67.09933 0.96974
67.11273 0.96974
67.12613 0.96974
67.13963 0.96974
67.15303 0.96974
67.16643 0.96974
67.17983 0.96974
67.19323 0.96974
67.20673 0.96974
67.22013 0.96974
67.23353 0.96974
67.24693 0.96974
67.26043 0.96974
67.27383 0.96974
67.28723 0.96974
67.30063 0.96974
67.31403 0.96974
67.32753 0.96974
67.34093 0.96974
67.35433 0.96974
67.36773 0.96974
67.38113 0.96974
67.39463 0.96974
67.40803 0.96974
67.42143 0.96974
67.43483 0.96974
67.44833 0.96974
67.46173 0.96974
67.47513 0.96974
67.48853 0.96974
67.50193 0.96974
67.51543 0.96974
67.52883 0.96974
67.54223 0.96974
67.55563 0.96974
67.56903 0.96974
67.58253 0.96974
67.59593 0.96974
67.60933 0.96974
67.62273 0.96974
67.63613 0.96974
67.64963 0.96974
67.66303 0.96974
67.67643 0.96974
67.68983 0.96974
67.70333 0.96974
67.71673 0.96974
67.73013 0.96974
67.74353 0.96974
67.75693 0.96974
67.77043 0.96974
67.78383 0.96974
67.79723 0.96974
67.81063 0.96974
67.82403 0.96974
67.83753 0.96974
67.85093 0.96974
67.86433 0.96974
67.87773 0.96974
67.89123 0.96974
67.90463 0.96974
67.91803 0.96974
67.93143 0.96974
67.94483 0.96974
67.95833 0.96974
67.97173 0.96974
67.98513 0.96974
67.99853 0.96974
68.01193 0.96974
68.02543 0.96974
68.03883 0.96974
68.05223 0.96974
68.06563 0.96974
68.07913 0.96974
68.09253 0.96974
68.10593 0.96974
68.11933 0.96974
68.13273 0.96974
68.14623 0.96974
68.15963 0.96974
68.17303 0.96974
68.18643 0.96974
68.19983 0.96974
68.21333 0.96974
68.22673 0.96974
68.24013 0.96974
68.25353 0.96974
68.26693 0.96974
68.28043 0.96974
68.29383 0.96974
68.30723 0.96974
68.32063 0.96974
68.33413 0.96974
68.34733 0.97015
68.36073 0.97015
68.37413 0.97015
68.38753 0.97015
68.40103 0.97015
68.41443 0.97015
68.42783 0.97015
68.44123 0.97015
68.45463 0.97015
68.46813 0.97015
68.48153 0.97015
68.49493 0.97015
68.50833 0.97015
68.52183 0.97015
68.53523 0.97015
68.54863 0.97015
68.56203 0.97015
68.57543 0.97015
68.58893 0.97015
68.60233 0.97015
68.61573 0.97015
68.62913 0.97015
68.63373 0.97015
68.61574 0.99392
68.58869 1.02922
68.56199 1.06382
68.53587 1.09707
68.50973 1.13014
68.48418 1.16203
68.45875 1.19350
68.43357 1.22426
68.40872 1.25436
68.38392 1.28417
68.35946 1.31308
68.33502 1.34176
68.31058 1.37023
68.28654 1.39793
68.26247 1.42546
68.23974 1.45113
68.23894 1.45113
68.22304 1.45113
68.20714 1.45113
68.19134 1.45113
68.17544 1.45113
68.15954 1.45113
68.14374 1.45113
68.12784 1.45113
68.11194 1.45113
68.09604 1.45113
68.08024 1.45113
68.06434 1.45113
68.04844 1.45113
68.03264 1.45113
68.01674 1.45113
68.00084 1.45113
67.98494 1.45113
67.96914 1.45113
67.95324 1.45113
67.93734 1.45113
67.92154 1.45113
67.90564 1.45113
67.88974 1.45113
67.87394 1.45113
67.85804 1.45113
67.84214 1.45113
67.82624 1.45113
67.81044 1.45113
67.79454 1.45113
67.77864 1.45113
67.76284 1.45113
67.74694 1.45113
67.73104 1.45113
67.71514 1.45113
67.69934 1.45113
67.68344 1.45113
67.66754 1.45113
67.65174 1.45113
67.63584 1.45113
67.61994 1.45113
67.60404 1.45113
67.58824 1.45113
67.57234 1.45113
67.55644 1.45113
67.54064 1.45113
67.52474 1.45113
67.50884 1.45113
67.49294 1.45113
67.47714 1.45113
67.46124 1.45113
67.44534 1.45113
67.42954 1.45113
67.41364 1.45113
67.39774 1.45113
67.38184 1.45113
67.36604 1.45113
67.35014 1.45113
67.33424 1.45113
67.31844 1.45113
67.30254 1.45113
67.28664 1.45113
67.27074 1.45113
67.25494 1.45113
67.23904 1.45113
67.22314 1.45113
67.20734 1.45113
67.19144 1.45113
67.17554 1.45113
67.15964 1.45113
67.14384 1.45113
67.12794 1.45113
67.11204 1.45113
67.09624 1.45113
67.08034 1.45113
67.06444 1.45113
67.04854 1.45113
67.03274 1.45113
67.01684 1.45113
67.00094 1.45113
66.98514 1.45113
66.96924 1.45113
66.95334 1.45113
66.93744 1.45113
66.92164 1.45113
66.90574 1.45113
66.88984 1.45113
66.87404 1.45113
66.85814 1.45113
66.84224 1.45113
66.82644 1.45113
66.81054 1.45113
66.79464 1.45113
66.78994 1.45113
66.78842 1.46936
66.78623 1.49553
66.78423 1.52134
66.78230 1.54680
66.78050 1.57220
66.78060 1.57220
66.79740 1.57220
66.81420 1.57220
66.83100 1.57220
66.84780 1.57220
66.86460 1.57220
66.88140 1.57220
66.89820 1.57220
66.91500 1.57220
66.93180 1.57220
66.94860 1.57220
66.96540 1.57220
66.98220 1.57220
66.99900 1.57220
67.01580 1.57220
67.03270 1.57220
67.04950 1.57220
67.06630 1.57220
67.08310 1.57220
67.09990 1.57220
67.11670 1.57220
67.13350 1.57220
67.15030 1.57220
67.16710 1.57220
67.18390 1.57220
67.20070 1.57220
67.21750 1.57220
67.23430 1.57220
67.25110 1.57220
67.26790 1.57220
67.28470 1.57220
67.30150 1.57220
67.31830 1.57220
67.33510 1.57220
67.35190 1.57220
67.36870 1.57220
67.38560 1.57220
67.40240 1.57220
67.41920 1.57220
67.43600 1.57220
67.45280 1.57220
67.46960 1.57220
67.48640 1.57220
67.50320 1.57220
67.52000 1.57220
67.53680 1.57220
67.55360 1.57220
67.57040 1.57220
67.58720 1.57220
67.60400 1.57220
67.62080 1.57220
67.63760 1.57220
67.65440 1.57220
67.67120 1.57220
67.68800 1.57220
67.70480 1.57220
67.72170 1.57220
67.73850 1.57220
67.75530 1.57220
67.77210 1.57220
67.78890 1.57220
67.80570 1.57220
67.82250 1.57220
67.83930 1.57220
67.85610 1.57220
67.87290 1.57220
67.88970 1.57220
67.90650 1.57220
67.92330 1.57220
67.94010 1.57220
67.95690 1.57220
67.97370 1.57220
67.99050 1.57220
68.00730 1.57220
68.02410 1.57220
68.04077 1.57247
68.05757 1.57247
68.07447 1.57247
68.09127 1.57247
68.10807 1.57247
68.12487 1.57247
68.14167 1.57247
68.15847 1.57247
68.17527 1.57247
68.19207 1.57247
68.20887 1.57247
68.22567 1.57247
68.24247 1.57247
68.25927 1.57247
68.27607 1.57247
68.29287 1.57247
68.30967 1.57247
68.32647 1.57247
68.34327 1.57247
68.36007 1.57247
68.37687 1.57247
68.39367 1.57247
68.41047 1.57247
68.42737 1.57247
68.44417 1.57247
68.46097 1.57247
68.47777 1.57247
68.49047 1.57247
68.48898 1.57944
68.48280 1.60839
68.47692 1.63695
68.47101 1.66539
68.46514 1.69372
68.45945 1.72169
68.45393 1.74934
68.44854 1.77691
68.44311 1.80418
68.43780 1.83140
68.43251 1.85857
68.42748 1.88524
68.42234 1.91212
68.41921 1.92858
68.41131 1.92858
68.39051 1.92858
68.36971 1.92858
68.34881 1.92858
68.32801 1.92858
68.30721 1.92858
68.28631 1.92858
68.26551 1.92858
68.24471 1.92858
68.22381 1.92858
68.20301 1.92858
68.18221 1.92858
68.16141 1.92858
68.14051 1.92858
68.11971 1.92858
68.09891 1.92858
68.07801 1.92858
68.05721 1.92858
68.03641 1.92858
68.01551 1.92858
67.99471 1.92858
67.97391 1.92858
67.95301 1.92858
67.93221 1.92858
67.91141 1.92858
67.89051 1.92858
67.86971 1.92858
67.84891 1.92858
67.82801 1.92858
67.80721 1.92858
67.78641 1.92858
67.76551 1.92858
67.74471 1.92858
67.72391 1.92858
67.70301 1.92858
67.68221 1.92858
67.66141 1.92858
67.64051 1.92858
67.61971 1.92858
67.59891 1.92858
67.57811 1.92858
67.55721 1.92858
67.53641 1.92858
67.51561 1.92858
67.49471 1.92858
67.47391 1.92858
67.45311 1.92858
67.43221 1.92858
67.41153 1.92835
67.39073 1.92835
67.36993 1.92835
67.34903 1.92835
67.32823 1.92835
67.30743 1.92835
67.28653 1.92835
67.26573 1.92835
67.24493 1.92835
67.22413 1.92835
67.20323 1.92835
67.18243 1.92835
67.16163 1.92835
67.14094 1.92812
67.12004 1.92812
67.09924 1.92812
67.07844 1.92812
67.05764 1.92812
67.03674 1.92812
67.01594 1.92812
66.99514 1.92812
66.97434 1.92812
66.95344 1.92812
66.93264 1.92812
66.91196 1.92789
66.89116 1.92789
66.87026 1.92789
66.84946 1.92789
66.82866 1.92789
66.80786 1.92789
66.78706 1.92789
66.78636 1.92789
66.76604 1.92812
66.74501 1.92858
66.72421 1.92858
66.70341 1.92858
66.68691 1.92858
66.68674 1.92372
66.68607 1.90046
66.68570 1.87701
66.68552 1.85335
66.68566 1.82948
66.68610 1.80539
66.68676 1.78107
66.68752 1.75676
66.68860 1.73219
66.68991 1.70737
66.69156 1.68228
66.69335 1.65690
66.69549 1.63122
66.69766 1.60549
66.70018 1.57944
66.70298 1.55304
66.70582 1.52657
66.70918 1.49944
66.71260 1.47219
66.71619 1.44482
66.72034 1.41672
66.72448 1.38845
66.72905 1.35969
66.73389 1.33041
66.73896 1.30089
66.74441 1.27078
66.75018 1.24005
66.75622 1.20897
66.76261 1.17718
66.76950 1.14461
66.77672 1.11156
66.78440 1.07760
66.79267 1.04265
66.80130 1.00700
66.81053 0.97015
66.82052 0.93197
66.83114 0.89272
66.84261 0.85179
66.85480 0.80940
66.86574 0.77292
66.86804 0.77292
66.88084 0.77292
66.89364 0.77292
66.90644 0.77292
66.91934 0.77292
66.93214 0.77292
66.94494 0.77292
66.95774 0.77292
66.97054 0.77292
66.98334 0.77292
66.99624 0.77292
67.00904 0.77292
67.02184 0.77292
67.03464 0.77292
67.04744 0.77292
67.06034 0.77292
67.07314 0.77292
67.08594 0.77292
67.09874 0.77292
67.11154 0.77292
67.12444 0.77292
67.13724 0.77292
67.15004 0.77292
67.16284 0.77292
67.17564 0.77292
67.18854 0.77292
67.20134 0.77292
67.21414 0.77292
67.22694 0.77292
67.23974 0.77292
67.25254 0.77292
67.26544 0.77292
67.27824 0.77292
67.29104 0.77292
67.30384 0.77292
67.31664 0.77292
67.32954 0.77292
67.34234 0.77292
67.35514 0.77292
67.36794 0.77292
67.38074 0.77292
67.39364 0.77292
67.40644 0.77292
67.41924 0.77292
67.43204 0.77292
67.44484 0.77292
67.45774 0.77292
67.47054 0.77292
67.48334 0.77292
67.49614 0.77292
67.50894 0.77292
67.52174 0.77292
67.53464 0.77292
67.54744 0.77292
67.56024 0.77292
67.57304 0.77292
67.58584 0.77292
67.59874 0.77292
67.61154 0.77292
67.62434 0.77292
67.63714 0.77292
67.64994 0.77292
67.66284 0.77292
67.67564 0.77292
67.68844 0.77292
67.70124 0.77292
67.71404 0.77292
67.72694 0.77292
67.73974 0.77292
67.75254 0.77292
67.76534 0.77292
67.77814 0.77292
67.79094 0.77292
67.80384 0.77292
67.81664 0.77292
67.82944 0.77292
67.84224 0.77292
67.85504 0.77292
67.86794 0.77292
67.88074 0.77292
67.89354 0.77292
67.90634 0.77292
67.91914 0.77292
67.93204 0.77292
67.94484 0.77292
67.95764 0.77292
67.97044 0.77292
67.98324 0.77292
67.99614 0.77292
68.00894 0.77292
68.02174 0.77292
68.03454 0.77292
68.04734 0.77292
68.06014 0.77292
68.07304 0.77292
68.08584 0.77292
68.09864 0.77292
68.11144 0.77292
68.12424 0.77292
68.13714 0.77292
68.14994 0.77292
68.16274 0.77292
68.17554 0.77292
68.18834 0.77292
68.20124 0.77292
68.21404 0.77292
68.22684 0.77292
68.23964 0.77292
68.25244 0.77292
68.26534 0.77292
68.27814 0.77292
68.29094 0.77292
68.30374 0.77292
68.31654 0.77292
68.32934 0.77292
68.34224 0.77292
68.35504 0.77292
68.36784 0.77292
68.38064 0.77292
68.39344 0.77292
68.40634 0.77292
68.41914 0.77292
68.43194 0.77292
68.44474 0.77292
68.45754 0.77292
68.47044 0.77292
68.48324 0.77292
68.49604 0.77292
68.50884 0.77292
68.52164 0.77292
68.53454 0.77292
68.54734 0.77292
68.56014 0.77292
68.57294 0.77292
68.58574 0.77292
68.59854 0.77292
68.61144 0.77292
68.62424 0.77292
68.63704 0.77292
68.64984 0.77292
68.66264 0.77292
68.67554 0.77292
68.68834 0.77292
68.70114 0.77292
68.71394 0.77292
68.72674 0.77292
68.73964 0.77292
68.75244 0.77292
68.76524 0.77292
68.77804 0.77292
68.79084 0.77292
68.80374 0.77292
68.81654 0.77292
68.82934 0.77292
68.84034 0.77292
68.83613 0.77894
68.80530 0.82281
68.77519 0.86503
68.74600 0.90540
68.71752 0.94416
68.68955 0.98190
68.66222 1.01836
68.63537 1.05366
68.60875 1.08829
68.58262 1.12196
68.55683 1.15474
68.53127 1.18707
68.50598 1.21863
68.48089 1.24982
68.45602 1.28035
68.43146 1.31027
68.40699 1.33962
68.38263 1.36873
68.35853 1.39733
68.33447 1.42546
68.31219 1.45142
68.31329 1.45142
68.32909 1.45142
68.34499 1.45142
68.36089 1.45142
68.37679 1.45142
68.39259 1.45142
68.40849 1.45142
68.42439 1.45142
68.44029 1.45142
68.45609 1.45142
68.47199 1.45142
68.48789 1.45142
68.50379 1.45142
68.51959 1.45142
68.53549 1.45142
68.53889 1.45142
68.55746 1.42807
68.58138 1.39763
68.59893 1.37533
68.59705 1.38369
68.59056 1.41409
68.58418 1.44424
68.57801 1.47417
68.57209 1.50362
68.56630 1.53260
68.56078 1.56143
68.55538 1.58985
68.55003 1.61813
68.54485 1.64630
68.53998 1.67385
68.53512 1.70157
68.53045 1.72870
68.52592 1.75577
68.52151 1.78278
68.51715 1.80951
68.51302 1.83595
68.50902 1.86237
68.50514 1.88853
68.50138 1.91444
68.49931 1.92858
68.50891 1.92858
68.52971 1.92858
68.55051 1.92858
68.57131 1.92858
68.59221 1.92858
68.61301 1.92858
68.63381 1.92858
68.65471 1.92858
68.67551 1.92858
68.69631 1.92858
68.71721 1.92858
68.73801 1.92858
68.75881 1.92858
68.77971 1.92858
68.78101 1.92858
68.78032 1.90676
68.77982 1.88336
68.77962 1.85976
68.77972 1.83595
68.78004 1.81192
68.78055 1.78791
68.78139 1.76341
68.78234 1.73892
68.78362 1.71417
68.78513 1.68915
68.78688 1.66385
68.78897 1.63825
68.79110 1.61261
68.79348 1.58665
68.79622 1.56035
68.79915 1.53370
68.80232 1.50695
68.80569 1.47982
68.80936 1.45227
68.81335 1.42430
68.81742 1.39615
68.82194 1.36753
68.82670 1.33839
68.83159 1.30902
68.83696 1.27908
68.84264 1.24852
68.84858 1.21763
68.85505 1.18571
68.86165 1.15370
68.86884 1.12053
68.87639 1.08682
68.88453 1.05215
68.89300 1.01680
68.90206 0.98029
68.91186 0.94248
68.92227 0.90366
68.93339 0.86321
68.94541 0.82138
68.95863 0.77694
68.95984 0.77292
68.97144 0.77292
68.98434 0.77292
68.99714 0.77292
69.00994 0.77292
69.02274 0.77292
69.03554 0.77292
69.04834 0.77292
69.06124 0.77292
69.07404 0.77292
69.08684 0.77292
69.09964 0.77292
69.11244 0.77292
69.12534 0.77292
69.13814 0.77292
69.15094 0.77292
69.16374 0.77292
69.17654 0.77292
69.18944 0.77292
69.20224 0.77292
69.21504 0.77292
69.22784 0.77292
69.24064 0.77292
69.25354 0.77292
69.26634 0.77292
69.27914 0.77292
69.29194 0.77292
69.30474 0.77292
69.31754 0.77292
69.33044 0.77292
69.34324 0.77292
69.35604 0.77292
69.36884 0.77292
69.38164 0.77292
69.39454 0.77292
69.40734 0.77292
69.42014 0.77292
69.43294 0.77292
69.44574 0.77292
69.45864 0.77292
69.47144 0.77292
69.48424 0.77292
69.49704 0.77292
69.50984 0.77292
69.52274 0.77292
69.53554 0.77292
69.54834 0.77292
69.56114 0.77292
69.57394 0.77292
69.58684 0.77292
69.59964 0.77292
69.61244 0.77292
69.62524 0.77292
69.63804 0.77292
69.65084 0.77292
69.66374 0.77292
69.67654 0.77292
69.68934 0.77292
69.70214 0.77292
69.71494 0.77292
69.72784 0.77292
69.74064 0.77292
69.75344 0.77292
69.76624 0.77292
69.77904 0.77292
69.79194 0.77292
69.80474 0.77292
69.81754 0.77292
69.83034 0.77292
69.84314 0.77292
69.85604 0.77292
69.86884 0.77292
69.88164 0.77292
69.89444 0.77292
69.90724 0.77292
69.92004 0.77292
69.93294 0.77292
69.94574 0.77292
69.95854 0.77292
69.97134 0.77292
69.98414 0.77292
69.99704 0.77292
70.00984 0.77292
70.02264 0.77292
70.03544 0.77292
70.04824 0.77292
70.06114 0.77292
70.07394 0.77292
70.08674 0.77292
70.09954 0.77292
70.11234 0.77292
70.12524 0.77292
70.13804 0.77292
70.15084 0.77292
70.16364 0.77292
70.17644 0.77292
70.18924 0.77292
70.20214 0.77292
70.21494 0.77292
70.22774 0.77292
70.24054 0.77292
70.25334 0.77292
70.26624 0.77292
70.27904 0.77292
70.29184 0.77292
70.30464 0.77292
70.31744 0.77292
70.33034 0.77292
70.34314 0.77292
70.35594 0.77292
70.36874 0.77292
70.38154 0.77292
70.39444 0.77292
70.40724 0.77292
70.42004 0.77292
70.43284 0.77292
70.44564 0.77292
70.45844 0.77292
70.47134 0.77292
70.48414 0.77292
70.49694 0.77292
70.50974 0.77292
70.52254 0.77292
70.53544 0.77292
70.54824 0.77292
70.56104 0.77292
70.57384 0.77292
70.58664 0.77292
70.59954 0.77292
70.61234 0.77292
70.62514 0.77292
70.63794 0.77292
70.65074 0.77292
70.66364 0.77292
70.67644 0.77292
70.68924 0.77292
70.70204 0.77292
70.71484 0.77292
70.72764 0.77292
70.74054 0.77292
70.75334 0.77292
70.76614 0.77292
70.77894 0.77292
70.79174 0.77292
70.80464 0.77292
70.81744 0.77292
70.83024 0.77292
70.84304 0.77292
70.85584 0.77292
70.86874 0.77292
70.88154 0.77292
70.89434 0.77292
70.90714 0.77292
70.91994 0.77292
70.93284 0.77292
70.93474 0.77292
70.90852 0.81037
70.87835 0.85271
70.84890 0.89360
70.82029 0.93281
70.79212 0.97096
70.76451 1.00778
70.73759 1.04341
70.71083 1.07834
70.68456 1.11228
70.65874 1.14531
70.63307 1.17786
70.60768 1.20964
70.58265 1.24070
70.55769 1.27142
70.53304 1.30152
70.50859 1.33103
70.48415 1.36029
70.45988 1.38904
70.43585 1.41730
70.41195 1.44511
70.40659 1.45142
70.41889 1.45142
70.43479 1.45142
70.45059 1.45142
70.46649 1.45142
70.48239 1.45142
70.49829 1.45142
70.51409 1.45142
70.52999 1.45142
70.54589 1.45142
70.56179 1.45142
70.57759 1.45142
70.59349 1.45142
70.60939 1.45142
70.62529 1.45142
70.63329 1.45142
70.64492 1.43675
70.66887 1.40647
70.69284 1.37593
70.69333 1.37533
70.68685 1.40529
70.68040 1.43560
70.67421 1.46539
70.66821 1.49497
70.66245 1.52409
70.65678 1.55304
70.65131 1.58158
70.64591 1.60998
70.64080 1.63799
70.63575 1.66590
70.63087 1.69346
70.62625 1.72069
70.62167 1.74785
70.61712 1.77496
70.61294 1.80152
70.60866 1.82828
70.60463 1.85454
70.60071 1.88078
70.59680 1.90699
70.59369 1.92881
70.59699 1.92881
70.61779 1.92881
70.63859 1.92881
70.65949 1.92881
70.68029 1.92881
70.70109 1.92881
70.72199 1.92881
70.74279 1.92881
70.76359 1.92881
70.78461 1.92858
70.80541 1.92858
70.82621 1.92858
70.84711 1.92858
70.86791 1.92858
70.87531 1.92858
70.87494 1.91351
70.87432 1.89017
70.87409 1.86663
70.87406 1.84288
70.87434 1.81891
70.87472 1.79497
70.87553 1.77054
70.87644 1.74612
70.87770 1.72119
70.87917 1.69625
70.88076 1.67129
70.88271 1.64578
70.88478 1.62023
70.88725 1.59410
70.88985 1.56790
70.89259 1.54162
70.89574 1.51471
70.89905 1.48769
70.90267 1.46027
70.90645 1.43271
70.91060 1.40441
70.91494 1.37593
70.91963 1.34695
70.92453 1.31774
70.92972 1.28797
70.93530 1.25760
70.94121 1.22658
70.94750 1.19519
70.95406 1.16307
70.96123 1.13014
70.96855 1.09670
70.97654 1.06232
70.98486 1.02729
70.99373 0.99113
71.00334 0.95372
71.01365 0.91491
71.02463 0.87495
71.03627 0.83367
71.04891 0.79037
71.05424 0.77292
71.06214 0.77292
71.07494 0.77292
71.08774 0.77292
71.10054 0.77292
71.11344 0.77292
71.12624 0.77292
71.13904 0.77292
71.15184 0.77292
71.16464 0.77292
71.17754 0.77292
71.19034 0.77292
71.20314 0.77292
71.21594 0.77292
71.22874 0.77292
71.24164 0.77292
71.25444 0.77292
71.26724 0.77292
71.28004 0.77292
71.29284 0.77292
71.30574 0.77292
71.31854 0.77292
71.33134 0.77292
71.34414 0.77292
71.35694 0.77292
71.36974 0.77292
71.38264 0.77292
71.39544 0.77292
71.40824 0.77292
71.42104 0.77292
71.43384 0.77292
71.44674 0.77292
71.45954 0.77292
71.47234 0.77292
71.48514 0.77292
71.49794 0.77292
71.51084 0.77292
71.52364 0.77292
71.53644 0.77292
71.54924 0.77292
71.56204 0.77292
71.57494 0.77292
71.58774 0.77292
71.60054 0.77292
71.61334 0.77292
71.62614 0.77292
71.63894 0.77292
71.65184 0.77292
71.66464 0.77292
71.67744 0.77292
71.69024 0.77292
71.70304 0.77292
71.71594 0.77292
71.72874 0.77292
71.74154 0.77292
71.75434 0.77292
71.76714 0.77292
71.78004 0.77292
71.79284 0.77292
71.80564 0.77292
71.81844 0.77292
71.83124 0.77292
71.84414 0.77292
71.85694 0.77292
71.86974 0.77292
71.88254 0.77292
71.89534 0.77292
71.90814 0.77292
71.92104 0.77292
71.93384 0.77292
71.94664 0.77292
71.95944 0.77292
71.97224 0.77292
71.98514 0.77292
71.99794 0.77292
72.01074 0.77292
72.02354 0.77292
72.03634 0.77292
72.04924 0.77292
72.06204 0.77292
72.07484 0.77292
72.08764 0.77292
72.10044 0.77292
72.11334 0.77292
72.12614 0.77292
72.13894 0.77292
72.15174 0.77292
72.16454 0.77292
72.17734 0.77292
72.19024 0.77292
72.20304 0.77292
72.21584 0.77292
72.22864 0.77292
72.24144 0.77292
72.25434 0.77292
72.26714 0.77292
72.27994 0.77292
72.29274 0.77292
72.30554 0.77292
72.31844 0.77292
72.33124 0.77292
72.34404 0.77292
72.35684 0.77292
72.36964 0.77292
72.38254 0.77292
72.39534 0.77292
72.40814 0.77292
72.42094 0.77292
72.43374 0.77292
72.44654 0.77292
72.45944 0.77292
72.47224 0.77292
72.48504 0.77292
72.49784 0.77292
72.51064 0.77292
72.52354 0.77292
72.53634 0.77292
72.54914 0.77292
72.56194 0.77292
72.57474 0.77292
72.58764 0.77292
72.60044 0.77292
72.61324 0.77292
72.62604 0.77292
72.63884 0.77292
72.65174 0.77292
72.66454 0.77292
72.67734 0.77292
72.69014 0.77292
72.70294 0.77292
72.71574 0.77292
72.72864 0.77292
72.74144 0.77292
72.75424 0.77292
72.76704 0.77292
72.77984 0.77292
72.79274 0.77292
72.80554 0.77292
72.81834 0.77292
72.83114 0.77292
72.84394 0.77292
72.85684 0.77292
72.86964 0.77292
72.88244 0.77292
72.89524 0.77292
72.90804 0.77292
72.92094 0.77292
72.93374 0.77292
72.94654 0.77292
72.95934 0.77292
72.97214 0.77292
72.98494 0.77292
72.99784 0.77292
73.01064 0.77292
73.02344 0.77292
73.02924 0.77292
73.01183 0.79774
72.98146 0.84068
72.95175 0.88209
72.92292 0.92177
72.89474 0.95991
72.86705 0.99711
72.83986 1.03307
72.81305 1.06831
72.78664 1.10252
72.76070 1.13581
72.73508 1.16825
72.70957 1.20025
72.68428 1.23185
72.65948 1.26243
72.63475 1.29271
72.61021 1.32239
72.58569 1.35181
72.56145 1.38071
72.53735 1.40911
72.51338 1.43704
72.50134 1.45113
72.50924 1.45113
72.52514 1.45113
72.54094 1.45113
72.55684 1.45113
72.57274 1.45113
72.58854 1.45113
72.60444 1.45113
72.62034 1.45113
72.63624 1.45113
72.65204 1.45113
72.66794 1.45113
72.68384 1.45113
72.69964 1.45113
72.71554 1.45113
72.72804 1.45113
72.73309 1.44482
72.75686 1.41467
72.78091 1.38399
72.78813 1.37473
72.78338 1.39645
72.77699 1.42662
72.77082 1.45656
72.76466 1.48629
72.75883 1.51554
72.75309 1.54462
72.74756 1.57327
72.74211 1.60179
72.73694 1.62991
72.73197 1.65767
72.72703 1.68533
72.72225 1.71291
72.71774 1.73991
72.71315 1.76710
72.70883 1.79375
72.70462 1.82036
72.70044 1.84693
72.69648 1.87324
72.69265 1.89929
72.68883 1.92534
72.68877 1.92627
72.70865 1.92650
72.72945 1.92650
72.75013 1.92673
72.77093 1.92673
72.79162 1.92696
72.81242 1.92696
72.83322 1.92696
72.85402 1.92696
72.87482 1.92696
72.89562 1.92696
72.91642 1.92696
72.93722 1.92696
72.95823 1.92673
72.97243 1.92673
72.97213 1.91955
72.97137 1.89626
72.97092 1.87277
72.97064 1.84931
72.97080 1.82540
72.97104 1.80152
72.97172 1.77716
72.97250 1.75280
72.97360 1.72820
72.97493 1.70333
72.97650 1.67819
72.97819 1.65303
72.98035 1.62730
72.98264 1.60152
72.98519 1.57542
72.98801 1.54897
72.99098 1.52244
72.99437 1.49525
72.99793 1.46794
73.00169 1.44021
73.00588 1.41204
73.01015 1.38369
73.01488 1.35485
73.01986 1.32548
73.02513 1.29554
73.03090 1.26501
73.03683 1.23415
73.04310 1.20260
73.04977 1.17066
73.05684 1.13793
73.06433 1.10433
73.07240 1.06980
73.08089 1.03461
73.08995 0.99830
73.09973 0.96074
73.11000 0.92219
73.12115 0.88209
73.13319 0.84022
73.14612 0.79676
73.16023 0.75094
73.17576 0.70229
73.19282 0.65076
73.19814 0.63512
73.18924 0.63512
73.17674 0.63512
73.16424 0.63512
73.15174 0.63512
73.13924 0.63512
73.12674 0.63512
73.11424 0.63512
73.10174 0.63512
73.08924 0.63512
73.07674 0.63512
73.06424 0.63512
73.05174 0.63512
73.03924 0.63512
73.02674 0.63512
73.01424 0.63512
73.00174 0.63512
72.98924 0.63512
72.97674 0.63512
72.96424 0.63512
72.95174 0.63512
72.93924 0.63512
72.92674 0.63512
72.91424 0.63512
72.90174 0.63512
72.88924 0.63512
72.87674 0.63512
72.86424 0.63512
72.85174 0.63512
72.83924 0.63512
72.82674 0.63512
72.81424 0.63512
72.80174 0.63512
72.78924 0.63512
72.77674 0.63512
72.76424 0.63512
72.75174 0.63512
72.73924 0.63512
72.72674 0.63512
72.71424 0.63512
72.70184 0.63512
72.68934 0.63512
72.67684 0.63512
72.66434 0.63512
72.65184 0.63512
72.63934 0.63512
72.62684 0.63512
72.61434 0.63512
72.60184 0.63512
72.58934 0.63512
72.57684 0.63512
72.56434 0.63512
72.55184 0.63512
72.53934 0.63512
72.52684 0.63512
72.51434 0.63512
72.50184 0.63512
72.48934 0.63512
72.47684 0.63512
72.46434 0.63512
72.45184 0.63512
72.43934 0.63512
72.42684 0.63512
72.41434 0.63512
72.40184 0.63512
72.38934 0.63512
72.37684 0.63512
72.36434 0.63512
72.35184 0.63512
72.33934 0.63512
72.32684 0.63512
72.31434 0.63512
72.30184 0.63512
72.28934 0.63512
72.27684 0.63512
72.26434 0.63512
72.25184 0.63512
72.23934 0.63512
72.22684 0.63512
72.21434 0.63512
72.20184 0.63512
72.18934 0.63512
72.17684 0.63512
72.16434 0.63512
72.15184 0.63512
72.13934 0.63512
72.12684 0.63512
72.11434 0.63512
72.10184 0.63512
72.08934 0.63512
72.07684 0.63512
72.06434 0.63512
72.05184 0.63512
72.03934 0.63512
72.02684 0.63512
72.01434 0.63512
72.00184 0.63512
71.98934 0.63512
71.97684 0.63512
71.96434 0.63512
71.95184 0.63512
71.93934 0.63512
71.92684 0.63512
71.91434 0.63512
71.90184 0.63512
71.88934 0.63512
71.87684 0.63512
71.86434 0.63512
71.85184 0.63512
71.83934 0.63512
71.82694 0.63512
71.81444 0.63512
71.80194 0.63512
71.78944 0.63512
71.77694 0.63512
71.76444 0.63512
71.75194 0.63512
71.73944 0.63512
71.72694 0.63512
71.71444 0.63512
71.70194 0.63512
71.68944 0.63512
71.67694 0.63512
71.66444 0.63512
71.65194 0.63512
71.63944 0.63512
71.62694 0.63512
71.61444 0.63512
71.60194 0.63512
71.58944 0.63512
71.57694 0.63512
71.56444 0.63512
71.55194 0.63512
71.53944 0.63512
71.52694 0.63512
71.51444 0.63512
71.50194 0.63512
71.48944 0.63512
71.47694 0.63512
71.46444 0.63512
71.45194 0.63512
71.43944 0.63512
71.42694 0.63512
71.41444 0.63512
71.40194 0.63512
71.38944 0.63512
71.37694 0.63512
71.36444 0.63512
71.35194 0.63512
71.33944 0.63512
71.32694 0.63512
71.31444 0.63512
71.30194 0.63512
71.28944 0.63512
71.27694 0.63512
71.26444 0.63512
71.25194 0.63512
71.23944 0.63512
71.22694 0.63512
71.21444 0.63512
71.20194 0.63512
71.18944 0.63512
71.17694 0.63512
71.16444 0.63512
71.15194 0.63512
71.13944 0.63512
71.12694 0.63512
71.11444 0.63512
71.10194 0.63512
71.08944 0.63512
71.07694 0.63512
71.06444 0.63512
71.05194 0.63512
71.03944 0.63512
71.02694 0.63512
71.01444 0.63512
71.00194 0.63512
70.98944 0.63512
70.97694 0.63512
70.96444 0.63512
70.95204 0.63512
70.93954 0.63512
70.92704 0.63512
70.91454 0.63512
70.90204 0.63512
70.88954 0.63512
70.87704 0.63512
70.86454 0.63512
70.85204 0.63512
70.83954 0.63512
70.82704 0.63512
70.81454 0.63512
70.80204 0.63512
70.78954 0.63512
70.77704 0.63512
70.76454 0.63512
70.75204 0.63512
70.73954 0.63512
70.72704 0.63512
70.71454 0.63512
70.70204 0.63512
70.68954 0.63512
70.67704 0.63512
70.66454 0.63512
70.65204 0.63512
70.63954 0.63512
70.62704 0.63512
70.61454 0.63512
70.60204 0.63512
70.58954 0.63512
70.57704 0.63512
70.56454 0.63512
70.55204 0.63512
70.53954 0.63512
70.52704 0.63512
70.51454 0.63512
70.50204 0.63512
70.48954 0.63512
70.47704 0.63512
70.46454 0.63512
70.45204 0.63512
70.43954 0.63512
70.42704 0.63512
70.41454 0.63512
70.40204 0.63512
70.38954 0.63512
70.37704 0.63512
70.36454 0.63512
70.35204 0.63512
70.33954 0.63512
70.32704 0.63512
70.31454 0.63512
70.30204 0.63512
70.28954 0.63512
70.27704 0.63512
70.26454 0.63512
70.25204 0.63512
70.23954 0.63512
70.22704 0.63512
70.21454 0.63512
70.20204 0.63512
70.18954 0.63512
70.17704 0.63512
70.16454 0.63512
70.15204 0.63512
70.13954 0.63512
70.12704 0.63512
70.11454 0.63512
70.10204 0.63512
70.08954 0.63512
70.07714 0.63512
70.06464 0.63512
70.05214 0.63512
70.03964 0.63512
70.02714 0.63512
70.01464 0.63512
70.00214 0.63512
69.98964 0.63512
69.97714 0.63512
69.96464 0.63512
69.95214 0.63512
69.93964 0.63512
69.92714 0.63512
69.91464 0.63512
69.90214 0.63512
69.88964 0.63512
69.87714 0.63512
69.86464 0.63512
69.85214 0.63512
69.83964 0.63512
69.82714 0.63512
69.81464 0.63512
69.80214 0.63512
69.78964 0.63512
69.77714 0.63512
69.76464 0.63512
69.75214 0.63512
69.73964 0.63512
69.72714 0.63512
69.71464 0.63512
69.70214 0.63512
69.68964 0.63512
69.67714 0.63512
69.66464 0.63512
69.65214 0.63512
69.63964 0.63512
69.62714 0.63512
69.61464 0.63512
69.60214 0.63512
69.58964 0.63512
69.57714 0.63512
69.56464 0.63512
69.55214 0.63512
69.53964 0.63512
69.52714 0.63512
69.51464 0.63512
69.50214 0.63512
69.48964 0.63512
69.47714 0.63512
69.46464 0.63512
69.45214 0.63512
69.43964 0.63512
69.42714 0.63512
69.41464 0.63512
69.40214 0.63512
69.38964 0.63512
69.37714 0.63512
69.36464 0.63512
69.35214 0.63512
69.33964 0.63512
69.32714 0.63512
69.31464 0.63512
69.30214 0.63512
69.28964 0.63512
69.27714 0.63512
69.26464 0.63512
69.25214 0.63512
69.23964 0.63512
69.22714 0.63512
69.21464 0.63512
69.20214 0.63512
69.18974 0.63512
69.17724 0.63512
69.16474 0.63512
69.15224 0.63512
69.13974 0.63512
69.12724 0.63512
69.11474 0.63512
69.10224 0.63512
69.08974 0.63512
69.07724 0.63512
69.06474 0.63512
69.05224 0.63512
69.03974 0.63512
69.02724 0.63512
69.01474 0.63512
69.00224 0.63512
68.98974 0.63512
68.97724 0.63512
68.96474 0.63512
68.95224 0.63512
68.93974 0.63512
68.92724 0.63512
68.91474 0.63512
68.90224 0.63512
68.88974 0.63512
68.87724 0.63512
68.86474 0.63512
68.85224 0.63512
68.83974 0.63512
68.82724 0.63512
68.81474 0.63512
68.80224 0.63512
68.78974 0.63512
68.77724 0.63512
68.76474 0.63512
68.75224 0.63512
68.73974 0.63512
68.72724 0.63512
68.71474 0.63512
68.70224 0.63512
68.68974 0.63512
68.67724 0.63512
68.66474 0.63512
68.65224 0.63512
68.63974 0.63512
68.62724 0.63512
68.61474 0.63512
68.60224 0.63512
68.58974 0.63512
68.57724 0.63512
68.56474 0.63512
68.55224 0.63512
68.53974 0.63512
68.52724 0.63512
68.51474 0.63512
68.50224 0.63512
68.48974 0.63512
68.47724 0.63512
68.46474 0.63512
68.45224 0.63512
68.43974 0.63512
68.42724 0.63512
68.41474 0.63512
68.40224 0.63512
68.38974 0.63512
68.37724 0.63512
68.36474 0.63512
68.35224 0.63512
68.33974 0.63512
68.32724 0.63512
68.31484 0.63512
68.30234 0.63512
68.28984 0.63512
68.27734 0.63512
68.26484 0.63512
68.25234 0.63512
68.23984 0.63512
68.22734 0.63512
68.21484 0.63512
68.20234 0.63512
68.18984 0.63512
68.17734 0.63512
68.16484 0.63512
68.15234 0.63512
68.13984 0.63512
68.12734 0.63512
68.11484 0.63512
68.10234 0.63512
68.08984 0.63512
68.07734 0.63512
68.06484 0.63512
68.05234 0.63512
68.03984 0.63512
68.02734 0.63512
68.01484 0.63512
68.00234 0.63512
67.98984 0.63512
67.97734 0.63512
67.96484 0.63512
67.95234 0.63512
67.93984 0.63512
67.92734 0.63512
67.91484 0.63512
67.90234 0.63512
67.88984 0.63512
67.87734 0.63512
67.86484 0.63512
67.85234 0.63512
67.83984 0.63512
67.82734 0.63512
67.81484 0.63512
67.80234 0.63512
67.78984 0.63512
67.77734 0.63512
67.76484 0.63512
67.75234 0.63512
67.73984 0.63512
67.72734 0.63512
67.71484 0.63512
67.70234 0.63512
67.68984 0.63512
67.67734 0.63512
67.66484 0.63512
67.65234 0.63512
67.63984 0.63512
67.62734 0.63512
67.61484 0.63512
67.60234 0.63512
67.58984 0.63512
67.57734 0.63512
67.56484 0.63512
67.55234 0.63512
67.53984 0.63512
67.52734 0.63512
67.51484 0.63512
67.50234 0.63512
67.48984 0.63512
67.47734 0.63512
67.46484 0.63512
67.45234 0.63512
67.43994 0.63512
67.42744 0.63512
67.41494 0.63512
67.40244 0.63512
67.38994 0.63512
67.37744 0.63512
67.36494 0.63512
67.35244 0.63512
67.33994 0.63512
67.32744 0.63512
67.31494 0.63512
67.30244 0.63512
67.28994 0.63512
67.27744 0.63512
67.26494 0.63512
67.25244 0.63512
67.23994 0.63512
67.22744 0.63512
67.21494 0.63512
67.20244 0.63512
67.18994 0.63512
67.17744 0.63512
67.16494 0.63512
67.15244 0.63512
67.13994 0.63512
67.12744 0.63512
67.11494 0.63512
67.10244 0.63512
67.08994 0.63512
67.07744 0.63512
67.06494 0.63512
67.05244 0.63512
67.03994 0.63512
67.02744 0.63512
67.01494 0.63512
67.00244 0.63512
66.98994 0.63512
66.97744 0.63512
66.96494 0.63512
66.95244 0.63512
66.93994 0.63512
66.92744 0.63512