# sss file
-1.57080 3.14159
-1.57080 3.14159
29.94027 2.95131
31.51584 2.94176
33.09141 2.93221
34.66699 2.92266
35.71652 2.91769
36.24256 2.91310
37.15947 2.91024
37.81814 2.90353
38.63378 2.90253
39.39372 2.89396
40.14007 2.89452
40.96931 2.88438
41.69419 2.88611
42.54490 2.87480
43.20660 2.87805
44.12049 2.86521
44.74755 2.86976
45.69608 2.85562
46.26699 2.86155
47.18666 2.84852
47.27168 2.84602
47.82790 2.85317
48.68261 2.84149
48.84728 2.83641
49.35152 2.84481
50.14431 2.83547
50.42288 2.82679
50.90335 2.83639
51.65827 2.82828
51.99849 2.81717
52.46743 2.82801
53.16924 2.82128
53.57410 2.80754
53.99723 2.81936
54.64877 2.81499
55.14972 2.79790
55.56292 2.81096
56.20034 2.80729
56.68888 2.79031
56.72534 2.78826
57.12065 2.80244
57.69941 2.80066
58.19664 2.78460
58.30096 2.77860
58.68738 2.79405
59.25443 2.79306
59.74052 2.77716
59.87659 2.76894
60.22307 2.78499
60.74859 2.78646
61.25296 2.77151
61.45222 2.75927
61.79100 2.77654
62.27615 2.77929
62.76827 2.76580
63.02786 2.74959
63.35292 2.76791
63.81998 2.77194
64.32253 2.75834
64.60350 2.73990
64.92154 2.75948
65.35150 2.76467
65.84303 2.75261
66.17914 2.73020
66.49036 2.75105
66.91248 2.75721
67.39487 2.74553
67.75479 2.72049
68.05400 2.74239
68.46136 2.74984
68.92598 2.73950
69.27121 2.71659
69.33045 2.71077
69.62338 2.73396
69.99706 2.74244
70.45274 2.73371
70.78995 2.71255
70.90611 2.70104
71.19291 2.72554
71.56011 2.73504
71.98125 2.72787
72.33910 2.70592
72.48178 2.69130
72.76259 2.71712
73.12348 2.72769
73.53771 2.72103
73.88913 2.69939
74.05745 2.68155
74.32792 2.70843
74.67696 2.72029
75.07762 2.71489
75.41631 2.69500
75.63313 2.67178
75.87359 2.69822
76.19226 2.71228
76.58581 2.70978
76.94254 2.69075
77.20881 2.66201
77.44429 2.68970
77.75755 2.70489
78.14516 2.70307
78.49614 2.68436
78.78450 2.65222
79.01508 2.68118
79.32308 2.69753
79.68081 2.69707
80.02513 2.68006
80.30783 2.65006
80.36020 2.64243
80.58254 2.67232
80.88078 2.68998
81.22787 2.69078
81.56117 2.67526
81.83439 2.64749
81.93590 2.63262
82.15366 2.66379
82.42426 2.68187
82.76612 2.68466
83.09361 2.67076
83.38656 2.64162
83.51160 2.62279
83.72486 2.65525
83.99096 2.67450
84.32801 2.67812
84.65087 2.66460
84.93940 2.63582
85.08732 2.61296
85.29616 2.64671
85.55781 2.66715
85.89019 2.67164
86.20859 2.65852
86.49287 2.63010
86.66304 2.60311
86.86461 2.63780
87.11820 2.65948
87.41959 2.66555
87.75055 2.65361
88.02615 2.62719
88.23877 2.59325
88.43615 2.62924
88.68555 2.65215
88.98287 2.65912
89.28738 2.64906
89.55834 2.62446
89.79102 2.58801
89.81450 2.58337
90.00778 2.62068
90.25304 2.64484
90.54639 2.65273
90.84705 2.64315
91.11439 2.61888
91.34389 2.58285
91.39024 2.57348
91.57947 2.61212
91.82066 2.63755
92.11011 2.64639
92.40706 2.63732
92.67091 2.61337
92.89734 2.57775
92.96599 2.56358
93.14873 2.60314
93.38265 2.62986
93.66439 2.64008
93.95356 2.63237
94.23191 2.60745
94.47480 2.56808
94.54175 2.55366
94.72064 2.59455
94.95066 2.62257
95.22874 2.63382
95.51454 2.62666
95.78949 2.60208
96.02933 2.56313
96.11751 2.54373
96.29261 2.58596
96.49952 2.61360
96.75359 2.62706
97.03485 2.62310
97.30504 2.60186
97.54094 2.56674
97.69328 2.53378
97.86464 2.57736
98.06804 2.60625
98.31874 2.62076
98.59682 2.61746
98.86392 2.59660
99.09698 2.56185
99.26906 2.52382
99.43459 2.56831
99.63187 2.59840
99.87602 2.61429
100.14734 2.61239
100.40777 2.59313
100.63489 2.56047
100.84484 2.51384
101.00680 2.55969
101.20071 2.59105
101.44165 2.60805
101.71001 2.60687
101.96766 2.58800
102.19223 2.55567
102.39981 2.50949
102.42064 2.50384
102.57906 2.55105
102.76963 2.58371
103.00740 2.60184
103.27289 2.60141
103.52785 2.58294
103.74996 2.55094
103.95525 2.50521
103.99644 2.49383
104.15137 2.54241
104.33863 2.57637
104.55486 2.59488
104.79785 2.59718
105.04894 2.58200
105.28789 2.54990
105.49075 2.50634
105.57225 2.48380
105.72190 2.53329
105.90353 2.56846
106.11417 2.58830
106.35152 2.59198
106.59689 2.57829
106.83028 2.54811
107.02850 2.50691
107.14807 2.47375
107.29437 2.52461
107.47280 2.56111
107.68062 2.58209
107.91549 2.58659
108.15853 2.57339
108.38962 2.54354
108.60553 2.49769
108.72390 2.46369
108.86689 2.51593
109.04214 2.55377
109.24717 2.57591
109.47959 2.58125
109.72037 2.56856
109.94926 2.53906
110.16302 2.49360
110.29974 2.45360
110.43781 2.50674
110.60779 2.54580
110.80754 2.56931
111.03472 2.57608
111.27033 2.56488
111.49428 2.53715
111.70345 2.49404
111.87558 2.44350
112.01047 2.49803
112.17737 2.53844
112.37440 2.56316
112.59926 2.57083
112.83280 2.56017
113.05477 2.53279
113.26199 2.49003
113.45144 2.43338
113.58317 2.48930
113.74701 2.53109
113.94135 2.55702
114.16391 2.56563
114.39544 2.55555
114.61550 2.52852
114.82086 2.48609
115.00856 2.42991
115.02730 2.42325
115.15591 2.48056
115.31672 2.52374
115.50837 2.55092
115.72867 2.56048
115.95824 2.55100
116.17646 2.52433
116.38002 2.48225
116.56603 2.42650
116.60318 2.41309
116.72729 2.47128
116.88318 2.51568
117.06987 2.54428
117.28530 2.55534
117.51025 2.54738
117.72417 2.52240
117.92373 2.48240
118.10620 2.42926
118.17906 2.40291
118.30015 2.46251
118.45309 2.50831
118.63716 2.53818
118.85040 2.55026
119.07354 2.54294
119.28581 2.51835
119.48376 2.47866
119.66468 2.42589
119.75496 2.39272
119.87305 2.45371
120.02305 2.50093
120.20451 2.53211
120.39894 2.54493
120.61964 2.53979
120.82991 2.51710
121.02611 2.47933
121.20553 2.42862
121.33086 2.38250
121.44599 2.44491
121.59307 2.49355
121.75644 2.52409
121.94791 2.53939
122.16616 2.53651
122.37447 2.51575
122.56899 2.47987
122.74696 2.43116
122.90678 2.37226
123.01776 2.43554
123.16024 2.48540
123.31928 2.51727
123.50647 2.53402
123.72046 2.53271
123.92499 2.51354
124.11603 2.47948
124.30836 2.42739
124.48271 2.36200
124.59081 2.42669
124.73044 2.47800
124.88711 2.51111
125.07230 2.52894
125.26795 2.52919
125.47064 2.51198
125.66016 2.47975
125.85105 2.42973
126.02417 2.36658
126.05864 2.35172
126.16390 2.41783
126.28745 2.46658
126.44037 2.50254
126.62245 2.52301
126.81581 2.52550
127.01668 2.51031
127.20473 2.47991
127.39425 2.43192
127.56617 2.37095
127.63459 2.34142
127.73702 2.40895
127.85799 2.45904
128.00850 2.49630
128.18855 2.51792
128.38036 2.52124
128.57992 2.50658
128.76678 2.47652
128.95502 2.42885
129.12570 2.36825
129.21055 2.33109
129.30914 2.39948
129.42618 2.45067
129.57253 2.48927
129.74846 2.51240
129.93656 2.51723
130.13269 2.50415
130.33332 2.47234
130.51857 2.42509
130.68644 2.36524
130.78652 2.32074
130.88236 2.39056
130.99687 2.44309
131.14086 2.48302
131.31477 2.50734
131.50138 2.51304
131.69630 2.50054
131.89578 2.46912
132.07988 2.42216
132.24663 2.36264
132.36250 2.31037
132.45562 2.38161
132.56761 2.43550
132.70923 2.47677
132.88114 2.50231
133.06627 2.50891
133.26001 2.49702
133.44175 2.46934
133.62476 2.42434
133.79054 2.36682
133.93850 2.29997
134.02891 2.37265
134.13839 2.42789
134.27764 2.47053
134.43279 2.49582
134.61549 2.50491
134.80752 2.49522
134.98805 2.46944
135.17002 2.42639
135.33489 2.37083
135.49826 2.29788
135.51450 2.28955
135.60135 2.36308
135.70713 2.41941
135.84241 2.46339
135.99389 2.49011
136.17302 2.50078
136.36186 2.49270
136.55596 2.46551
136.73533 2.42274
136.89773 2.36773
137.05856 2.29572
137.09052 2.27911
137.17473 2.35407
137.27805 2.41176
137.41099 2.45713
137.56063 2.48502
137.73828 2.49669
137.92602 2.48931
138.10297 2.46555
138.28143 2.42470
138.44304 2.37156
138.60305 2.30168
138.66655 2.26864
138.74815 2.34504
138.84902 2.40411
138.97962 2.45086
139.12740 2.47995
139.30357 2.49265
139.49024 2.48598
139.66636 2.46267
139.84396 2.42213
140.00472 2.36925
140.16377 2.29970
140.24260 2.25814
140.32159 2.33598
140.42002 2.39644
140.54829 2.44460
140.69421 2.47490
140.86891 2.48865
141.05452 2.48272
141.22984 2.45986
141.40664 2.41964
141.56657 2.36702
141.72471 2.29781
141.81866 2.24762
141.89432 2.32630
141.98926 2.38782
142.11371 2.43734
142.25607 2.46910
142.42731 2.48448
142.60992 2.48023
142.78280 2.45898
142.95731 2.42058
143.13092 2.36400
143.28680 2.29553
143.39473 2.23707
143.46786 2.31719
143.56040 2.38011
143.68254 2.43105
143.82304 2.46405
143.97814 2.47992
144.15897 2.47811
144.33081 2.45889
144.50459 2.42242
144.67758 2.36783
144.83286 2.30132
144.97081 2.22650
145.04142 2.30807
145.13157 2.37238
145.25140 2.42475
145.39005 2.45902
145.54378 2.47592
145.70825 2.47580
145.87902 2.45867
146.05210 2.42416
146.22452 2.37153
146.37925 2.30696
146.53176 2.22510
146.54691 2.21589
146.61501 2.29891
146.70279 2.36462
146.82030 2.41844
146.95708 2.45399
147.10944 2.47195
147.27296 2.47264
147.44303 2.45606
147.61550 2.42193
147.78725 2.36959
147.94125 2.30528
148.09292 2.22378
148.12302 2.20526
148.18801 2.28911
148.27248 2.35588
148.38632 2.41105
148.51962 2.44808
148.66886 2.46759
148.82969 2.46986
148.99746 2.45491
149.16788 2.42252
149.33771 2.37217
149.48996 2.31002
149.63979 2.23117
149.69915 2.19460
149.76169 2.27990
149.84382 2.34808
149.95537 2.40470
150.08681 2.44304
150.23467 2.46365
150.39456 2.46676
150.56169 2.45242
150.73158 2.42043
150.90083 2.37035
151.05246 2.30845
151.20155 2.22989
151.27529 2.18391
151.33540 2.27067
151.41520 2.34025
151.52445 2.39835
151.65401 2.43801
151.80049 2.45973
151.95945 2.46372
152.12595 2.45000
152.29535 2.41842
152.46407 2.36864
152.61511 2.30696
152.76349 2.22870
152.85144 2.17319
152.90859 2.26077
152.98522 2.33140
153.09092 2.39085
153.21707 2.43200
153.36047 2.45530
153.51680 2.46090
153.68109 2.44882
153.84861 2.41899
154.01562 2.37111
154.16513 2.31146
154.31189 2.23562
154.42761 2.16244
154.48238 2.25148
154.55672 2.32352
154.64984 2.37968
154.77232 2.42383
154.91288 2.44991
155.06727 2.45806
155.23043 2.44828
155.39740 2.42053
155.56414 2.37462
155.71344 2.31675
155.85986 2.24282
156.00380 2.15166
156.05630 2.24208
156.12862 2.31532
156.22000 2.37249
156.34088 2.41754
156.48012 2.44432
156.63340 2.45299
156.79559 2.44365
156.96167 2.41635
157.12763 2.37099
157.27630 2.31381
157.42221 2.24079
157.56574 2.15084
157.58000 2.14085
157.63145 2.23177
157.70253 2.30552
157.79249 2.36322
157.91165 2.40891
158.04910 2.43639
158.20066 2.44584
158.36132 2.43737
158.52615 2.41100
158.69116 2.36666
158.85387 2.30401
158.99904 2.23049
159.14200 2.14005
159.15622 2.13001
159.20616 2.22079
159.27526 2.29467
159.37253 2.35772
159.49038 2.40251
159.62596 2.42943
159.77523 2.43869
159.93342 2.43038
160.09583 2.40452
160.25860 2.36104
160.41931 2.29962
160.56286 2.22756
160.70432 2.13897
160.73245 2.11913
160.78137 2.21042
160.84928 2.28481
160.94505 2.34845
161.06126 2.39386
161.19512 2.42148
161.34273 2.43150
161.49944 2.42401
161.66062 2.39906
161.82245 2.35656
161.98248 2.29622
162.12556 2.22524
162.26663 2.13786
162.30871 2.10822
162.35661 2.20002
162.42335 2.27492
162.51765 2.33914
162.63222 2.38517
162.76439 2.41348
162.91036 2.42425
163.06560 2.41759
163.22555 2.39353
163.38644 2.35201
163.54576 2.29273
163.70251 2.21495
163.84303 2.12707
163.88497 2.09728
163.93188 2.18959
163.99746 2.26499
164.09031 2.32979
164.20328 2.37646
164.33378 2.40544
164.47812 2.41696
164.63188 2.41112
164.79061 2.38795
164.95054 2.34740
165.10916 2.28916
165.26537 2.21255
165.40550 2.12587
165.46126 2.08630
165.50676 2.17850
165.57788 2.26072
165.67013 2.32428
165.78193 2.37005
165.91073 2.39848
166.05299 2.40978
166.21857 2.40267
166.37527 2.37839
166.53304 2.33703
166.68955 2.27828
166.84383 2.20144
166.99618 2.10518
167.03756 2.07529
167.08210 2.16801
167.15198 2.25078
167.24283 2.31492
167.35308 2.36131
167.48028 2.39041
167.63429 2.40269
167.79900 2.39477
167.95478 2.36982
168.11161 2.32784
168.26726 2.26851
168.42082 2.19111
168.57262 2.09429
168.61388 2.06424
168.65746 2.15748
168.72613 2.24082
168.81558 2.30554
168.92432 2.35254
169.04992 2.38230
169.20225 2.39537
169.36544 2.38833
169.52006 2.36424
169.67599 2.32319
169.83095 2.26489
169.98399 2.18862
170.13536 2.09307
170.19022 2.05315
170.23284 2.14692
170.30031 2.23082
170.38840 2.29612
170.49563 2.34373
170.61967 2.37415
170.77032 2.38801
170.93201 2.38183
171.08547 2.35860
171.24048 2.31849
171.39475 2.26119
171.54726 2.18603
171.69819 2.09175
171.76658 2.04203
171.81300 2.14415
171.88047 2.22649
171.96803 2.29058
172.07420 2.33732
172.19671 2.36719
172.34528 2.38079
172.50466 2.37472
172.66988 2.34900
172.82290 2.30809
172.97522 2.25026
173.12593 2.17483
173.27524 2.08051
173.34296 2.03087
173.38835 2.13357
173.45465 2.21648
173.54089 2.28114
173.64561 2.32849
173.77831 2.36096
173.92637 2.37369
174.08498 2.36682
174.24928 2.34039
174.40144 2.29887
174.55297 2.24046
174.70301 2.16447
174.85181 2.06959
174.91935 2.01967
174.96373 2.12296
175.02887 2.20643
175.11380 2.27168
175.21709 2.31963
175.34817 2.35280
175.49464 2.36630
175.65180 2.36028
175.81490 2.33476
175.96619 2.29413
176.11705 2.23671
176.26657 2.16180
176.41493 2.06813
176.49577 2.00843
176.53914 2.11232
176.60313 2.19636
176.68677 2.26218
176.78865 2.31073
176.91812 2.34460
177.06301 2.35887
177.21874 2.35368
177.38064 2.32906
177.53105 2.28934
177.68123 2.23288
177.83022 2.15904
177.97814 2.06657
178.07221 1.99715
178.11422 2.10099
178.17643 2.18521
178.25790 2.25145
178.35728 2.30066
178.48379 2.33556
178.62566 2.35117
178.77854 2.34766
178.93790 2.32505
179.09987 2.28326
179.24832 2.22778
179.39573 2.15522
179.54218 2.06441
179.64866 1.98583
179.68969 2.09027
179.75080 2.17507
179.83102 2.24188
179.92905 2.29168
180.05400 2.32727
180.19435 2.34362
180.34582 2.34092
180.50399 2.31918
180.66500 2.27834
180.81277 2.22379
180.95964 2.15226
181.10565 2.06260
181.22514 1.97447
181.26519 2.07952
181.32520 2.16489
181.40420 2.23227
181.50089 2.28267
181.62431 2.31894
181.76314 2.33603
181.91322 2.33413
182.07019 2.31326
182.23023 2.27335
182.37731 2.21974
182.52365 2.14922
182.66921 2.06070
182.80164 1.96306
182.84072 2.06873
182.89964 2.15468
182.97743 2.22264
183.07279 2.27362
183.19470 2.31057
183.33203 2.32840
183.48072 2.32729
183.63650 2.30729
183.79558 2.26830
183.94196 2.21561
184.08775 2.14611
184.23286 2.05871
184.37816 1.95161
184.41596 2.05726
184.47323 2.14341
184.54900 2.21176
184.65131 2.26726
184.77186 2.30359
184.90744 2.32112
185.05415 2.32002
185.20789 2.30034
185.36499 2.26200
185.52285 2.20466
185.66705 2.13477
185.81070 2.04719
185.95470 1.94012
185.99156 2.04640
186.04777 2.13312
186.12237 2.20205
186.22329 2.25819
186.34238 2.29519
186.47651 2.31344
186.62187 2.31312
186.77443 2.29428
186.93059 2.25684
187.08770 2.20047
187.23135 2.13156
187.37456 2.04507
187.51815 1.93925
187.53127 1.92858
187.56728 2.03541
187.62270 2.12249
187.69649 2.19162
187.79641 2.24789
187.91430 2.28499
188.04704 2.30342
188.19088 2.30346
188.34190 2.28523
188.49667 2.24873
188.65267 2.19366
188.80857 2.11930
188.95131 2.03304
189.09473 1.92762
189.10786 1.91700
189.14425 2.02334
189.19973 2.10995
189.27315 2.17869
189.37212 2.23471
189.48853 2.27181
189.61937 2.29058
189.76111 2.29133
189.91012 2.27420
190.06316 2.23915
190.21785 2.18585
190.37287 2.11355
190.51512 2.02940
190.65825 1.92633
190.68447 1.90536
190.72094 2.01058
190.77594 2.09634
190.85566 2.16989
190.95421 2.22411
191.06929 2.25997
191.20930 2.27878
191.36120 2.27717
191.52082 2.25529
191.67191 2.21697
191.82455 2.16080
191.97776 2.08585
192.13162 1.99053
192.26111 1.89368
192.29796 1.99839
192.35302 2.08366
192.43236 2.15679
192.53002 2.21074
192.64371 2.24658
192.78178 2.26574
192.93153 2.26489
193.08909 2.24420
193.25112 2.20349
193.40261 2.14759
193.55501 2.07309
193.70841 1.97831
193.83777 1.88195
193.87499 1.98613
193.93013 2.07091
194.00911 2.14359
194.10590 2.19728
194.22822 2.23530
194.36543 2.25324
194.51382 2.25162
194.66981 2.23059
194.83035 2.18990
194.98071 2.13429
195.13231 2.06024
195.28524 1.96603
195.41446 1.87017
195.45176 1.97322
195.51225 2.06389
195.59163 2.13434
195.68798 2.18630
195.80893 2.22302
195.94400 2.24032
196.08978 2.23870
196.24300 2.21833
196.40090 2.17893
196.56153 2.11976
196.71140 2.04637
196.86292 1.95314
196.99117 1.85834
197.02884 1.96085
197.08940 2.05096
197.16843 2.12096
197.27260 2.17616
197.39333 2.21135
197.52754 2.22752
197.67202 2.22519
197.82375 2.20451
197.98023 2.16516
198.13968 2.10630
198.28877 2.03338
198.43983 1.94074
198.56791 1.84645
198.61027 1.95669
198.67248 2.04448
198.75258 2.11245
198.85721 2.16578
198.97768 2.19948
199.12172 2.21496
199.27694 2.20949
199.43993 2.18316
199.59587 2.13953
199.75477 2.07637
199.90361 1.99924
200.05487 1.90187
200.14467 1.83451
200.18742 1.94412
200.24968 2.03135
200.32942 2.09887
200.43316 2.15190
200.55227 2.18558
200.69444 2.20142
200.84761 2.19676
201.00862 2.17168
201.16295 2.12962
201.32056 2.06840
201.48094 1.98625
201.63178 1.88950
201.72147 1.82252
201.76428 1.93090
201.82605 2.01720
201.91197 2.08889
202.01513 2.14018
202.14246 2.17446
202.28334 2.18828
202.43454 2.18232
202.59326 2.15661
202.75731 2.11050
202.91318 2.04818
203.07209 1.96517
203.22190 1.86772
203.29829 1.81047
203.34148 1.91820
203.40332 2.00392
203.48887 2.07510
203.59119 2.12609
203.71713 2.16034
203.85623 2.17451
204.00549 2.16933
204.16231 2.14483
204.32467 2.10037
204.47926 2.03996
204.63717 1.95920
204.78626 1.86417
204.87514 1.79837
204.91872 1.90543
204.98061 1.99055
205.06582 2.06122
205.16733 2.11190
205.29192 2.14610
205.42931 2.16060
205.58751 2.15512
205.74290 2.13044
205.90392 2.08615
206.05748 2.02615
206.21463 1.94598
206.36329 1.85160
206.45202 1.78620
206.49598 1.89259
206.55794 1.97710
206.64281 2.04725
206.75187 2.10071
206.87614 2.13343
207.02280 2.14714
207.18029 2.13963
207.34601 2.11084
207.50643 2.06387
207.65957 2.00136
207.81657 1.91849
207.96548 1.82122
208.02892 1.77398
208.07295 1.87911
208.14032 1.96878
208.22541 2.03669
208.33384 2.08836
208.45670 2.11994
208.60119 2.13313
208.75610 2.12581
208.91910 2.09793
209.07707 2.05246
209.23987 1.98647
209.39528 1.90449
209.55542 1.79936
209.60586 1.76169
209.65027 1.86613
209.71772 1.95512
209.80247 2.02250
209.91008 2.07383
210.04085 2.10690
210.18440 2.11905
210.33801 2.11119
210.49960 2.08320
210.66772 2.03399
210.82984 1.96695
210.98489 1.88397
211.14501 1.77766
211.18283 1.74934
211.22762 1.85306
211.29515 1.94137
211.37958 2.00821
211.48641 2.05918
211.61586 2.09219
211.75774 2.10468
211.90950 2.09760
212.06922 2.07086
212.23563 2.02337
212.39638 1.95838
212.55037 1.87770
212.70958 1.77410
212.75984 1.73693
212.80501 1.83992
212.87261 1.92753
212.96382 1.99812
213.07092 2.04728
213.20000 2.07882
213.34097 2.09033
213.50182 2.08154
213.66067 2.05339
213.82622 2.00474
213.98634 1.93877
214.13999 1.85712
214.29919 1.75238
214.33687 1.72445
214.38664 1.83365
214.45513 1.91851
214.54647 1.98681
214.66101 2.03696
214.78949 2.06603
214.93878 2.07583
215.09826 2.06466
215.26625 2.03218
215.43058 1.98089
215.58967 1.91253
215.74261 1.82859
215.90143 1.72126
215.91394 1.71190
215.96411 1.82029
216.03266 1.90445
216.12367 1.97216
216.23739 2.02193
216.37352 2.05221
216.52183 2.06108
216.68002 2.04947
216.84664 2.01701
217.00977 1.96607
217.16792 1.89831
217.33214 1.80776
217.49104 1.69929
217.54161 1.80684
217.61023 1.89029
217.70092 1.95740
217.81385 2.00679
217.94869 2.03701
218.09537 2.04625
218.25174 2.03548
218.41651 2.00436
218.57801 1.95518
218.74623 1.88398
218.90974 1.79422
219.06818 1.68661
219.11915 1.79331
219.18785 1.87603
219.27822 1.94253
219.39039 1.99153
219.52398 2.02167
219.67847 2.03120
219.84359 2.01868
220.00753 1.98629
220.17928 1.93203
220.34745 1.85830
220.51122 1.76580
220.64536 1.67385
220.69638 1.77917
220.77052 1.86629
220.86796 1.93439
220.98032 1.98031
221.11322 2.00806
221.26622 2.01591
221.42939 2.00250
221.60168 1.96719
221.77187 1.91185
221.93871 1.83735
222.10144 1.74425
222.22257 1.66102
222.27399 1.76547
222.34821 1.85178
222.44531 1.91924
222.56481 1.96711
222.70587 1.99453
222.85852 2.00028
223.02098 1.98529
223.19244 1.94877
223.36195 1.89247
223.52835 1.81710
223.69093 1.72306
223.79982 1.64811
223.85164 1.75167
223.92594 1.83718
224.02273 1.90398
224.14144 1.95144
224.28124 1.97880
224.43229 1.98495
224.59297 1.97086
224.76260 1.93578
224.93043 1.88139
225.09538 1.80832
225.25673 1.71693
225.37711 1.63513
225.42933 1.73778
225.50372 1.82246
225.60020 1.88859
225.71816 1.93563
225.85673 1.96292
226.01534 1.96921
226.18445 1.95335
226.35331 1.91714
226.52050 1.86186
226.68504 1.78797
226.84624 1.69570
226.95443 1.62207
227.00672 1.72330
227.08068 1.80688
227.17616 1.87226
227.29252 1.91899
227.42892 1.94649
227.58480 1.95368
227.75088 1.93948
227.92673 1.90305
228.10207 1.84551
228.26488 1.77253
228.42455 1.68151
228.53180 1.60892
228.58923 1.71594
228.66443 1.79699
228.76060 1.86019
228.88475 1.90725
229.02970 1.93305
229.18578 1.93706
229.35171 1.92024
229.52734 1.88141
229.70261 1.82157
229.86559 1.74628
230.02574 1.65265
230.10921 1.59569
230.16706 1.70169
230.24828 1.78677
230.35202 1.85115
230.47700 1.89500
230.62205 1.91825
230.78664 1.91991
230.96189 1.89888
231.13788 1.85645
231.31371 1.79285
231.47750 1.71365
231.63883 1.61552
231.68667 1.58238
231.74493 1.68733
231.82624 1.77150
231.92965 1.83517
232.05387 1.87860
232.19771 1.90180
232.36069 1.90392
232.53411 1.88394
232.70828 1.84311
232.88239 1.78165
233.05585 1.69891
233.21650 1.60179
233.26416 1.56898
233.32250 1.67239
233.40333 1.75539
233.50571 1.81830
233.62833 1.86143
233.77820 1.88558
233.93904 1.88754
234.10999 1.86819
234.28162 1.82872
234.45323 1.76934
234.62429 1.68938
234.79446 1.58780
234.84171 1.55548
234.90046 1.65783
234.98140 1.73989
235.08348 1.80207
235.21293 1.84659
235.36223 1.86946
235.53077 1.87023
235.71028 1.84794
235.89160 1.80340
236.06386 1.74049
236.23588 1.65650
236.40745 1.55012
236.41930 1.54190
236.47848 1.64315
236.55951 1.72427
236.66812 1.78879
236.79756 1.83151
236.94627 1.85313
237.11379 1.85323
237.29202 1.83086
237.47207 1.78673
237.64323 1.72455
237.81431 1.64156
237.98513 1.53635
237.99693 1.52822
238.06106 1.63403
238.14865 1.71669
238.25797 1.77741
238.39467 1.81882
238.55098 1.83773
238.72652 1.83378
238.90443 1.80763
239.08423 1.75998
239.25535 1.69437
239.42669 1.60758
239.57462 1.51444
239.63920 1.61905
239.72688 1.70070
239.83588 1.76066
239.97181 1.80160
240.12691 1.82050
240.30083 1.81711
240.48606 1.79027
240.66462 1.74314
240.84501 1.67375
241.01612 1.58632
241.15236 1.50055
241.21739 1.60395
241.30516 1.68458
241.41387 1.74376
241.54905 1.78422
241.71094 1.80345
241.88381 1.79953
242.06776 1.77275
242.24509 1.72614
242.42435 1.65764
242.59454 1.57131
242.73015 1.48657
242.79564 1.58873
242.88351 1.66831
242.99869 1.72942
243.13378 1.76815
243.29501 1.78620
243.47527 1.78101
243.65852 1.75319
243.84486 1.70274
244.02433 1.63216
244.19500 1.54353
244.30799 1.47248
244.37356 1.57293
244.46098 1.65126
244.57513 1.71151
244.71598 1.75133
244.87552 1.76860
245.05354 1.76348
245.24318 1.73474
245.42750 1.68480
245.60506 1.61528
245.78495 1.52171
245.88589 1.45827
245.95192 1.55745
246.04541 1.63871
246.16004 1.69669
246.30077 1.73476
246.46747 1.75115
246.65325 1.74371
246.84276 1.71289
247.02709 1.66105
247.20490 1.58954
247.38535 1.49357
247.46384 1.44396
247.53537 1.54737
247.62994 1.62581
247.75177 1.68397
247.90024 1.72030
248.06722 1.73346
248.25290 1.72354
248.44228 1.69072
248.62666 1.63703
248.80474 1.56355
248.98580 1.46516
249.04186 1.42952
249.11387 1.53154
249.20855 1.60883
249.33006 1.66613
249.47776 1.70197
249.65133 1.71524
249.84418 1.70400
250.03288 1.67037
250.21666 1.61616
250.39434 1.54225
250.57520 1.44335
250.61993 1.41497
250.69204 1.51513
250.78625 1.59109
250.90673 1.64751
251.05280 1.68304
251.22410 1.69669
251.41410 1.68677
251.60843 1.65338
251.79901 1.59787
251.98496 1.52035
252.16478 1.42137
252.19807 1.40029
252.27068 1.49900
252.37100 1.57739
252.49857 1.63374
252.65218 1.66745
252.83135 1.67804
253.02991 1.66378
253.22531 1.62632
253.41735 1.56637
253.60519 1.48362
253.77627 1.38548
253.84938 1.48272
253.94983 1.55986
254.07710 1.61528
254.22996 1.64850
254.40791 1.65914
254.60479 1.64567
254.80705 1.60760
254.99781 1.54859
255.18446 1.46716
255.35453 1.37053
255.43331 1.47129
255.53476 1.54556
255.66240 1.59868
255.82220 1.63114
256.00743 1.63975
256.21230 1.62298
256.41510 1.58199
256.60668 1.51995
256.79453 1.43489
256.93287 1.35545
257.01176 1.45420
257.11876 1.53031
257.25263 1.58314
257.41886 1.61381
257.61065 1.61975
257.81458 1.60056
258.01652 1.55773
258.20747 1.49406
258.39491 1.40730
258.51128 1.34023
258.59072 1.43734
258.69785 1.51212
258.83141 1.56399
258.99685 1.59416
259.18736 1.60024
259.39763 1.58078
259.59825 1.53858
259.78791 1.47603
259.97412 1.39079
260.08976 1.32486
260.16975 1.42031
260.27702 1.49373
260.41693 1.54641
260.58916 1.57563
260.78678 1.57966
260.99686 1.55825
261.19740 1.51451
261.39666 1.44660
261.58413 1.35779
261.66832 1.30934
261.75412 1.40765
261.86841 1.48108
262.00919 1.53013
262.18152 1.55667
262.38619 1.55864
262.59607 1.53539
262.80527 1.48766
263.00548 1.41670
263.19429 1.32425
263.24696 1.29365
263.33290 1.38978
263.44669 1.46164
263.59298 1.51133
263.77103 1.53710
263.98151 1.53743
264.19790 1.51174
264.40624 1.46245
264.60583 1.39004
264.79427 1.29608
264.82568 1.27781
264.91222 1.37209
265.02616 1.44250
265.17215 1.49115
265.34939 1.51642
265.55852 1.51700
265.78106 1.49109
265.98801 1.44273
266.18618 1.37179
266.37329 1.27971
266.40448 1.26179
266.49697 1.35839
266.61789 1.42845
266.77126 1.47496
266.95591 1.49712
267.17275 1.49388
267.39617 1.46439
267.60443 1.41237
267.80440 1.33702
267.98337 1.24559
268.07651 1.34018
268.19758 1.40872
268.35061 1.45416
268.54144 1.47619
268.76470 1.47185
268.98735 1.44179
269.20355 1.38695
269.40371 1.31021
269.56236 1.22921
269.65568 1.32140
269.78235 1.39072
269.94131 1.43522
270.13801 1.45534
270.36721 1.44860
270.59675 1.41532
270.81280 1.35799
271.01317 1.27854
271.14144 1.21264
271.24085 1.30658
271.36838 1.37276
271.53409 1.41610
271.73760 1.43403
271.97396 1.42447
272.20384 1.38886
272.42059 1.32911
272.62201 1.24679
272.72063 1.19587
272.82073 1.28758
272.95456 1.35435
273.12039 1.39540
273.33032 1.41208
273.57335 1.40060
273.81098 1.36197
274.02844 1.29985
274.23093 1.21466
274.29991 1.17889
274.40075 1.26833
274.53475 1.33336
274.70683 1.37429
274.92312 1.38969
275.17280 1.37632
275.41016 1.33651
275.62755 1.27338
275.83021 1.18707
275.87931 1.16169
275.98587 1.25195
276.12614 1.31573
276.30441 1.35424
276.52657 1.36683
276.78235 1.35044
277.01919 1.30844
277.23642 1.24316
277.43929 1.15438
277.45882 1.14426
277.56617 1.23206
277.70664 1.29402
277.89109 1.33218
278.11952 1.34347
278.38182 1.32531
278.62635 1.28040
278.84427 1.21298
279.03845 1.12659
279.15216 1.21507
279.29959 1.27560
279.49104 1.31108
279.73321 1.31920
279.99605 1.29780
280.24161 1.24993
280.46104 1.17904
280.61821 1.10867
280.73277 1.19446
280.88658 1.25476
281.08459 1.28862
281.33323 1.29458
281.60301 1.27073
281.84891 1.22106
282.06900 1.14819
282.19809 1.09049
282.31859 1.17617
282.47860 1.23461
282.68250 1.26588
282.94346 1.26897
283.21964 1.24172
283.46564 1.18925
283.68636 1.11322
283.77812 1.07203
283.90520 1.15757
284.07217 1.21402
284.28941 1.24296
284.56421 1.24204
284.84883 1.20997
285.09735 1.15256
285.32144 1.07010
285.35829 1.05328
285.48636 1.13572
285.65356 1.19003
285.87689 1.21812
286.15762 1.21598
286.44855 1.18258
286.69657 1.12495
286.92030 1.04247
286.93861 1.03423
287.07282 1.11571
287.25234 1.16901
287.48811 1.19372
287.78830 1.18679
288.07980 1.14910
288.32942 1.08674
288.51910 1.01484
288.66014 1.09530
288.84660 1.14614
289.09550 1.16815
289.40932 1.15734
289.70192 1.11656
289.95332 1.05070
290.09976 0.99512
290.24774 1.07418
290.44115 1.12241
290.70311 1.14163
291.03053 1.12702
291.33173 1.08179
291.58577 1.01124
291.68060 0.97503
291.83565 1.05231
292.03599 1.09781
292.31096 1.11415
292.65193 1.09587
292.95421 1.04794
293.21001 0.97419
293.26164 0.95455
293.42315 1.02944
293.63572 1.07284
293.92906 1.08560
294.28261 1.06287
294.58547 1.01157
294.84288 0.93366
295.01169 1.00599
295.23743 1.04693
295.55032 1.05579
295.92506 1.02747
296.23106 0.97110
296.42434 0.91232
296.60654 0.98322
296.84579 1.02033
297.18490 1.02427
297.56789 0.99095
297.87712 0.92971
298.00605 0.89051
298.19586 0.95784
298.45458 0.99230
298.81982 0.99126
299.21813 0.95238
299.52355 0.88766
299.58800 0.86819
299.79077 0.93253
300.06805 0.96299
300.46435 0.95625
300.87708 0.91146
301.17023 0.84533
301.38703 0.90605
301.69027 0.93224
302.13254 0.91801
302.54949 0.86736
302.75276 0.82186
302.98996 0.87899
303.32566 0.89963
303.82113 0.87622
304.23739 0.81957
304.33562 0.79774
304.59359 0.85007
304.96168 0.86470
305.52390 0.83134
305.91883 0.77292
306.20915 0.82011
306.63337 0.82646
307.28986 0.77842
307.50243 0.74731
307.83294 0.78785
308.32749 0.78402
309.06496 0.72387
309.08646 0.72083
309.47028 0.75272
310.09232 0.73428
310.67098 0.69340
311.14637 0.71356
312.25603 0.66487
312.89660 0.66642
313.78299 0.63512
313.84170 0.63512
313.84170 0.63512
313.84170 0.63512