# sss file
-1.57080 3.14159
-1.57080 3.14159
5.96562 0.63512
-616.46376 3.13897
-614.18316 3.14159
-617.31346 3.12259
-616.93316 2.36200
-616.89264 2.33676
-616.88350 2.32034
-616.89762 2.31366
-616.91253 2.32074
-616.92616 2.31358
-616.94573 2.32510
-616.94844 2.33676
-616.93316 2.36200
-616.93378 2.36323
-616.89082 2.33646
-616.88108 2.31953
-616.89477 2.31181
-616.91191 2.31950
-616.92564 2.31181
-616.94619 2.32300
-616.94996 2.33646
-616.93378 2.36323
-616.93443 2.36454
-616.88890 2.33614
-616.87854 2.31863
-616.89181 2.30993
-616.91125 2.31818
-616.92506 2.30996
-616.94654 2.32073
-616.95156 2.33614
-616.93443 2.36454
-616.93512 2.36592
-616.88686 2.33580
-616.87587 2.31782
-616.88857 2.30800
-616.91055 2.31678
-616.92448 2.30802
-616.94687 2.31840
-616.95326 2.33580
-616.93512 2.36592
-616.93585 2.36739
-616.88470 2.33543
-616.87307 2.31689
-616.88527 2.30603
-616.90873 2.31440
-616.90981 2.31530
-616.92387 2.30598
-616.94714 2.31595
-616.95533 2.33457
-616.95505 2.33543
-616.93585 2.36739
-616.93663 2.36894
-616.88241 2.33504
-616.87013 2.31603
-616.88165 2.30403
-616.90582 2.31122
-616.90902 2.31373
-616.92318 2.30383
-616.94729 2.31332
-616.95754 2.33266
-616.95695 2.33504
-616.93663 2.36894
-616.93745 2.37059
-616.87998 2.33462
-616.86705 2.31506
-616.87791 2.30198
-616.90262 2.30795
-616.90819 2.31206
-616.92243 2.30158
-616.94731 2.31051
-616.95967 2.33035
-616.95896 2.33462
-616.93745 2.37059
-616.93833 2.37233
-616.87741 2.33417
-616.86381 2.31406
-616.87405 2.29987
-616.89915 2.30460
-616.90731 2.31029
-616.92171 2.29920
-616.94743 2.30769
-616.96171 2.32804
-616.96108 2.33417
-616.93833 2.37233
-616.93925 2.37418
-616.87468 2.33368
-616.86039 2.31293
-616.86994 2.29772
-616.89544 2.30117
-616.90637 2.30842
-616.92080 2.29671
-616.94717 2.30450
-616.96361 2.32521
-616.96333 2.33368
-616.93925 2.37418
-616.94023 2.37614
-616.87179 2.33317
-616.85683 2.31192
-616.86553 2.29555
-616.89120 2.29754
-616.90538 2.30643
-616.91989 2.29408
-616.94695 2.30124
-616.96539 2.32217
-616.96570 2.33317
-616.94023 2.37614
-616.94127 2.37822
-616.86872 2.33261
-616.85305 2.31073
-616.86105 2.29327
-616.88684 2.29390
-616.90432 2.30432
-616.91893 2.29131
-616.94666 2.29783
-616.96704 2.31892
-616.96821 2.33261
-616.94127 2.37822
-616.94237 2.38042
-616.86547 2.33202
-616.84909 2.30950
-616.85630 2.29094
-616.88209 2.29012
-616.90320 2.30209
-616.91788 2.28839
-616.94623 2.29421
-616.96852 2.31533
-616.97086 2.33202
-616.94237 2.38042
-616.94353 2.38275
-616.86203 2.33138
-616.84493 2.30823
-616.85129 2.28857
-616.87692 2.28621
-616.90202 2.29972
-616.91674 2.28533
-616.94562 2.29038
-616.96987 2.31154
-616.97367 2.33138
-616.94353 2.38275
-616.94477 2.38522
-616.85838 2.33069
-616.84057 2.30696
-616.84607 2.28610
-616.87156 2.28224
-616.90076 2.29720
-616.91560 2.28208
-616.94513 2.28645
-616.97105 2.30744
-616.97663 2.33069
-616.94477 2.38522
-616.94608 2.38783
-616.85451 2.32995
-616.83593 2.30544
-616.84061 2.28354
-616.86574 2.27813
-616.89682 2.29236
-616.89943 2.29454
-616.91425 2.27869
-616.94418 2.28217
-616.97197 2.30293
-616.98028 2.32796
-616.97976 2.32995
-616.94608 2.38783
-616.94746 2.39060
-616.85042 2.32916
-616.83111 2.30404
-616.83476 2.28104
-616.85948 2.27390
-616.89178 2.28678
-616.89802 2.29171
-616.91295 2.27508
-616.94346 2.27781
-616.97293 2.29840
-616.98393 2.32450
-616.98306 2.32916
-616.94746 2.39060
-616.94893 2.39354
-616.84607 2.32830
-616.82599 2.30245
-616.82877 2.27831
-616.85305 2.26959
-616.88631 2.28105
-616.89652 2.28871
-616.91150 2.27129
-616.94246 2.27317
-616.97354 2.29337
-616.98743 2.32055
-616.98655 2.32830
-616.94893 2.39354
-616.95048 2.39665
-616.84147 2.32738
-616.82060 2.30075
-616.82252 2.27545
-616.84633 2.26515
-616.88042 2.27516
-616.89492 2.28553
-616.90997 2.26728
-616.94114 2.26822
-616.97383 2.28790
-616.99070 2.31587
-616.99023 2.32738
-616.95048 2.39665
-616.95213 2.39994
-616.89546 2.36261
-616.83659 2.32639
-616.81493 2.29898
-616.81593 2.27251
-616.83917 2.26058
-616.87389 2.26898
-616.89324 2.28215
-616.90831 2.26307
-616.93986 2.26309
-616.97401 2.28221
-616.99373 2.31080
-616.99412 2.32639
-616.95365 2.39136
-616.95213 2.39994
-616.95388 2.40343
-616.89373 2.36384
-616.83142 2.32532
-616.80900 2.29717
-616.80897 2.26956
-616.83140 2.25589
-616.86648 2.26242
-616.89145 2.27857
-616.90648 2.25864
-616.93852 2.25771
-616.97396 2.27618
-616.99653 2.30539
-616.99821 2.32532
-616.95551 2.39434
-616.95388 2.40343
-616.95573 2.40713
-616.89189 2.36514
-616.82595 2.32416
-616.80274 2.29524
-616.80171 2.26647
-616.82331 2.25108
-616.85860 2.25571
-616.88955 2.27477
-616.90455 2.25397
-616.93681 2.25200
-616.97352 2.26966
-616.99901 2.29936
-617.00253 2.32416
-616.95749 2.39750
-616.95573 2.40713
-616.95768 2.41105
-616.89906 2.37179
-616.82015 2.32292
-616.79607 2.29302
-616.79421 2.26298
-616.81530 2.24602
-616.85097 2.24908
-616.88753 2.27074
-616.90262 2.24897
-616.93533 2.24608
-616.97337 2.26318
-617.00142 2.29328
-617.00709 2.32292
-616.95918 2.40202
-616.95768 2.41105
-616.95976 2.41519
-616.89752 2.37357
-616.81400 2.32157
-616.78915 2.29091
-616.78620 2.25970
-616.80624 2.24095
-616.84172 2.24185
-616.88020 2.26209
-616.88539 2.26647
-616.90038 2.24379
-616.93315 2.23974
-616.97222 2.25578
-617.00297 2.28575
-617.01263 2.31737
-617.01189 2.32157
-616.96138 2.40563
-616.95976 2.41519
-616.96195 2.41959
-616.90400 2.38018
-616.80749 2.32011
-616.78178 2.28846
-616.77792 2.25596
-616.79726 2.23555
-616.83280 2.23466
-616.87281 2.25361
-616.88312 2.26193
-616.89814 2.23824
-616.93123 2.23315
-616.97144 2.24841
-617.00463 2.27844
-617.01782 2.31150
-617.01694 2.32011
-616.96338 2.41051
-616.96195 2.41959
-616.96428 2.42424
-616.90272 2.38246
-616.80060 2.31853
-616.77414 2.28613
-616.76912 2.25249
-616.78743 2.23012
-616.82244 2.22704
-616.86385 2.24419
-616.88072 2.25711
-616.89577 2.23235
-616.92886 2.22617
-616.97017 2.24048
-617.00583 2.27042
-617.02271 2.30508
-617.02226 2.31853
-616.96583 2.41462
-616.96428 2.42424
-616.96674 2.42917
-616.90872 2.38921
-616.79329 2.31683
-616.76599 2.28342
-616.76000 2.24848
-616.77741 2.22438
-616.81215 2.21931
-616.85463 2.23475
-616.87816 2.25200
-616.89319 2.22617
-616.92643 2.21885
-616.96869 2.23215
-617.00663 2.26181
-617.02718 2.29755
-617.02785 2.31683
-616.96814 2.41994
-616.96674 2.42917
-616.96935 2.43439
-616.91409 2.39583
-616.79656 2.32347
-616.78556 2.31498
-616.75739 2.28050
-616.75044 2.24421
-616.76699 2.21836
-616.80142 2.21132
-616.84443 2.22481
-616.87545 2.24658
-616.89045 2.21963
-616.92387 2.21113
-616.96664 2.22322
-617.00684 2.25243
-617.03125 2.28941
-617.03374 2.31498
-616.99335 2.38529
-616.97063 2.42545
-616.96935 2.43439
-616.97212 2.43991
-616.91338 2.39904
-616.78897 2.32202
-616.77737 2.31297
-616.74837 2.27748
-616.74035 2.24018
-616.75565 2.21239
-616.78935 2.20301
-616.83331 2.21443
-616.87257 2.24082
-616.88747 2.21275
-616.92089 2.20299
-616.96435 2.21385
-617.00692 2.24274
-617.03480 2.28039
-617.03992 2.31297
-617.00574 2.37646
-616.97352 2.43044
-616.97212 2.43991
-616.97504 2.44576
-616.90034 2.39515
-616.77989 2.31966
-616.76870 2.31079
-616.73889 2.27428
-616.72986 2.23535
-616.74422 2.20587
-616.77768 2.19443
-616.82207 2.20397
-616.86653 2.23205
-616.86952 2.23471
-616.88427 2.20549
-616.91800 2.19442
-616.96250 2.20432
-617.00685 2.23267
-617.03816 2.27120
-617.04680 2.30814
-617.04641 2.31079
-617.01472 2.37281
-616.97636 2.43653
-616.97504 2.44576
-616.97814 2.45196
-616.90575 2.40245
-616.77038 2.31718
-616.75953 2.30843
-616.72889 2.27084
-616.71881 2.23090
-616.73185 2.19944
-616.76438 2.18558
-616.80892 2.19265
-616.85535 2.21895
-616.86627 2.22822
-616.88088 2.19781
-616.91455 2.18538
-616.95958 2.19393
-617.00571 2.22141
-617.04045 2.26021
-617.05382 2.29937
-617.05322 2.30843
-617.02377 2.36940
-616.97940 2.44290
-616.97814 2.45196
-616.98142 2.45852
-616.91082 2.40983
-616.77297 2.32395
-616.74981 2.30586
-616.71842 2.26725
-616.70727 2.22563
-616.71923 2.19245
-616.75085 2.17640
-616.79528 2.18108
-616.84369 2.20578
-616.86283 2.22134
-616.87721 2.18974
-616.91063 2.17587
-616.95595 2.18287
-617.00407 2.20949
-617.04230 2.24867
-617.06024 2.28975
-617.06036 2.30586
-617.03296 2.36615
-616.98265 2.44958
-616.98142 2.45852
-616.98489 2.46546
-616.91562 2.41735
-616.76217 2.32107
-616.73954 2.30307
-616.70742 2.26344
-616.69516 2.22051
-616.70598 2.18520
-616.73695 2.16682
-616.78114 2.16919
-616.83074 2.19187
-616.85917 2.21402
-616.87354 2.18097
-616.90719 2.16578
-616.95330 2.17169
-617.00273 2.19745
-617.04407 2.23700
-617.06619 2.27977
-617.06785 2.30307
-617.04233 2.36297
-616.98610 2.45660
-616.98489 2.46546
-616.98857 2.47281
-616.91485 2.42182
-616.76708 2.32983
-616.72867 2.30003
-616.69586 2.25940
-616.68250 2.21518
-616.69188 2.17798
-616.72149 2.15709
-616.76550 2.15671
-616.81594 2.17693
-616.85529 2.20625
-616.86934 2.17197
-616.90257 2.15523
-616.94868 2.15936
-616.99926 2.18356
-617.04400 2.22292
-617.07120 2.26762
-617.07568 2.30003
-617.04950 2.36395
-616.98991 2.46344
-616.98857 2.47281
-616.99246 2.48060
-616.91972 2.43000
-616.75477 2.32649
-616.71718 2.29672
-616.68344 2.25459
-616.66919 2.20866
-616.67776 2.16950
-616.70682 2.14653
-616.75091 2.14414
-616.80251 2.16278
-616.85116 2.19800
-616.86511 2.16219
-616.89842 2.14397
-616.94511 2.14681
-616.99716 2.17019
-617.04468 2.20961
-617.07592 2.25561
-617.08386 2.29672
-617.05963 2.36054
-616.99381 2.47126
-616.99246 2.48060
-616.99658 2.48883
-616.92446 2.43844
-616.75728 2.33403
-616.70502 2.29311
-616.67068 2.24998
-616.65531 2.20277
-616.66232 2.16172
-616.69016 2.13598
-616.73324 2.13069
-616.78501 2.14641
-616.83740 2.18082
-616.84678 2.18924
-616.86059 2.15183
-616.89390 2.13207
-616.94050 2.13339
-616.99388 2.15558
-617.04415 2.19474
-617.07963 2.24179
-617.09263 2.28630
-617.09241 2.29311
-617.07002 2.35709
-617.00112 2.46980
-616.99658 2.48883
-617.00094 2.49756
-616.92911 2.44719
-616.74362 2.33036
-616.69218 2.28919
-616.65696 2.24451
-616.64068 2.19554
-616.64677 2.15245
-616.67386 2.12447
-616.71668 2.11694
-616.76913 2.13070
-616.82368 2.16393
-616.84212 2.17993
-616.85547 2.14121
-616.88807 2.11973
-616.93475 2.11908
-616.98866 2.13937
-617.04112 2.17720
-617.08130 2.22483
-617.10046 2.27224
-617.10133 2.28919
-617.08073 2.35356
-617.00234 2.48822
-617.00094 2.49756
-617.00555 2.50679
-616.92075 2.44841
-616.74148 2.33526
-616.67860 2.28490
-616.64255 2.23864
-616.62535 2.18787
-616.63047 2.14271
-616.65632 2.11264
-616.69858 2.10251
-616.75140 2.11391
-616.80724 2.14504
-616.83718 2.17003
-616.85028 2.12964
-616.88271 2.10647
-616.92959 2.10421
-616.98449 2.12320
-617.03921 2.16045
-617.08359 2.20925
-617.10772 2.25920
-617.11062 2.28490
-617.09333 2.34648
-617.00690 2.49786
-617.00555 2.50679
-617.01044 2.51655
-616.92509 2.45775
-616.74247 2.34273
-616.66427 2.28023
-616.62776 2.23299
-616.60946 2.18097
-616.61287 2.13390
-616.63711 2.10086
-616.67829 2.08751
-616.73105 2.09584
-616.78844 2.12461
-616.83192 2.15951
-616.84472 2.11739
-616.87689 2.09245
-616.92385 2.08847
-616.97958 2.10602
-617.03637 2.14248
-617.08443 2.19161
-617.11371 2.24332
-617.12028 2.28023
-617.10458 2.34273
-617.01185 2.50755
-617.01044 2.51655
-617.01561 2.52689
-616.92944 2.46752
-616.74340 2.35053
-616.65898 2.28449
-616.64913 2.27512
-616.61186 2.22627
-616.59265 2.17242
-616.59501 2.12322
-616.61820 2.08776
-616.65863 2.07181
-616.71136 2.07764
-616.76996 2.10442
-616.82633 2.14833
-616.83878 2.10442
-616.87060 2.07764
-616.91750 2.07181
-616.97388 2.08776
-617.03254 2.12322
-617.08409 2.17242
-617.11872 2.22627
-617.13031 2.27512
-617.11624 2.33874
-617.04957 2.45658
-617.01710 2.51778
-617.01561 2.52689
-617.02108 2.53783
-616.93381 2.47776
-616.74422 2.35867
-616.64301 2.27913
-616.63316 2.26955
-616.59518 2.21905
-616.57506 2.16334
-616.57631 2.11197
-616.59836 2.07401
-616.63790 2.05537
-616.69037 2.05853
-616.74987 2.08307
-616.80888 2.12571
-616.82038 2.13644
-616.83243 2.09068
-616.86379 2.06197
-616.91050 2.05419
-616.96734 2.06837
-617.02764 2.10262
-617.08305 2.15228
-617.12283 2.20808
-617.14013 2.26020
-617.14071 2.26955
-617.12831 2.33444
-617.07071 2.44381
-617.02267 2.52860
-617.02108 2.53783
-617.02686 2.54941
-616.94240 2.49107
-616.73860 2.36281
-616.63642 2.28285
-616.61631 2.26346
-616.57771 2.21137
-616.55667 2.15385
-616.55671 2.10031
-616.57740 2.05977
-616.61573 2.03823
-616.66755 2.03838
-616.72749 2.06021
-616.78869 2.10097
-616.81406 2.12380
-616.82560 2.07619
-616.85632 2.04548
-616.90256 2.03555
-616.95955 2.04766
-617.02113 2.08029
-617.07957 2.12928
-617.12477 2.18659
-617.14851 2.24178
-617.15146 2.26346
-617.13785 2.33876
-617.08215 2.44677
-617.02848 2.54040
-617.02686 2.54941
-617.03299 2.56165
-616.94677 2.50232
-616.73842 2.37125
-616.63047 2.28745
-616.59855 2.25680
-616.55933 2.20301
-616.53740 2.14359
-616.53626 2.08780
-616.55602 2.04421
-616.59336 2.02003
-616.64462 2.01749
-616.70490 2.03688
-616.76869 2.07652
-616.80733 2.11035
-616.81833 2.06078
-616.84840 2.02797
-616.89415 2.01586
-616.95120 2.02587
-617.01389 2.05682
-617.07503 2.10501
-617.12487 2.16285
-617.15544 2.22172
-617.16257 2.25680
-617.15100 2.33406
-617.10462 2.43334
-617.03783 2.54302
-617.03299 2.56165
-617.03947 2.57461
-616.93740 2.50581
-616.73103 2.37521
-616.62278 2.29090
-616.57983 2.24951
-616.53965 2.19324
-616.51711 2.13199
-616.51509 2.07339
-616.53384 2.02750
-616.57010 2.00080
-616.62058 1.99555
-616.68084 2.01234
-616.74600 2.04992
-616.80018 2.09603
-616.81080 2.04393
-616.84076 2.00887
-616.88611 1.99496
-616.94312 2.00316
-617.00747 2.03308
-617.07157 2.08131
-617.12572 2.14044
-617.16174 2.20190
-617.17400 2.24951
-617.16541 2.32591
-617.12409 2.42481
-617.04436 2.55629
-617.03947 2.57461
-617.04632 2.58832
-616.94560 2.52053
-616.74048 2.39157
-616.61418 2.29403
-616.56012 2.24154
-616.51942 2.18349
-616.49603 2.12029
-616.49276 2.05932
-616.51002 2.01067
-616.54541 1.98063
-616.59492 1.97243
-616.65494 1.98638
-616.72117 2.02163
-616.78598 2.07429
-616.79256 2.08079
-616.80250 2.02657
-616.83159 1.98921
-616.87613 1.97288
-616.93279 1.97865
-616.99774 2.00644
-617.06396 2.05331
-617.12288 2.11318
-617.16524 2.17704
-617.18500 2.23556
-617.18575 2.24154
-617.17998 2.31749
-617.14358 2.41640
-617.04823 2.57940
-617.04632 2.58832
-617.05357 2.60282
-616.93591 2.52516
-616.73110 2.39544
-616.60462 2.29686
-616.53937 2.23282
-616.49828 2.17308
-616.47383 2.10705
-616.46950 2.04386
-616.48534 1.99260
-616.51918 1.95955
-616.56812 1.94810
-616.62845 1.95940
-616.69531 1.99231
-616.76244 2.04346
-616.78444 2.06456
-616.79360 2.00823
-616.82161 1.96850
-616.86577 1.94945
-616.92271 1.95302
-616.98798 1.97885
-617.05581 2.02430
-617.11897 2.08467
-617.16718 2.15057
-617.19406 2.21346
-617.19777 2.23282
-617.19472 2.30869
-617.16314 2.40794
-617.05560 2.59396
-617.05357 2.60282
-617.06124 2.61817
-616.93955 2.53850
-616.72867 2.40487
-616.59684 2.30186
-616.51755 2.22327
-616.47561 2.16080
-616.45061 2.09285
-616.44520 2.02743
-616.45990 1.97286
-616.49288 1.93665
-616.54066 1.92242
-616.60030 1.93087
-616.66842 1.96178
-616.73834 2.01215
-616.77580 2.04727
-616.78434 1.98805
-616.81191 1.94567
-616.85525 1.92447
-616.91157 1.92577
-616.97689 1.94944
-617.04696 1.99396
-617.11311 2.05379
-617.16697 2.12142
-617.20083 2.18753
-617.21005 2.22327
-617.20934 2.30186
-617.18052 2.40487
-617.10327 2.53850
-617.06124 2.61817
-617.06936 2.63439
-616.95135 2.55744
-616.74561 2.42860
-616.61110 2.32651
-616.51207 2.23285
-616.49461 2.21282
-616.45240 2.14859
-616.42659 2.07869
-616.41983 2.00994
-616.43296 1.95262
-616.46413 1.91319
-616.51097 1.89533
-616.56950 1.90045
-616.63748 1.92823
-616.70884 1.97617
-616.76658 2.02885
-616.77417 1.96734
-616.80042 1.92236
-616.84306 1.89809
-616.89840 1.89664
-616.96439 1.91811
-617.03540 1.96068
-617.10516 2.02039
-617.16442 2.08944
-617.20565 2.15955
-617.22253 2.21282
-617.22482 2.28948
-617.20263 2.39036
-617.14752 2.50183
-617.07171 2.62556
-617.06936 2.63439
-617.07794 2.65156
-616.94075 2.56391
-616.73330 2.43284
-616.59866 2.32903
-616.49733 2.23242
-616.47052 2.20138
-616.42754 2.13423
-616.40097 2.06126
-616.39338 1.99030
-616.40546 1.92963
-616.43576 1.88703
-616.48131 1.86647
-616.53976 1.86898
-616.60753 1.89435
-616.68096 1.94118
-616.75275 2.00503
-616.75676 2.00920
-616.76354 1.94451
-616.78910 1.89655
-616.83060 1.86987
-616.88581 1.86596
-616.95143 1.88518
-617.02415 1.92658
-617.09709 1.98633
-617.16112 2.05674
-617.20862 2.12957
-617.23425 2.19698
-617.23517 2.20138
-617.23938 2.29111
-617.21853 2.39401
-617.16500 2.50723
-617.08051 2.64270
-617.07794 2.65156
-617.08702 2.66971
-616.73843 2.45014
-616.60044 2.34449
-616.49251 2.24325
-616.44524 2.18884
-616.40213 2.11990
-616.37477 2.04489
-616.36573 1.97036
-616.37607 1.90677
-616.40430 1.86074
-616.44853 1.83615
-616.50537 1.83497
-616.57335 1.85724
-616.64732 1.90127
-616.72158 1.96331
-616.74628 1.98824
-616.75191 1.92108
-616.77588 1.87027
-616.81634 1.84010
-616.87012 1.83308
-616.93590 1.84959
-617.00886 1.88850
-617.08365 1.94652
-617.15259 2.01755
-617.20767 2.09390
-617.24170 2.16633
-617.24792 2.18884
-617.25536 2.27978
-617.23932 2.38432
-617.19072 2.50073
-617.08984 2.66080
-617.08702 2.66971
-617.09662 2.68891
-616.91695 2.57829
-616.72402 2.45477
-616.58574 2.34683
-616.47626 2.24254
-616.41873 2.17511
-616.37493 2.10307
-616.34680 2.02479
-616.33686 1.94792
-616.34596 1.88068
-616.37307 1.83113
-616.41568 1.80358
-616.47199 1.79937
-616.53918 1.81883
-616.61452 1.86120
-616.69172 1.92285
-616.73509 1.96586
-616.73969 1.89519
-616.76268 1.84102
-616.80165 1.80813
-616.85490 1.79820
-616.91978 1.81204
-616.99386 1.84927
-617.07117 1.90675
-617.14427 1.97858
-617.20524 2.05715
-617.24659 2.13310
-617.26070 2.17511
-617.27145 2.26753
-617.26028 2.37397
-617.21717 2.49378
-617.09662 2.68891
-617.10677 2.70922
-616.75465 2.49199
-616.59606 2.37160
-616.46883 2.25198
-616.39094 2.16007
-616.34649 2.08480
-616.31758 2.00308
-616.30668 1.92264
-616.31446 1.85276
-616.34029 1.79947
-616.38189 1.76855
-616.43769 1.76146
-616.50508 1.77878
-616.58045 1.81911
-616.66024 1.88039
-616.72314 1.94196
-616.72637 1.86860
-616.74794 1.81053
-616.78573 1.77403
-616.83823 1.76093
-616.90305 1.77228
-616.97685 1.80716
-617.05638 1.86386
-617.13332 1.93623
-617.19990 2.01674
-617.24906 2.09732
-617.27345 2.16007
-617.28747 2.25198
-617.27986 2.37160
-617.24166 2.49199
-617.10677 2.70922
-617.11751 2.73069
-616.76491 2.51610
-616.60500 2.39623
-616.47279 2.27415
-616.37723 2.16458
-616.36184 2.14359
-616.31682 2.06507
-616.28745 1.98132
-616.27517 1.89706
-616.28139 1.82322
-616.30513 1.76665
-616.34512 1.73161
-616.39878 1.72077
-616.46444 1.73422
-616.54026 1.77172
-616.62083 1.83035
-616.70049 1.90573
-616.71036 1.91641
-616.71227 1.83924
-616.73200 1.77818
-616.76828 1.73775
-616.81871 1.72115
-616.88175 1.72881
-616.95576 1.76085
-617.03567 1.81484
-617.11612 1.88674
-617.18940 1.96982
-617.24680 2.05471
-617.28294 2.13365
-617.28607 2.14359
-617.30438 2.24815
-617.30027 2.36882
-617.26703 2.49028
-617.19786 2.61203
-617.11751 2.73069
-617.12886 2.75340
-616.77361 2.54046
-616.61243 2.42084
-616.47633 2.29675
-616.37255 2.18091
-616.33140 2.12554
-616.28653 2.04519
-616.25602 1.95785
-616.24233 1.87096
-616.24658 1.79268
-616.26832 1.73159
-616.30648 1.69213
-616.35875 1.67734
-616.42372 1.68750
-616.49988 1.72261
-616.58212 1.78002
-616.66518 1.85553
-616.69669 1.88907
-616.69713 1.80785
-616.71529 1.74274
-616.75010 1.69844
-616.79938 1.67841
-616.86185 1.68325
-616.93488 1.71259
-617.01617 1.76528
-617.09957 1.83713
-617.17761 1.92154
-617.24258 2.01067
-617.28718 2.09505
-617.29846 2.12554
-617.32051 2.23046
-617.32281 2.35170
-617.29800 2.47520
-617.24369 2.58963
-617.12886 2.75340
-617.14087 2.77742
-616.79982 2.57778
-616.63529 2.45936
-616.49315 2.33364
-616.37946 2.21145
-616.29956 2.10576
-616.25412 2.02184
-616.22273 1.93064
-616.20785 1.83963
-616.21065 1.75707
-616.23090 1.69183
-616.26697 1.64908
-616.31805 1.63065
-616.38249 1.63795
-616.45770 1.67041
-616.54149 1.72675
-616.62765 1.80254
-616.68206 1.85979
-616.68085 1.77411
-616.69730 1.70459
-616.72982 1.65670
-616.77762 1.63259
-616.83922 1.63405
-616.91228 1.66097
-616.99482 1.71238
-617.08094 1.78426
-617.16341 1.87005
-617.23461 1.96189
-617.28781 2.05179
-617.31052 2.10576
-617.33631 2.21145
-617.34481 2.33364
-617.32839 2.45936
-617.28228 2.57778
-617.14087 2.77742
-617.15357 2.80282
-616.80543 2.60313
-616.63955 2.48443
-616.49506 2.35716
-616.37662 2.23087
-616.28044 2.10573
-616.26629 2.08409
-616.22039 1.99670
-616.18809 1.90169
-616.17181 1.80652
-616.17283 1.71949
-616.19111 1.64973
-616.22529 1.60266
-616.27476 1.58031
-616.33817 1.58434
-616.41323 1.61444
-616.49804 1.66952
-616.58673 1.74528
-616.66636 1.82840
-616.66320 1.73959
-616.67729 1.66508
-616.70749 1.61227
-616.75321 1.58348
-616.81329 1.58082
-616.88570 1.60452
-616.96732 1.65278
-617.05551 1.72354
-617.14339 1.81130
-617.22178 1.90690
-617.28363 2.00201
-617.32212 2.08409
-617.35167 2.19093
-617.36659 2.32864
-617.35553 2.45659
-617.31509 2.57789
-617.22965 2.70685
-617.15357 2.80282
-617.16700 2.82969
-616.82885 2.64162
-616.65953 2.52376
-616.51056 2.39554
-616.37324 2.25097
-616.26925 2.11775
-616.23155 2.06035
-616.18513 1.96919
-616.15181 1.87003
-616.13404 1.77030
-616.13318 1.67840
-616.14941 1.60377
-616.18161 1.55213
-616.22943 1.52570
-616.29058 1.52621
-616.36527 1.55365
-616.44940 1.60618
-616.54037 1.68155
-616.63129 1.77398
-616.64952 1.79471
-616.64433 1.70098
-616.65614 1.62131
-616.68409 1.56353
-616.72783 1.53012
-616.78533 1.52344
-616.85693 1.54378
-616.93892 1.58994
-617.02896 1.65998
-617.12048 1.74849
-617.20580 1.84803
-617.27599 1.94849
-617.32555 2.04202
-617.33312 2.06035
-617.36953 2.18198
-617.38908 2.32276
-617.38369 2.45333
-617.34950 2.57782
-617.27645 2.70050
-617.16700 2.82969
-617.18121 2.85810
-616.85615 2.68412
-616.68520 2.56923
-616.53353 2.44266
-616.39064 2.29655
-616.27659 2.15593
-616.19528 2.03434
-616.14749 1.93722
-616.11338 1.83369
-616.09425 1.72923
-616.09158 1.63231
-616.10578 1.55269
-616.13601 1.49644
-616.18216 1.46599
-616.24224 1.46344
-616.31527 1.48823
-616.40009 1.53962
-616.49315 1.61521
-616.58779 1.70920
-616.63141 1.75850
-616.62394 1.65943
-616.63318 1.57412
-616.65856 1.51082
-616.69997 1.47227
-616.75570 1.46129
-616.82500 1.47780
-616.90700 1.52156
-616.99690 1.58929
-617.09167 1.67811
-617.18228 1.77952
-617.26112 1.88520
-617.32056 1.98514
-617.34338 2.03434
-617.38366 2.15593
-617.41023 2.29655
-617.41345 2.44266
-617.38836 2.56923
-617.33229 2.68412
-617.18121 2.85810
-617.19624 2.88816
-616.88089 2.72689
-616.70782 2.61445
-616.55395 2.48943
-616.40709 2.34261
-616.27520 2.18280
-616.17736 2.03968
-616.15742 2.00583
-616.10906 1.90457
-616.07374 1.79650
-616.05273 1.68690
-616.04760 1.58430
-616.05903 1.49880
-616.08650 1.43685
-616.13016 1.40117
-616.18839 1.39439
-616.26046 1.41615
-616.34550 1.46591
-616.43849 1.53979
-616.53643 1.63472
-616.61192 1.71951
-616.60190 1.61477
-616.60816 1.52331
-616.63049 1.45388
-616.66901 1.40945
-616.72241 1.39344
-616.79022 1.40604
-616.87187 1.44726
-616.96281 1.51397
-617.06031 1.60328
-617.15549 1.70657
-617.24238 1.81750
-617.31231 1.92586
-617.35272 2.00583
-617.40081 2.14141
-617.43462 2.29829
-617.44297 2.44588
-617.42400 2.57394
-617.37405 2.69107
-617.27383 2.81361
-617.19624 2.88816
-617.21214 2.91996
-616.90280 2.77032
-616.72698 2.65978
-616.57129 2.53607
-616.42168 2.38893
-616.28408 2.22491
-616.17572 2.07122
-616.11792 1.97457
-616.06891 1.86895
-616.03223 1.75600
-616.00909 1.64083
-616.00119 1.53196
-616.00949 1.43990
-616.03377 1.37155
-616.07453 1.32995
-616.13053 1.31840
-616.20134 1.33683
-616.28637 1.38485
-616.38075 1.45863
-616.48174 1.55495
-616.58024 1.66460
-616.59089 1.67746
-616.57800 1.56650
-616.58090 1.46820
-616.59972 1.39187
-616.63487 1.34076
-616.68548 1.31899
-616.75139 1.32715
-616.83237 1.36552
-616.92406 1.43113
-617.02401 1.52100
-617.12519 1.62832
-617.21813 1.74263
-617.29737 1.85760
-617.35582 1.96349
-617.36097 1.97457
-617.41343 2.11128
-617.45470 2.26920
-617.47395 2.43371
-617.46192 2.57851
-617.41914 2.69827
-617.33260 2.81442
-617.21214 2.91996
-617.22896 2.95360
-617.32296 3.14159
-615.22856 3.14159
-614.83877 2.36200
-614.79824 2.33676
-614.78910 2.32034
-614.80323 2.31366
-614.81814 2.32074
-614.83177 2.31358
-614.85133 2.32510
-614.85405 2.33676
-614.83877 2.36200
-614.83938 2.36323
-614.79643 2.33646
-614.78668 2.31953
-614.80038 2.31181
-614.81751 2.31950
-614.83125 2.31181
-614.85180 2.32300
-614.85556 2.33646
-614.83938 2.36323
-614.84003 2.36454
-614.79450 2.33614
-614.78415 2.31863
-614.79742 2.30993
-614.81685 2.31818
-614.83067 2.30996
-614.85214 2.32073
-614.85717 2.33614
-614.84003 2.36454
-614.84073 2.36592
-614.79246 2.33580
-614.78148 2.31782
-614.79417 2.30800
-614.81616 2.31678
-614.83008 2.30802
-614.85247 2.31840
-614.85886 2.33580
-614.84073 2.36592
-614.84146 2.36739
-614.79030 2.33543
-614.77868 2.31689
-614.79088 2.30603
-614.81434 2.31440
-614.81541 2.31530
-614.82947 2.30598
-614.85274 2.31595
-614.86094 2.33457
-614.86066 2.33543
-614.84146 2.36739
-614.84224 2.36894
-614.78801 2.33504
-614.77574 2.31603
-614.78726 2.30403
-614.81142 2.31122
-614.81463 2.31373
-614.82879 2.30383
-614.85289 2.31332
-614.86315 2.33266
-614.86255 2.33504
-614.84224 2.36894
-614.84306 2.37059
-614.78558 2.33462
-614.77265 2.31506
-614.78352 2.30198
-614.80822 2.30795
-614.81380 2.31206
-614.82803 2.30158
-614.85291 2.31051
-614.86528 2.33035
-614.86456 2.33462
-614.84306 2.37059
-614.84393 2.37233
-614.78301 2.33417
-614.76941 2.31406
-614.77965 2.29987
-614.80476 2.30460
-614.81291 2.31029
-614.82732 2.29920
-614.85304 2.30769
-614.86732 2.32804
-614.86668 2.33417
-614.84393 2.37233
-614.84486 2.37418
-614.78028 2.33368
-614.76600 2.31293
-614.77555 2.29772
-614.80104 2.30117
-614.81197 2.30842
-614.82640 2.29671
-614.85278 2.30450
-614.86922 2.32521
-614.86893 2.33368
-614.84486 2.37418
-614.84584 2.37614
-614.77739 2.33317
-614.76243 2.31192
-614.77114 2.29555
-614.79680 2.29754
-614.81098 2.30643
-614.82549 2.29408
-614.85255 2.30124
-614.87099 2.32217
-614.87130 2.33317
-614.84584 2.37614
-614.84687 2.37822
-614.77433 2.33261
-614.75866 2.31073
-614.76665 2.29327
-614.79245 2.29390
-614.80993 2.30432
-614.82453 2.29131
-614.85227 2.29783
-614.87265 2.31892
-614.87381 2.33261
-614.84687 2.37822
-614.84797 2.38042
-614.77108 2.33202
-614.75470 2.30950
-614.76191 2.29094
-614.78770 2.29012
-614.80881 2.30209
-614.82348 2.28839
-614.85183 2.29421
-614.87412 2.31533
-614.87647 2.33202
-614.84797 2.38042
-614.84914 2.38275
-614.76764 2.33138
-614.75053 2.30823
-614.75690 2.28857
-614.78253 2.28621
-614.80762 2.29972
-614.82234 2.28533
-614.85123 2.29038
-614.87548 2.31154
-614.87927 2.33138
-614.84914 2.38275
-614.85037 2.38522
-614.76399 2.33069
-614.74617 2.30696
-614.75167 2.28610
-614.77717 2.28224
-614.80637 2.29720
-614.82121 2.28208
-614.85074 2.28645
-614.87666 2.30744
-614.88223 2.33069
-614.85037 2.38522
-614.85168 2.38783
-614.76012 2.32995
-614.74153 2.30544
-614.74622 2.28354
-614.77134 2.27813
-614.80243 2.29236
-614.80503 2.29454
-614.81986 2.27869
-614.84979 2.28217
-614.87758 2.30293
-614.88589 2.32796
-614.88536 2.32995
-614.85168 2.38783
-614.85307 2.39060
-614.75602 2.32916
-614.73671 2.30404
-614.74037 2.28104
-614.76508 2.27390
-614.79738 2.28678
-614.80362 2.29171
-614.81856 2.27508
-614.84906 2.27781
-614.87853 2.29840
-614.88953 2.32450
-614.88867 2.32916
-614.85307 2.39060
-614.85453 2.39354
-614.75168 2.32830
-614.73160 2.30245
-614.73438 2.27831
-614.75866 2.26959
-614.79191 2.28105
-614.80212 2.28871
-614.81711 2.27129
-614.84807 2.27317
-614.87915 2.29337
-614.89304 2.32055
-614.89215 2.32830
-614.85453 2.39354
-614.85609 2.39665
-614.74707 2.32738
-614.72621 2.30075
-614.72812 2.27545
-614.75194 2.26515
-614.78603 2.27516
-614.80053 2.28553
-614.81557 2.26728
-614.84675 2.26822
-614.87943 2.28790
-614.89631 2.31587
-614.89584 2.32738
-614.85609 2.39665
-614.85774 2.39994
-614.80106 2.36261
-614.74220 2.32639
-614.72054 2.29898
-614.72154 2.27251
-614.74478 2.26058
-614.77950 2.26898
-614.79884 2.28215
-614.81392 2.26307
-614.84546 2.26309
-614.87961 2.28221
-614.89933 2.31080
-614.89972 2.32639
-614.85926 2.39136
-614.85774 2.39994
-614.85948 2.40343
-614.79933 2.36384
-614.73703 2.32532
-614.71460 2.29717
-614.71458 2.26956
-614.73701 2.25589
-614.77208 2.26242
-614.79705 2.27857
-614.81209 2.25864
-614.84412 2.25771
-614.87957 2.27618
-614.90214 2.30539
-614.90382 2.32532
-614.86112 2.39434
-614.85948 2.40343
-614.86133 2.40713
-614.79749 2.36514
-614.73155 2.32416
-614.70834 2.29524
-614.70731 2.26647
-614.72892 2.25108
-614.76420 2.25571
-614.79515 2.27477
-614.81015 2.25397
-614.84241 2.25200
-614.87912 2.26966
-614.90461 2.29936
-614.90814 2.32416
-614.86309 2.39750
-614.86133 2.40713
-614.86329 2.41105
-614.80467 2.37179
-614.72575 2.32292
-614.70168 2.29302
-614.69981 2.26298
-614.72091 2.24602
-614.75658 2.24908
-614.79314 2.27074
-614.80823 2.24897
-614.84093 2.24608
-614.87897 2.26318
-614.90702 2.29328
-614.91269 2.32292
-614.86479 2.40202
-614.86329 2.41105
-614.86536 2.41519
-614.80312 2.37357
-614.71961 2.32157
-614.69476 2.29091
-614.69181 2.25970
-614.71185 2.24095
-614.74733 2.24185
-614.78581 2.26209
-614.79100 2.26647
-614.80599 2.24379
-614.83876 2.23974
-614.87783 2.25578
-614.90857 2.28575
-614.91824 2.31737
-614.91749 2.32157
-614.86698 2.40563
-614.86536 2.41519
-614.86756 2.41959
-614.80960 2.38018
-614.71310 2.32011
-614.68738 2.28846
-614.68353 2.25596
-614.70287 2.23555
-614.73840 2.23466
-614.77841 2.25361
-614.78873 2.26193
-614.80375 2.23824
-614.83683 2.23315
-614.87704 2.24841
-614.91024 2.27844
-614.92342 2.31150
-614.92254 2.32011
-614.86898 2.41051
-614.86756 2.41959
-614.86988 2.42424
-614.80833 2.38246
-614.70620 2.31853
-614.67974 2.28613
-614.67472 2.25249
-614.69303 2.23012
-614.72805 2.22704
-614.76946 2.24419
-614.78632 2.25711
-614.80138 2.23235
-614.83446 2.22617
-614.87578 2.24048
-614.91144 2.27042
-614.92832 2.30508
-614.92786 2.31853
-614.87143 2.41462
-614.86988 2.42424
-614.87235 2.42917
-614.81432 2.38921
-614.69890 2.31683
-614.67159 2.28342
-614.66560 2.24848
-614.68302 2.22438
-614.71776 2.21931
-614.76024 2.23475
-614.78377 2.25200
-614.79879 2.22617
-614.83204 2.21885
-614.87430 2.23215
-614.91224 2.26181
-614.93279 2.29755
-614.93346 2.31683
-614.87374 2.41994
-614.87235 2.42917
-614.87496 2.43439
-614.81970 2.39583
-614.70217 2.32347
-614.69116 2.31498
-614.66299 2.28050
-614.65604 2.24421
-614.67260 2.21836
-614.70702 2.21132
-614.75004 2.22481
-614.78105 2.24658
-614.79605 2.21963
-614.82947 2.21113
-614.87225 2.22322
-614.91245 2.25243
-614.93685 2.28941
-614.93934 2.31498
-614.89895 2.38529
-614.87624 2.42545
-614.87496 2.43439
-614.87772 2.43991
-614.81899 2.39904
-614.69458 2.32202
-614.68297 2.31297
-614.65397 2.27748
-614.64596 2.24018
-614.66126 2.21239
-614.69496 2.20301
-614.73892 2.21443
-614.77818 2.24082
-614.79307 2.21275
-614.82650 2.20299
-614.86996 2.21385
-614.91253 2.24274
-614.94040 2.28039
-614.94552 2.31297
-614.91135 2.37646
-614.87912 2.43044
-614.87772 2.43991
-614.88065 2.44576
-614.80594 2.39515
-614.68549 2.31966
-614.67431 2.31079
-614.64449 2.27428
-614.63546 2.23535
-614.64983 2.20587
-614.68328 2.19443
-614.72768 2.20397
-614.77214 2.23205
-614.77512 2.23471
-614.78987 2.20549
-614.82360 2.19442
-614.86810 2.20432
-614.91245 2.23267
-614.94376 2.27120
-614.95241 2.30814
-614.95202 2.31079
-614.92032 2.37281
-614.88197 2.43653
-614.88065 2.44576
-614.88374 2.45196
-614.81136 2.40245
-614.67599 2.31718
-614.66513 2.30843
-614.63450 2.27084
-614.62442 2.23090
-614.63746 2.19944
-614.66999 2.18558
-614.71452 2.19265
-614.76096 2.21895
-614.77188 2.22822
-614.78649 2.19781
-614.82015 2.18538
-614.86518 2.19393
-614.91131 2.22141
-614.94606 2.26021
-614.95943 2.29937
-614.95883 2.30843
-614.92938 2.36940
-614.88501 2.44290
-614.88374 2.45196
-614.88702 2.45852
-614.81642 2.40983
-614.67858 2.32395
-614.65542 2.30586
-614.62403 2.26725
-614.61287 2.22563
-614.62483 2.19245
-614.65646 2.17640
-614.70089 2.18108
-614.74929 2.20578
-614.76843 2.22134
-614.78282 2.18974
-614.81624 2.17587
-614.86155 2.18287
-614.90968 2.20949
-614.94790 2.24867
-614.96585 2.28975
-614.96597 2.30586
-614.93857 2.36615
-614.88825 2.44958
-614.88702 2.45852
-614.89050 2.46546
-614.82123 2.41735
-614.66777 2.32107
-614.64514 2.30307
-614.61302 2.26344
-614.60077 2.22051
-614.61159 2.18520
-614.64256 2.16682
-614.68674 2.16919
-614.73634 2.19187
-614.76478 2.21402
-614.77914 2.18097
-614.81280 2.16578
-614.85891 2.17169
-614.90833 2.19745
-614.94967 2.23700
-614.97180 2.27977
-614.97345 2.30307
-614.94793 2.36297
-614.89171 2.45660
-614.89050 2.46546
-614.89417 2.47281
-614.82046 2.42182
-614.67269 2.32983
-614.63428 2.30003
-614.60147 2.25940
-614.58811 2.21518
-614.59749 2.17798
-614.62709 2.15709
-614.67110 2.15671
-614.72154 2.17693
-614.76089 2.20625
-614.77495 2.17197
-614.80817 2.15523
-614.85429 2.15936
-614.90487 2.18356
-614.94960 2.22292
-614.97680 2.26762
-614.98128 2.30003
-614.95511 2.36395
-614.89552 2.46344
-614.89417 2.47281
-614.89806 2.48060
-614.82533 2.43000
-614.66037 2.32649
-614.62278 2.29672
-614.58905 2.25459
-614.57479 2.20866
-614.58336 2.16950
-614.61243 2.14653
-614.65652 2.14414
-614.70811 2.16278
-614.75677 2.19800
-614.77072 2.16219
-614.80403 2.14397
-614.85071 2.14681
-614.90277 2.17019
-614.95028 2.20961
-614.98153 2.25561
-614.98947 2.29672
-614.96523 2.36054
-614.89941 2.47126
-614.89806 2.48060
-614.90218 2.48883
-614.83006 2.43844
-614.66289 2.33403
-614.61063 2.29311
-614.57628 2.24998
-614.56092 2.20277
-614.56793 2.16172
-614.59576 2.13598
-614.63884 2.13069
-614.69061 2.14641
-614.74300 2.18082
-614.75238 2.18924
-614.76619 2.15183
-614.79951 2.13207
-614.84610 2.13339
-614.89949 2.15558
-614.94976 2.19474
-614.98524 2.24179
-614.99823 2.28630
-614.99802 2.29311
-614.97563 2.35709
-614.90672 2.46980
-614.90218 2.48883
-614.90654 2.49756
-614.83471 2.44719
-614.64923 2.33036
-614.59778 2.28919
-614.56257 2.24451
-614.54629 2.19554
-614.55238 2.15245
-614.57947 2.12447
-614.62229 2.11694
-614.67473 2.13070
-614.72929 2.16393
-614.74773 2.17993
-614.76108 2.14121
-614.79367 2.11973
-614.84036 2.11908
-614.89426 2.13937
-614.94673 2.17720
-614.98690 2.22483
-615.00606 2.27224
-615.00693 2.28919
-614.98633 2.35356
-614.90795 2.48822
-614.90654 2.49756
-614.91116 2.50679
-614.82635 2.44841
-614.64709 2.33526
-614.58421 2.28490
-614.54815 2.23864
-614.53096 2.18787
-614.53608 2.14271
-614.56192 2.11264
-614.60418 2.10251
-614.65700 2.11391
-614.71285 2.14504
-614.74278 2.17003
-614.75588 2.12964
-614.78831 2.10647
-614.83520 2.10421
-614.89009 2.12320
-614.94481 2.16045
-614.98919 2.20925
-615.01332 2.25920
-615.01622 2.28490
-614.99894 2.34648
-614.91250 2.49786
-614.91116 2.50679
-614.91604 2.51655
-614.83070 2.45775
-614.64808 2.34273
-614.56987 2.28023
-614.53336 2.23299
-614.51506 2.18097
-614.51848 2.13390
-614.54271 2.10086
-614.58390 2.08751
-614.63666 2.09584
-614.69405 2.12461
-614.73752 2.15951
-614.75033 2.11739
-614.78250 2.09245
-614.82946 2.08847
-614.88518 2.10602
-614.94198 2.14248
-614.99004 2.19161
-615.01931 2.24332
-615.02588 2.28023
-615.01019 2.34273
-614.91745 2.50755
-614.91604 2.51655
-614.92121 2.52689
-614.83505 2.46752
-614.64900 2.35053
-614.56459 2.28449
-614.55474 2.27512
-614.51747 2.22627
-614.49826 2.17242
-614.50061 2.12322
-614.52380 2.08776
-614.56424 2.07181
-614.61697 2.07764
-614.67556 2.10442
-614.73193 2.14833
-614.74439 2.10442
-614.77620 2.07764
-614.82310 2.07181
-614.87948 2.08776
-614.93814 2.12322
-614.98969 2.17242
-615.02433 2.22627
-615.03592 2.27512
-615.02184 2.33874
-614.95518 2.45658
-614.92270 2.51778
-614.92121 2.52689
-614.92668 2.53783
-614.83942 2.47776
-614.64982 2.35867
-614.54861 2.27913
-614.53877 2.26955
-614.50078 2.21905
-614.48066 2.16334
-614.48191 2.11197
-614.50397 2.07401
-614.54351 2.05537
-614.59598 2.05853
-614.65547 2.08307
-614.71449 2.12571
-614.72599 2.13644
-614.73803 2.09068
-614.76939 2.06197
-614.81610 2.05419
-614.87295 2.06837
-614.93324 2.10262
-614.98866 2.15228
-615.02844 2.20808
-615.04573 2.26020
-615.04631 2.26955
-615.03391 2.33444
-614.97631 2.44381
-614.92827 2.52860
-614.92668 2.53783
-614.93247 2.54941
-614.84800 2.49107
-614.64421 2.36281
-614.54202 2.28285
-614.52192 2.26346
-614.48331 2.21137
-614.46227 2.15385
-614.46231 2.10031
-614.48301 2.05977
-614.52133 2.03823
-614.57316 2.03838
-614.63310 2.06021
-614.69429 2.10097
-614.71966 2.12380
-614.73120 2.07619
-614.76193 2.04548
-614.80817 2.03555
-614.86516 2.04766
-614.92674 2.08029
-614.98517 2.12928
-615.03038 2.18659
-615.05411 2.24178
-615.05707 2.26346
-615.04346 2.33876
-614.98776 2.44677
-614.93408 2.54040
-614.93247 2.54941
-614.93859 2.56165
-614.85237 2.50232
-614.64402 2.37125
-614.53607 2.28745
-614.50415 2.25680
-614.46494 2.20301
-614.44301 2.14359
-614.44187 2.08780
-614.46163 2.04421
-614.49897 2.02003
-614.55022 2.01749
-614.61050 2.03688
-614.67430 2.07652
-614.71294 2.11035
-614.72394 2.06078
-614.75400 2.02797
-614.79975 2.01586
-614.85680 2.02587
-614.91949 2.05682
-614.98064 2.10501
-615.03048 2.16285
-615.06104 2.22172
-615.06817 2.25680
-615.05661 2.33406
-615.01022 2.43334
-614.94343 2.54302
-614.93859 2.56165
-614.94507 2.57461
-614.84301 2.50581
-614.63663 2.37521
-614.52839 2.29090
-614.48544 2.24951
-614.44525 2.19324
-614.42272 2.13199
-614.42070 2.07339
-614.43944 2.02750
-614.47571 2.00080
-614.52619 1.99555
-614.58644 2.01234
-614.65161 2.04992
-614.70578 2.09603
-614.71641 2.04393
-614.74637 2.00887
-614.79171 1.99496
-614.84872 2.00316
-614.91307 2.03308
-614.97718 2.08131
-615.03132 2.14044
-615.06734 2.20190
-615.07961 2.24951
-615.07102 2.32591
-615.02969 2.42481
-614.94996 2.55629
-614.94507 2.57461
-614.95193 2.58832
-614.85120 2.52053
-614.64608 2.39157
-614.51979 2.29403
-614.46572 2.24154
-614.42503 2.18349
-614.40163 2.12029
-614.39836 2.05932
-614.41563 2.01067
-614.45101 1.98063
-614.50053 1.97243
-614.56055 1.98638
-614.62678 2.02163
-614.69158 2.07429
-614.69816 2.08079
-614.70811 2.02657
-614.73719 1.98921
-614.78174 1.97288
-614.83839 1.97865
-614.90334 2.00644
-614.96957 2.05331
-615.02849 2.11318
-615.07085 2.17704
-615.09060 2.23556
-615.09135 2.24154
-615.08558 2.31749
-615.04919 2.41640
-614.95383 2.57940
-614.95193 2.58832
-614.95918 2.60282
-614.84152 2.52516
-614.63671 2.39544
-614.51022 2.29686
-614.44498 2.23282
-614.40389 2.17308
-614.37943 2.10705
-614.37510 2.04386
-614.39095 1.99260
-614.42478 1.95955
-614.47373 1.94810
-614.53406 1.95940
-614.60092 1.99231
-614.66805 2.04346
-614.69005 2.06456
-614.69920 2.00823
-614.72721 1.96850
-614.77138 1.94945
-614.82832 1.95302
-614.89359 1.97885
-614.96142 2.02430
-615.02458 2.08467
-615.07279 2.15057
-615.09966 2.21346
-615.10338 2.23282
-615.10033 2.30869
-615.06875 2.40794
-614.96120 2.59396
-614.95918 2.60282
-614.96685 2.61817
-614.84515 2.53850
-614.63428 2.40487
-614.50245 2.30186
-614.42315 2.22327
-614.38121 2.16080
-614.35621 2.09285
-614.35081 2.02743
-614.36550 1.97286
-614.39848 1.93665
-614.44627 1.92242
-614.50591 1.93087
-614.57402 1.96178
-614.64394 2.01215
-614.68140 2.04727
-614.68995 1.98805
-614.71752 1.94567
-614.76085 1.92447
-614.81718 1.92577
-614.88249 1.94944
-614.95256 1.99396
-615.01872 2.05379
-615.07257 2.12142
-615.10644 2.18753
-615.11565 2.22327
-615.11495 2.30186
-615.08612 2.40487
-615.00888 2.53850
-614.96685 2.61817
-614.97496 2.63439
-614.85695 2.55744
-614.65122 2.42860
-614.51670 2.32651
-614.41768 2.23285
-614.40022 2.21282
-614.35801 2.14859
-614.33219 2.07869
-614.32544 2.00994
-614.33856 1.95262
-614.36973 1.91319
-614.41657 1.89533
-614.47511 1.90045
-614.54309 1.92823
-614.61444 1.97617
-614.67219 2.02885
-614.67977 1.96734
-614.70602 1.92236
-614.74867 1.89809
-614.80400 1.89664
-614.86999 1.91811
-614.94101 1.96068
-615.01077 2.02039
-615.07002 2.08944
-615.11126 2.15955
-615.12813 2.21282
-615.13042 2.28948
-615.10823 2.39036
-615.05312 2.50183
-614.97732 2.62556
-614.97496 2.63439
-614.98354 2.65156
-614.84636 2.56391
-614.63891 2.43284
-614.50427 2.32903
-614.40293 2.23242
-614.37613 2.20138
-614.33315 2.13423
-614.30658 2.06126
-614.29899 1.99030
-614.31106 1.92963
-614.34137 1.88703
-614.38692 1.86647
-614.44537 1.86898
-614.51313 1.89435
-614.58656 1.94118
-614.65835 2.00503
-614.66236 2.00920
-614.66914 1.94451
-614.69470 1.89655
-614.73621 1.86987
-614.79142 1.86596
-614.85704 1.88518
-614.92975 1.92658
-615.00270 1.98633
-615.06672 2.05674
-615.11423 2.12957
-615.13986 2.19698
-615.14078 2.20138
-615.14498 2.29111
-615.12414 2.39401
-615.07060 2.50723
-614.98611 2.64270
-614.98354 2.65156
-614.99262 2.66971
-614.64403 2.45014
-614.50605 2.34449
-614.39812 2.24325
-614.35085 2.18884
-614.30773 2.11990
-614.28037 2.04489
-614.27133 1.97036
-614.28167 1.90677
-614.30991 1.86074
-614.35413 1.83615
-614.41097 1.83497
-614.47896 1.85724
-614.55292 1.90127
-614.62719 1.96331
-614.65188 1.98824
-614.65751 1.92108
-614.68148 1.87027
-614.72194 1.84010
-614.77572 1.83308
-614.84150 1.84959
-614.91446 1.88850
-614.98925 1.94652
-615.05819 2.01755
-615.11327 2.09390
-615.14730 2.16633
-615.15352 2.18884
-615.16096 2.27978
-615.14493 2.38432
-615.09632 2.50073
-614.99545 2.66080
-614.99262 2.66971
-615.00222 2.68891
-614.82256 2.57829
-614.62963 2.45477
-614.49134 2.34683
-614.38186 2.24254
-614.32433 2.17511
-614.28053 2.10307
-614.25241 2.02479
-614.24247 1.94792
-614.25157 1.88068
-614.27868 1.83113
-614.32128 1.80358
-614.37760 1.79937
-614.44478 1.81883
-614.52013 1.86120
-614.59732 1.92285
-614.64070 1.96586
-614.64529 1.89519
-614.66828 1.84102
-614.70726 1.80813
-614.76050 1.79820
-614.82539 1.81204
-614.89946 1.84927
-614.97677 1.90675
-615.04987 1.97858
-615.11085 2.05715
-615.15220 2.13310
-615.16631 2.17511
-615.17705 2.26753
-615.16589 2.37397
-615.12278 2.49378
-615.00222 2.68891
-615.01237 2.70922
-614.66025 2.49199
-614.50166 2.37160
-614.37443 2.25198
-614.29655 2.16007
-614.25210 2.08480
-614.22318 2.00308
-614.21229 1.92264
-614.22006 1.85276
-614.24590 1.79947
-614.28750 1.76855
-614.34329 1.76146
-614.41068 1.77878
-614.48605 1.81911
-614.56584 1.88039
-614.62874 1.94196
-614.63197 1.86860
-614.65355 1.81053
-614.69134 1.77403
-614.74383 1.76093
-614.80866 1.77228
-614.88246 1.80716
-614.96198 1.86386
-615.03893 1.93623
-615.10551 2.01674
-615.15466 2.09732
-615.17905 2.16007
-615.19308 2.25198
-615.18547 2.37160
-615.14726 2.49199
-615.01237 2.70922
-615.02311 2.73069
-614.67051 2.51610
-614.51060 2.39623
-614.37839 2.27415
-614.28283 2.16458
-614.26745 2.14359
-614.22243 2.06507
-614.19306 1.98132
-614.18077 1.89706
-614.18700 1.82322
-614.21074 1.76665
-614.25072 1.73161
-614.30438 1.72077
-614.37005 1.73422
-614.44587 1.77172
-614.52643 1.83035
-614.60610 1.90573
-614.61597 1.91641
-614.61788 1.83924
-614.63760 1.77818
-614.67389 1.73775
-614.72431 1.72115
-614.78735 1.72881
-614.86136 1.76085
-614.94127 1.81484
-615.02172 1.88674
-615.09500 1.96982
-615.15240 2.05471
-615.18854 2.13365
-615.19167 2.14359
-615.20998 2.24815
-615.20587 2.36882
-615.17263 2.49028
-615.10346 2.61203
-615.02311 2.73069
-615.03447 2.75340
-614.67921 2.54046
-614.51804 2.42084
-614.38194 2.29675
-614.27815 2.18091
-614.23700 2.12554
-614.19213 2.04519
-614.16162 1.95785
-614.14794 1.87096
-614.15218 1.79268
-614.17392 1.73159
-614.21208 1.69213
-614.26435 1.67734
-614.32933 1.68750
-614.40548 1.72261
-614.48773 1.78002
-614.57078 1.85553
-614.60230 1.88907
-614.60273 1.80785
-614.62089 1.74274
-614.65570 1.69844
-614.70499 1.67841
-614.76745 1.68325
-614.84048 1.71259
-614.92177 1.76528
-615.00517 1.83713
-615.08322 1.92154
-615.14818 2.01067
-615.19279 2.09505
-615.20406 2.12554
-615.22612 2.23046
-615.22842 2.35170
-615.20360 2.47520
-615.14929 2.58963
-615.03447 2.75340
-615.04647 2.77742
-614.70542 2.57778
-614.54090 2.45936
-614.39876 2.33364
-614.28507 2.21145
-614.20517 2.10576
-614.15972 2.02184
-614.12834 1.93064
-614.11345 1.83963
-614.11626 1.75707
-614.13650 1.69183
-614.17258 1.64908
-614.22366 1.63065
-614.28809 1.63795
-614.36331 1.67041
-614.44709 1.72675
-614.53325 1.80254
-614.58766 1.85979
-614.58646 1.77411
-614.60290 1.70459
-614.63543 1.65670
-614.68323 1.63259
-614.74483 1.63405
-614.81789 1.66097
-614.90042 1.71238
-614.98655 1.78426
-615.06901 1.87005
-615.14021 1.96189
-615.19342 2.05179
-615.21612 2.10576
-615.24191 2.21145
-615.25042 2.33364
-615.23399 2.45936
-615.18788 2.57778
-615.04647 2.77742
-615.05918 2.80282
-614.71104 2.60313
-614.54515 2.48443
-614.40066 2.35716
-614.28223 2.23087
-614.18604 2.10573
-614.17190 2.08409
-614.12600 1.99670
-614.09369 1.90169
-614.07741 1.80652
-614.07843 1.71949
-614.09672 1.64973
-614.13090 1.60266
-614.18037 1.58031
-614.24378 1.58434
-614.31883 1.61444
-614.40365 1.66952
-614.49233 1.74528
-614.57197 1.82840
-614.56881 1.73959
-614.58289 1.66508
-614.61309 1.61227
-614.65882 1.58348
-614.71890 1.58082
-614.79130 1.60452
-614.87293 1.65278
-614.96111 1.72354
-615.04900 1.81130
-615.12738 1.90690
-615.18923 2.00201
-615.22772 2.08409
-615.25727 2.19093
-615.27220 2.32864
-615.26114 2.45659
-615.22070 2.57789
-615.13525 2.70685
-615.05918 2.80282
-615.07261 2.82969
-614.73446 2.64162
-614.56514 2.52376
-614.41616 2.39554
-614.27885 2.25097
-614.17485 2.11775
-614.13715 2.06035
-614.09073 1.96919
-614.05742 1.87003
-614.03964 1.77030
-614.03878 1.67840
-614.05501 1.60377
-614.08722 1.55213
-614.13504 1.52570
-614.19619 1.52621
-614.27087 1.55365
-614.35500 1.60618
-614.44598 1.68155
-614.53690 1.77398
-614.55512 1.79471
-614.54993 1.70098
-614.56174 1.62131
-614.58970 1.56353
-614.63344 1.53012
-614.69094 1.52344
-614.76254 1.54378
-614.84453 1.58994
-614.93456 1.65998
-615.02609 1.74849
-615.11141 1.84803
-615.18159 1.94849
-615.23116 2.04202
-615.23873 2.06035
-615.27513 2.18198
-615.29469 2.32276
-615.28930 2.45333
-615.25510 2.57782
-615.18205 2.70050
-615.07261 2.82969
-615.08682 2.85810
-614.76176 2.68412
-614.59080 2.56923
-614.43913 2.44266
-614.29625 2.29655
-614.18219 2.15593
-614.10088 2.03434
-614.05309 1.93722
-614.01899 1.83369
-613.99986 1.72923
-613.99718 1.63231
-614.01138 1.55269
-614.04161 1.49644
-614.08777 1.46599
-614.14785 1.46344
-614.22088 1.48823
-614.30570 1.53962
-614.39876 1.61521
-614.49339 1.70920
-614.53702 1.75850
-614.52955 1.65943
-614.53878 1.57412
-614.56416 1.51082
-614.60557 1.47227
-614.66130 1.46129
-614.73060 1.47780
-614.81261 1.52156
-614.90251 1.58929
-614.99727 1.67811
-615.08789 1.77952
-615.16673 1.88520
-615.22617 1.98514
-615.24899 2.03434
-615.28927 2.15593
-615.31583 2.29655
-615.31906 2.44266
-615.29396 2.56923
-615.23789 2.68412
-615.08682 2.85810
-615.10184 2.88816
-614.78649 2.72689
-614.61342 2.61445
-614.45956 2.48943
-614.31270 2.34261
-614.18081 2.18280
-614.08296 2.03968
-614.06303 2.00583
-614.01466 1.90457
-613.97935 1.79650
-613.95833 1.68690
-613.95320 1.58430
-613.96464 1.49880
-613.99210 1.43685
-614.03577 1.40117
-614.09399 1.39439
-614.16606 1.41615
-614.25110 1.46591
-614.34409 1.53979
-614.44204 1.63472
-614.51752 1.71951
-614.50750 1.61477
-614.51377 1.52331
-614.53609 1.45388
-614.57462 1.40945
-614.62802 1.39344
-614.69582 1.40604
-614.77748 1.44726
-614.86842 1.51397
-614.96591 1.60328
-615.06109 1.70657
-615.14798 1.81750
-615.21791 1.92586
-615.25833 2.00583
-615.30641 2.14141
-615.34023 2.29829
-615.34857 2.44588
-615.32960 2.57394
-615.27966 2.69107
-615.17944 2.81361
-615.10184 2.88816
-615.11774 2.91996
-614.80841 2.77032
-614.63259 2.65978
-614.47689 2.53607
-614.32729 2.38893
-614.18969 2.22491
-614.08132 2.07122
-614.02353 1.97457
-613.97451 1.86895
-613.93783 1.75600
-613.91470 1.64083
-613.90680 1.53196
-613.91509 1.43990
-613.93938 1.37155
-613.98013 1.32995
-614.03613 1.31840
-614.10695 1.33683
-614.19197 1.38485
-614.28636 1.45863
-614.38735 1.55495
-614.48585 1.66460
-614.49649 1.67746
-614.48360 1.56650
-614.48650 1.46820
-614.50532 1.39187
-614.54048 1.34076
-614.59108 1.31899
-614.65699 1.32715
-614.73797 1.36552
-614.82967 1.43113
-614.92961 1.52100
-615.03080 1.62832
-615.12374 1.74263
-615.20298 1.85760
-615.26143 1.96349
-615.26657 1.97457
-615.31904 2.11128
-615.36031 2.26920
-615.37955 2.43371
-615.36752 2.57851
-615.32474 2.69827
-615.23820 2.81442
-615.11774 2.91996
-615.13457 2.95360
-615.22856 3.14159
-613.13417 3.14159
-612.74437 2.36200
-612.70385 2.33676
-612.69471 2.32034
-612.70883 2.31366
-612.72374 2.32074
-612.73737 2.31358
-612.75694 2.32510
-612.75965 2.33676
-612.74437 2.36200
-612.74499 2.36323
-612.70203 2.33646
-612.69229 2.31953
-612.70598 2.31181
-612.72312 2.31950
-612.73685 2.31181
-612.75740 2.32300
-612.76117 2.33646
-612.74499 2.36323
-612.74564 2.36454
-612.70011 2.33614
-612.68975 2.31863
-612.70302 2.30993
-612.72246 2.31818
-612.73627 2.30996
-612.75775 2.32073
-612.76277 2.33614
-612.74564 2.36454
-612.74633 2.36592
-612.69807 2.33580
-612.68708 2.31782
-612.69978 2.30800
-612.72176 2.31678
-612.73569 2.30802
-612.75807 2.31840
-612.76447 2.33580
-612.74633 2.36592
-612.74706 2.36739
-612.69591 2.33543
-612.68428 2.31689
-612.69648 2.30603
-612.71994 2.31440
-612.72102 2.31530
-612.73508 2.30598
-612.75835 2.31595
-612.76654 2.33457
-612.76626 2.33543
-612.74706 2.36739
-612.74784 2.36894
-612.69362 2.33504
-612.68134 2.31603
-612.69286 2.30403
-612.71702 2.31122
-612.72023 2.31373
-612.73439 2.30383
-612.75850 2.31332
-612.76875 2.33266
-612.76816 2.33504
-612.74784 2.36894
-612.74866 2.37059
-612.69119 2.33462
-612.67826 2.31506
-612.68912 2.30198
-612.71383 2.30795
-612.71940 2.31206
-612.73363 2.30158
-612.75852 2.31051
-612.77088 2.33035
-612.77017 2.33462
-612.74866 2.37059
-612.74954 2.37233
-612.68862 2.33417
-612.67502 2.31406
-612.68526 2.29987
-612.71036 2.30460
-612.71852 2.31029
-612.73292 2.29920
-612.75864 2.30769
-612.77292 2.32804
-612.77229 2.33417
-612.74954 2.37233
-612.75046 2.37418
-612.68589 2.33368
-612.67160 2.31293
-612.68115 2.29772
-612.70665 2.30117
-612.71758 2.30842
-612.73201 2.29671
-612.75838 2.30450
-612.77482 2.32521
-612.77454 2.33368
-612.75046 2.37418
-612.75144 2.37614
-612.68300 2.33317
-612.66803 2.31192
-612.67674 2.29555
-612.70241 2.29754
-612.71659 2.30643
-612.73110 2.29408
-612.75816 2.30124
-612.77660 2.32217
-612.77691 2.33317
-612.75144 2.37614
-612.75248 2.37822
-612.67993 2.33261
-612.66426 2.31073
-612.67226 2.29327
-612.69805 2.29390
-612.71553 2.30432
-612.73014 2.29131
-612.75787 2.29783
-612.77825 2.31892
-612.77942 2.33261
-612.75248 2.37822
-612.75358 2.38042
-612.67668 2.33202
-612.66030 2.30950
-612.66751 2.29094
-612.69330 2.29012
-612.71441 2.30209
-612.72909 2.28839
-612.75744 2.29421
-612.77972 2.31533
-612.78207 2.33202
-612.75358 2.38042
-612.75474 2.38275
-612.67324 2.33138
-612.65614 2.30823
-612.66250 2.28857
-612.68813 2.28621
-612.71323 2.29972
-612.72795 2.28533
-612.75683 2.29038
-612.78108 2.31154
-612.78488 2.33138
-612.75474 2.38275
-612.75598 2.38522
-612.66959 2.33069
-612.65178 2.30696
-612.65728 2.28610
-612.68277 2.28224
-612.71197 2.29720
-612.72681 2.28208
-612.75634 2.28645
-612.78226 2.30744
-612.78784 2.33069
-612.75598 2.38522
-612.75729 2.38783
-612.66572 2.32995
-612.64714 2.30544
-612.65182 2.28354
-612.67695 2.27813
-612.70803 2.29236
-612.71064 2.29454
-612.72546 2.27869
-612.75539 2.28217
-612.78318 2.30293
-612.79149 2.32796
-612.79097 2.32995
-612.75729 2.38783
-612.75867 2.39060
-612.66163 2.32916
-612.64232 2.30404
-612.64597 2.28104
-612.67069 2.27390
-612.70299 2.28678
-612.70922 2.29171
-612.72416 2.27508
-612.75467 2.27781
-612.78414 2.29840
-612.79514 2.32450
-612.79427 2.32916
-612.75867 2.39060
-612.76014 2.39354
-612.65728 2.32830
-612.63720 2.30245
-612.63998 2.27831
-612.66426 2.26959
-612.69752 2.28105
-612.70773 2.28871
-612.72271 2.27129
-612.75367 2.27317
-612.78475 2.29337
-612.79864 2.32055
-612.79776 2.32830
-612.76014 2.39354
-612.76169 2.39665
-612.65268 2.32738
-612.63181 2.30075
-612.63373 2.27545
-612.65754 2.26515
-612.69163 2.27516
-612.70613 2.28553
-612.72118 2.26728
-612.75235 2.26822
-612.78504 2.28790
-612.80191 2.31587
-612.80144 2.32738
-612.76169 2.39665
-612.76334 2.39994
-612.70667 2.36261
-612.64780 2.32639
-612.62614 2.29898
-612.62714 2.27251
-612.65038 2.26058
-612.68510 2.26898
-612.70445 2.28215
-612.71952 2.26307
-612.75107 2.26309
-612.78522 2.28221
-612.80494 2.31080
-612.80533 2.32639
-612.76486 2.39136
-612.76334 2.39994
-612.76509 2.40343
-612.70494 2.36384
-612.64263 2.32532
-612.62021 2.29717
-612.62018 2.26956
-612.64261 2.25589
-612.67769 2.26242
-612.70266 2.27857
-612.71769 2.25864
-612.74973 2.25771
-612.78517 2.27618
-612.80774 2.30539
-612.80942 2.32532
-612.76672 2.39434
-612.76509 2.40343
-612.76694 2.40713
-612.70310 2.36514
-612.63716 2.32416
-612.61395 2.29524
-612.61292 2.26647
-612.63452 2.25108
-612.66981 2.25571
-612.70076 2.27477
-612.71576 2.25397
-612.74802 2.25200
-612.78473 2.26966
-612.81022 2.29936
-612.81374 2.32416
-612.76870 2.39750
-612.76694 2.40713
-612.76889 2.41105
-612.71027 2.37179
-612.63136 2.32292
-612.60728 2.29302
-612.60542 2.26298
-612.62651 2.24602
-612.66218 2.24908
-612.69874 2.27074
-612.71383 2.24897
-612.74654 2.24608
-612.78458 2.26318
-612.81263 2.29328
-612.81830 2.32292
-612.77039 2.40202
-612.76889 2.41105
-612.77097 2.41519
-612.70873 2.37357
-612.62521 2.32157
-612.60036 2.29091
-612.59741 2.25970
-612.61745 2.24095
-612.65293 2.24185
-612.69141 2.26209
-612.69660 2.26647
-612.71159 2.24379
-612.74436 2.23974
-612.78343 2.25578
-612.81418 2.28575
-612.82384 2.31737
-612.82310 2.32157
-612.77259 2.40563
-612.77097 2.41519
-612.77316 2.41959
-612.71521 2.38018
-612.61870 2.32011
-612.59299 2.28846
-612.58913 2.25596
-612.60847 2.23555
-612.64401 2.23466
-612.68402 2.25361
-612.69433 2.26193
-612.70935 2.23824
-612.74244 2.23315
-612.78265 2.24841
-612.81584 2.27844
-612.82903 2.31150
-612.82815 2.32011
-612.77459 2.41051
-612.77316 2.41959
-612.77549 2.42424
-612.71393 2.38246
-612.61181 2.31853
-612.58535 2.28613
-612.58033 2.25249
-612.59864 2.23012
-612.63365 2.22704
-612.67506 2.24419
-612.69193 2.25711
-612.70698 2.23235
-612.74007 2.22617
-612.78138 2.24048
-612.81704 2.27042
-612.83392 2.30508
-612.83347 2.31853
-612.77704 2.41462
-612.77549 2.42424
-612.77795 2.42917
-612.71993 2.38921
-612.60450 2.31683
-612.57720 2.28342
-612.57121 2.24848
-612.58862 2.22438
-612.62336 2.21931
-612.66584 2.23475
-612.68937 2.25200
-612.70440 2.22617
-612.73764 2.21885
-612.77990 2.23215
-612.81784 2.26181
-612.83839 2.29755
-612.83906 2.31683
-612.77935 2.41994
-612.77795 2.42917
-612.78056 2.43439
-612.72530 2.39583
-612.60777 2.32347
-612.59677 2.31498
-612.56860 2.28050
-612.56165 2.24421
-612.57820 2.21836
-612.61263 2.21132
-612.65564 2.22481
-612.68666 2.24658
-612.70166 2.21963
-612.73508 2.21113
-612.77785 2.22322
-612.81805 2.25243
-612.84246 2.28941
-612.84495 2.31498
-612.80456 2.38529
-612.78184 2.42545
-612.78056 2.43439
-612.78333 2.43991
-612.72459 2.39904
-612.60018 2.32202
-612.58858 2.31297
-612.55958 2.27748
-612.55156 2.24018
-612.56686 2.21239
-612.60056 2.20301
-612.64452 2.21443
-612.68378 2.24082
-612.69868 2.21275
-612.73210 2.20299
-612.77556 2.21385
-612.81813 2.24274
-612.84601 2.28039
-612.85113 2.31297
-612.81695 2.37646
-612.78473 2.43044
-612.78333 2.43991
-612.78625 2.44576
-612.71155 2.39515
-612.59110 2.31966
-612.57991 2.31079
-612.55010 2.27428
-612.54107 2.23535
-612.55543 2.20587
-612.58889 2.19443
-612.63328 2.20397
-612.67774 2.23205
-612.68073 2.23471
-612.69548 2.20549
-612.72921 2.19442
-612.77371 2.20432
-612.81806 2.23267
-612.84936 2.27120
-612.85801 2.30814
-612.85762 2.31079
-612.82593 2.37281
-612.78757 2.43653
-612.78625 2.44576
-612.78935 2.45196
-612.71696 2.40245
-612.58159 2.31718
-612.57073 2.30843
-612.54010 2.27084
-612.53002 2.23090
-612.54306 2.19944
-612.57559 2.18558
-612.62013 2.19265
-612.66656 2.21895
-612.67748 2.22822
-612.69209 2.19781
-612.72576 2.18538
-612.77079 2.19393
-612.81692 2.22141
-612.85166 2.26021
-612.86503 2.29937
-612.86443 2.30843
-612.83498 2.36940
-612.79061 2.44290
-612.78935 2.45196
-612.79263 2.45852
-612.72202 2.40983
-612.58418 2.32395
-612.56102 2.30586
-612.52963 2.26725
-612.51848 2.22563
-612.53044 2.19245
-612.56206 2.17640
-612.60649 2.18108
-612.65490 2.20578
-612.67404 2.22134
-612.68842 2.18974
-612.72184 2.17587
-612.76716 2.18287
-612.81528 2.20949
-612.85351 2.24867
-612.87145 2.28975
-612.87157 2.30586
-612.84417 2.36615
-612.79386 2.44958
-612.79263 2.45852
-612.79610 2.46546
-612.72683 2.41735
-612.57338 2.32107
-612.55075 2.30307
-612.51863 2.26344
-612.50637 2.22051
-612.51719 2.18520
-612.54816 2.16682
-612.59235 2.16919
-612.64195 2.19187
-612.67038 2.21402
-612.68475 2.18097
-612.71840 2.16578
-612.76451 2.17169
-612.81394 2.19745
-612.85528 2.23700
-612.87740 2.27977
-612.87906 2.30307
-612.85354 2.36297
-612.79731 2.45660
-612.79610 2.46546
-612.79978 2.47281
-612.72606 2.42182
-612.57829 2.32983
-612.53988 2.30003
-612.50707 2.25940
-612.49371 2.21518
-612.50309 2.17798
-612.53270 2.15709
-612.57671 2.15671
-612.62715 2.17693
-612.66650 2.20625
-612.68055 2.17197
-612.71378 2.15523
-612.75989 2.15936
-612.81047 2.18356
-612.85521 2.22292
-612.88241 2.26762
-612.88689 2.30003
-612.86071 2.36395
-612.80112 2.46344
-612.79978 2.47281
-612.80367 2.48060
-612.73093 2.43000
-612.56597 2.32649
-612.52839 2.29672
-612.49465 2.25459
-612.48040 2.20866
-612.48897 2.16950
-612.51803 2.14653
-612.56212 2.14414
-612.61372 2.16278
-612.66237 2.19800
-612.67632 2.16219
-612.70963 2.14397
-612.75632 2.14681
-612.80837 2.17019
-612.85589 2.20961
-612.88713 2.25561
-612.89507 2.29672
-612.87084 2.36054
-612.80502 2.47126
-612.80367 2.48060
-612.80779 2.48883
-612.73567 2.43844
-612.56849 2.33403
-612.51623 2.29311
-612.48189 2.24998
-612.46652 2.20277
-612.47353 2.16172
-612.50137 2.13598
-612.54445 2.13069
-612.59622 2.14641
-612.64861 2.18082
-612.65799 2.18924
-612.67180 2.15183
-612.70511 2.13207
-612.75171 2.13339
-612.80509 2.15558
-612.85536 2.19474
-612.89084 2.24179
-612.90384 2.28630
-612.90362 2.29311
-612.88123 2.35709
-612.81233 2.46980
-612.80779 2.48883
-612.81215 2.49756
-612.74032 2.44719
-612.55483 2.33036
-612.50339 2.28919
-612.46817 2.24451
-612.45189 2.19554
-612.45798 2.15245
-612.48507 2.12447
-612.52789 2.11694
-612.58034 2.13070
-612.63489 2.16393
-612.65333 2.17993
-612.66668 2.14121
-612.69928 2.11973
-612.74596 2.11908
-612.79987 2.13937
-612.85233 2.17720
-612.89251 2.22483
-612.91167 2.27224
-612.91254 2.28919
-612.89194 2.35356
-612.81355 2.48822
-612.81215 2.49756
-612.81676 2.50679
-612.73195 2.44841
-612.55269 2.33526
-612.48981 2.28490
-612.45376 2.23864
-612.43656 2.18787
-612.44168 2.14271
-612.46753 2.11264
-612.50979 2.10251
-612.56261 2.11391
-612.61845 2.14504
-612.64839 2.17003
-612.66149 2.12964
-612.69392 2.10647
-612.74080 2.10421
-612.79570 2.12320
-612.85042 2.16045
-612.89480 2.20925
-612.91893 2.25920
-612.92183 2.28490
-612.90454 2.34648
-612.81811 2.49786
-612.81676 2.50679
-612.82165 2.51655
-612.73630 2.45775
-612.55368 2.34273
-612.47548 2.28023
-612.43897 2.23299
-612.42067 2.18097
-612.42408 2.13390
-612.44832 2.10086
-612.48950 2.08751
-612.54226 2.09584
-612.59965 2.12461
-612.64313 2.15951
-612.65593 2.11739
-612.68810 2.09245
-612.73506 2.08847
-612.79079 2.10602
-612.84758 2.14248
-612.89564 2.19161
-612.92492 2.24332
-612.93149 2.28023
-612.91579 2.34273
-612.82306 2.50755
-612.82165 2.51655
-612.82682 2.52689
-612.74065 2.46752
-612.55461 2.35053
-612.47019 2.28449
-612.46034 2.27512
-612.42307 2.22627
-612.40386 2.17242
-612.40622 2.12322
-612.42941 2.08776
-612.46984 2.07181
-612.52257 2.07764
-612.58117 2.10442
-612.63754 2.14833
-612.64999 2.10442
-612.68180 2.07764
-612.72871 2.07181
-612.78509 2.08776
-612.84375 2.12322
-612.89530 2.17242
-612.92993 2.22627
-612.94152 2.27512
-612.92745 2.33874
-612.86078 2.45658
-612.82831 2.51778
-612.82682 2.52689
-612.83229 2.53783
-612.74502 2.47776
-612.55543 2.35867
-612.45422 2.27913
-612.44437 2.26955
-612.40639 2.21905
-612.38627 2.16334
-612.38752 2.11197
-612.40957 2.07401
-612.44911 2.05537
-612.50158 2.05853
-612.56108 2.08307
-612.62009 2.12571
-612.63159 2.13644
-612.64363 2.09068
-612.67500 2.06197
-612.72171 2.05419
-612.77855 2.06837
-612.83885 2.10262
-612.89426 2.15228
-612.93404 2.20808
-612.95133 2.26020
-612.95192 2.26955
-612.93952 2.33444
-612.88192 2.44381
-612.83388 2.52860
-612.83229 2.53783
-612.83807 2.54941
-612.75361 2.49107
-612.54981 2.36281
-612.44763 2.28285
-612.42752 2.26346
-612.38892 2.21137
-612.36788 2.15385
-612.36792 2.10031
-612.38861 2.05977
-612.42694 2.03823
-612.47876 2.03838
-612.53870 2.06021
-612.59990 2.10097
-612.62527 2.12380
-612.63681 2.07619
-612.66753 2.04548
-612.71377 2.03555
-612.77076 2.04766
-612.83234 2.08029
-612.89078 2.12928
-612.93598 2.18659
-612.95972 2.24178
-612.96267 2.26346
-612.94906 2.33876
-612.89336 2.44677
-612.83969 2.54040
-612.83807 2.54941
-612.84420 2.56165
-612.75798 2.50232
-612.54963 2.37125
-612.44168 2.28745
-612.40976 2.25680
-612.37054 2.20301
-612.34861 2.14359
-612.34747 2.08780
-612.36723 2.04421
-612.40457 2.02003
-612.45583 2.01749
-612.51611 2.03688
-612.57990 2.07652
-612.61854 2.11035
-612.62954 2.06078
-612.65961 2.02797
-612.70536 2.01586
-612.76241 2.02587
-612.82510 2.05682
-612.88624 2.10501
-612.93608 2.16285
-612.96665 2.22172
-612.97378 2.25680
-612.96221 2.33406
-612.91583 2.43334
-612.84904 2.54302
-612.84420 2.56165
-612.85068 2.57461
-612.74861 2.50581
-612.54224 2.37521
-612.43399 2.29090
-612.39104 2.24951
-612.35085 2.19324
-612.32832 2.13199
-612.32630 2.07339
-612.34505 2.02750
-612.38131 2.00080
-612.43179 1.99555
-612.49205 2.01234
-612.55721 2.04992
-612.61139 2.09603
-612.62201 2.04393
-612.65197 2.00887
-612.69732 1.99496
-612.75433 2.00316
-612.81868 2.03308
-612.88278 2.08131
-612.93693 2.14044
-612.97295 2.20190
-612.98521 2.24951
-612.97662 2.32591
-612.93530 2.42481
-612.85557 2.55629
-612.85068 2.57461
-612.85753 2.58832
-612.75681 2.52053
-612.55169 2.39157
-612.42539 2.29403
-612.37133 2.24154
-612.33063 2.18349
-612.30724 2.12029
-612.30397 2.05932
-612.32123 2.01067
-612.35662 1.98063
-612.40613 1.97243
-612.46615 1.98638
-612.53238 2.02163
-612.59719 2.07429
-612.60377 2.08079
-612.61371 2.02657
-612.64280 1.98921
-612.68734 1.97288
-612.74400 1.97865
-612.80895 2.00644
-612.87517 2.05331
-612.93409 2.11318
-612.97645 2.17704
-612.99621 2.23556
-612.99695 2.24154
-612.99119 2.31749
-612.95479 2.41640
-612.85944 2.57940
-612.85753 2.58832
-612.86478 2.60282
-612.74712 2.52516
-612.54231 2.39544
-612.41583 2.29686
-612.35058 2.23282
-612.30949 2.17308
-612.28504 2.10705
-612.28071 2.04386
-612.29655 1.99260
-612.33039 1.95955
-612.37933 1.94810
-612.43966 1.95940
-612.50652 1.99231
-612.57365 2.04346
-612.59565 2.06456
-612.60481 2.00823
-612.63281 1.96850
-612.67698 1.94945
-612.73392 1.95302
-612.79919 1.97885
-612.86702 2.02430
-612.93018 2.08467
-612.97839 2.15057
-613.00527 2.21346
-613.00898 2.23282
-613.00593 2.30869
-612.97435 2.40794
-612.86681 2.59396
-612.86478 2.60282
-612.87245 2.61817
-612.75076 2.53850
-612.53988 2.40487
-612.40805 2.30186
-612.32876 2.22327
-612.28682 2.16080
-612.26182 2.09285
-612.25641 2.02743
-612.27111 1.97286
-612.30409 1.93665
-612.35187 1.92242
-612.41151 1.93087
-612.47963 1.96178
-612.54955 2.01215
-612.58701 2.04727
-612.59555 1.98805
-612.62312 1.94567
-612.66646 1.92447
-612.72278 1.92577
-612.78810 1.94944
-612.85817 1.99396
-612.92432 2.05379
-612.97818 2.12142
-613.01204 2.18753
-613.02126 2.22327
-613.02055 2.30186
-612.99173 2.40487
-612.91448 2.53850
-612.87245 2.61817
-612.88057 2.63439
-612.76256 2.55744
-612.55682 2.42860
-612.42231 2.32651
-612.32328 2.23285
-612.30582 2.21282
-612.26361 2.14859
-612.23780 2.07869
-612.23104 2.00994
-612.24417 1.95262
-612.27534 1.91319
-612.32217 1.89533
-612.38071 1.90045
-612.44869 1.92823
-612.52005 1.97617
-612.57779 2.02885
-612.58538 1.96734
-612.61163 1.92236
-612.65427 1.89809
-612.70961 1.89664
-612.77560 1.91811
-612.84661 1.96068
-612.91637 2.02039
-612.97563 2.08944
-613.01686 2.15955
-613.03374 2.21282
-613.03603 2.28948
-613.01384 2.39036
-612.95873 2.50183
-612.88292 2.62556
-612.88057 2.63439
-612.88915 2.65156
-612.75196 2.56391
-612.54451 2.43284
-612.40987 2.32903
-612.30854 2.23242
-612.28173 2.20138
-612.23875 2.13423
-612.21218 2.06126
-612.20459 1.99030
-612.21666 1.92963
-612.24697 1.88703
-612.29252 1.86647
-612.35097 1.86898
-612.41874 1.89435
-612.49217 1.94118
-612.56396 2.00503
-612.56797 2.00920
-612.57475 1.94451
-612.60031 1.89655
-612.64181 1.86987
-612.69702 1.86596
-612.76264 1.88518
-612.83536 1.92658
-612.90830 1.98633
-612.97233 2.05674
-613.01983 2.12957
-613.04546 2.19698
-613.04638 2.20138
-613.05059 2.29111
-613.02974 2.39401
-612.97621 2.50723
-612.89172 2.64270
-612.88915 2.65156
-612.89823 2.66971
-612.54964 2.45014
-612.41165 2.34449
-612.30372 2.24325
-612.25645 2.18884
-612.21334 2.11990
-612.18598 2.04489
-612.17694 1.97036
-612.18728 1.90677
-612.21551 1.86074
-612.25974 1.83615
-612.31658 1.83497
-612.38456 1.85724
-612.45853 1.90127
-612.53279 1.96331
-612.55749 1.98824
-612.56312 1.92108
-612.58709 1.87027
-612.62755 1.84010
-612.68133 1.83308
-612.74711 1.84959
-612.82007 1.88850
-612.89486 1.94652
-612.96380 2.01755
-613.01887 2.09390
-613.05291 2.16633
-613.05913 2.18884
-613.06657 2.27978
-613.05053 2.38432
-613.00193 2.50073
-612.90105 2.66080
-612.89823 2.66971
-612.90782 2.68891
-612.72816 2.57829
-612.53523 2.45477
-612.39695 2.34683
-612.28747 2.24254
-612.22994 2.17511
-612.18614 2.10307
-612.15801 2.02479
-612.14807 1.94792
-612.15717 1.88068
-612.18428 1.83113
-612.22689 1.80358
-612.28320 1.79937
-612.35039 1.81883
-612.42573 1.86120
-612.50293 1.92285
-612.54630 1.96586
-612.55090 1.89519
-612.57389 1.84102
-612.61286 1.80813
-612.66611 1.79820
-612.73099 1.81204
-612.80507 1.84927
-612.88238 1.90675
-612.95548 1.97858
-613.01645 2.05715
-613.05780 2.13310
-613.07191 2.17511
-613.08266 2.26753
-613.07149 2.37397
-613.02838 2.49378
-612.90782 2.68891
-612.91798 2.70922
-612.56586 2.49199
-612.40727 2.37160
-612.28004 2.25198
-612.20215 2.16007
-612.15770 2.08480
-612.12879 2.00308
-612.11789 1.92264
-612.12567 1.85276
-612.15150 1.79947
-612.19310 1.76855
-612.24890 1.76146
-612.31629 1.77878
-612.39166 1.81911
-612.47145 1.88039
-612.53435 1.94196
-612.53758 1.86860
-612.55915 1.81053
-612.59694 1.77403
-612.64944 1.76093
-612.71426 1.77228
-612.78806 1.80716
-612.86759 1.86386
-612.94453 1.93623
-613.01111 2.01674
-613.06027 2.09732
-613.08466 2.16007
-613.09868 2.25198
-613.09107 2.37160
-613.05287 2.49199
-612.91798 2.70922
-612.92871 2.73069
-612.57612 2.51610
-612.41621 2.39623
-612.28400 2.27415
-612.18844 2.16458
-612.17305 2.14359
-612.12803 2.06507
-612.09866 1.98132
-612.08638 1.89706
-612.09260 1.82322
-612.11634 1.76665
-612.15633 1.73161
-612.20999 1.72077
-612.27565 1.73422
-612.35147 1.77172
-612.43204 1.83035
-612.51170 1.90573
-612.52157 1.91641
-612.52348 1.83924
-612.54321 1.77818
-612.57949 1.73775
-612.62992 1.72115
-612.69295 1.72881
-612.76697 1.76085
-612.84688 1.81484
-612.92733 1.88674
-613.00061 1.96982
-613.05801 2.05471
-613.09415 2.13365
-613.09727 2.14359
-613.11559 2.24815
-613.11148 2.36882
-613.07824 2.49028
-613.00907 2.61203
-612.92871 2.73069
-612.94007 2.75340
-612.58482 2.54046
-612.42364 2.42084
-612.28754 2.29675
-612.18376 2.18091
-612.14261 2.12554
-612.09774 2.04519
-612.06723 1.95785
-612.05354 1.87096
-612.05779 1.79268
-612.07953 1.73159
-612.11769 1.69213
-612.16996 1.67734
-612.23493 1.68750
-612.31108 1.72261
-612.39333 1.78002
-612.47639 1.85553
-612.50790 1.88907
-612.50834 1.80785
-612.52650 1.74274
-612.56131 1.69844
-612.61059 1.67841
-612.67306 1.68325
-612.74609 1.71259
-612.82738 1.76528
-612.91078 1.83713
-612.98882 1.92154
-613.05379 2.01067
-613.09839 2.09505
-613.10967 2.12554
-613.13172 2.23046
-613.13402 2.35170
-613.10921 2.47520
-613.05490 2.58963
-612.94007 2.75340
-612.95208 2.77742
-612.61103 2.57778
-612.44650 2.45936
-612.30436 2.33364
-612.19067 2.21145
-612.11077 2.10576
-612.06533 2.02184
-612.03394 1.93064
-612.01906 1.83963
-612.02186 1.75707
-612.04211 1.69183
-612.07818 1.64908
-612.12926 1.63065
-612.19370 1.63795
-612.26891 1.67041
-612.35270 1.72675
-612.43886 1.80254
-612.49327 1.85979
-612.49206 1.77411
-612.50850 1.70459
-612.54103 1.65670
-612.58883 1.63259
-612.65043 1.63405
-612.72349 1.66097
-612.80603 1.71238
-612.89215 1.78426
-612.97462 1.87005
-613.04582 1.96189
-613.09902 2.05179
-613.12173 2.10576
-613.14752 2.21145
-613.15602 2.33364
-613.13960 2.45936
-613.09349 2.57778
-612.95208 2.77742
-612.96478 2.80282
-612.61664 2.60313
-612.45076 2.48443
-612.30627 2.35716
-612.18783 2.23087
-612.09165 2.10573
-612.07750 2.08409
-612.03160 1.99670
-611.99930 1.90169
-611.98302 1.80652
-611.98404 1.71949
-612.00232 1.64973
-612.03650 1.60266
-612.08597 1.58031
-612.14938 1.58434
-612.22444 1.61444
-612.30925 1.66952
-612.39794 1.74528
-612.47757 1.82840
-612.47441 1.73959
-612.48850 1.66508
-612.51870 1.61227
-612.56442 1.58348
-612.62450 1.58082
-612.69691 1.60452
-612.77853 1.65278
-612.86672 1.72354
-612.95460 1.81130
-613.03299 1.90690
-613.09484 2.00201
-613.13333 2.08409
-613.16288 2.19093
-613.17780 2.32864
-613.16674 2.45659
-613.12630 2.57789
-613.04086 2.70685
-612.96478 2.80282
-612.97821 2.82969
-612.64006 2.64162
-612.47074 2.52376
-612.32177 2.39554
-612.18445 2.25097
-612.08046 2.11775
-612.04276 2.06035
-611.99634 1.96919
-611.96302 1.87003
-611.94525 1.77030
-611.94439 1.67840
-611.96062 1.60377
-611.99282 1.55213
-612.04064 1.52570
-612.10179 1.52621
-612.17648 1.55365
-612.26061 1.60618
-612.35158 1.68155
-612.44250 1.77398
-612.46073 1.79471
-612.45554 1.70098
-612.46735 1.62131
-612.49530 1.56353
-612.53904 1.53012
-612.59654 1.52344
-612.66814 1.54378
-612.75013 1.58994
-612.84017 1.65998
-612.93169 1.74849
-613.01701 1.84803
-613.08720 1.94849
-613.13676 2.04202
-613.14433 2.06035
-613.18074 2.18198
-613.20029 2.32276
-613.19490 2.45333
-613.16071 2.57782
-613.08766 2.70050
-612.97821 2.82969
-612.99242 2.85810
-612.66736 2.68412
-612.49641 2.56923
-612.34474 2.44266
-612.20185 2.29655
-612.08780 2.15593
-612.00649 2.03434
-611.95869 1.93722
-611.92459 1.83369
-611.90546 1.72923
-611.90279 1.63231
-611.91699 1.55269
-611.94722 1.49644
-611.99337 1.46599
-612.05345 1.46344
-612.12648 1.48823
-612.21130 1.53962
-612.30436 1.61521
-612.39900 1.70920
-612.44262 1.75850
-612.43515 1.65943
-612.44439 1.57412
-612.46977 1.51082
-612.51118 1.47227
-612.56691 1.46129
-612.63621 1.47780
-612.71821 1.52156
-612.80811 1.58929
-612.90288 1.67811
-612.99349 1.77952
-613.07233 1.88520
-613.13177 1.98514
-613.15459 2.03434
-613.19487 2.15593
-613.22144 2.29655
-613.22466 2.44266
-613.19957 2.56923
-613.14350 2.68412
-612.99242 2.85810
-613.00745 2.88816
-612.69210 2.72689
-612.51903 2.61445
-612.36516 2.48943
-612.21830 2.34261
-612.08641 2.18280
-611.98857 2.03968
-611.96863 2.00583
-611.92027 1.90457
-611.88495 1.79650
-611.86394 1.68690
-611.85881 1.58430
-611.87024 1.49880
-611.89771 1.43685
-611.94137 1.40117
-611.99960 1.39439
-612.07167 1.41615
-612.15671 1.46591
-612.24970 1.53979
-612.34764 1.63472
-612.42313 1.71951
-612.41311 1.61477
-612.41937 1.52331
-612.44170 1.45388
-612.48022 1.40945
-612.53362 1.39344
-612.60143 1.40604
-612.68308 1.44726
-612.77402 1.51397
-612.87152 1.60328
-612.96670 1.70657
-613.05359 1.81750
-613.12352 1.92586
-613.16393 2.00583
-613.21202 2.14141
-613.24583 2.29829
-613.25418 2.44588
-613.23521 2.57394
-613.18526 2.69107
-613.08504 2.81361
-613.00745 2.88816
-613.02335 2.91996
-612.71401 2.77032
-612.53819 2.65978
-612.38250 2.53607
-612.23289 2.38893
-612.09529 2.22491
-611.98693 2.07122
-611.92913 1.97457
-611.88012 1.86895
-611.84344 1.75600
-611.82030 1.64083
-611.81240 1.53196
-611.82070 1.43990
-611.84498 1.37155
-611.88574 1.32995
-611.94174 1.31840
-612.01255 1.33683
-612.09758 1.38485
-612.19196 1.45863
-612.29295 1.55495
-612.39145 1.66460
-612.40210 1.67746
-612.38921 1.56650
-612.39211 1.46820
-612.41093 1.39187
-612.44608 1.34076
-612.49669 1.31899
-612.56260 1.32715
-612.64358 1.36552
-612.73527 1.43113
-612.83522 1.52100
-612.93640 1.62832
-613.02934 1.74263
-613.10858 1.85760
-613.16703 1.96349
-613.17218 1.97457
-613.22464 2.11128
-613.26591 2.26920
-613.28516 2.43371
-613.27313 2.57851
-613.23035 2.69827
-613.14381 2.81442
-613.02335 2.91996
-613.04017 2.95360
-613.13417 3.14159
-611.03977 3.14159
-611.03977 3.14159
-611.03977 3.14159