# sss file
-0.31756 0.63512
-0.44526 0.89051
-0.10812 0.63512
-0.10463 0.63512
-0.23428 0.89443
0.10481 0.63512
0.10293 0.64585
-0.02330 0.89832
0.31237 0.64585
0.31321 0.65115
0.18769 0.90221
0.52265 0.65115
0.52351 0.65641
0.39868 0.90607
0.73295 0.65641
0.73384 0.66163
0.60969 0.90992
0.94327 0.66163
0.94418 0.66681
0.82070 0.91376
1.15362 0.66681
1.15453 0.67195
1.03172 0.91758
1.36397 0.67195
1.36491 0.67706
1.24275 0.92139
1.57435 0.67706
1.57531 0.68212
1.45378 0.92518
1.78475 0.68212
1.78572 0.68716
1.66482 0.92896
1.99516 0.68716
1.99616 0.69215
1.87587 0.93272
2.20560 0.69215
2.20661 0.69711
2.08693 0.93647
2.41604 0.69711
2.41707 0.70204
2.29799 0.94020
2.62651 0.70204
2.62755 0.70694
2.50906 0.94393
2.83699 0.70694
2.83805 0.71180
2.72014 0.94763
3.04749 0.71180
3.04857 0.71663
2.93122 0.95133
3.25801 0.71663
3.25910 0.72143
3.14231 0.95501
3.46854 0.72143
3.46964 0.72620
3.35340 0.95868
3.67908 0.72620
3.68020 0.73094
3.56451 0.96233
3.88964 0.73094
3.89078 0.73565
3.77562 0.96598
4.10022 0.73565
4.10137 0.74034
3.98673 0.96961
4.31081 0.74034
4.31197 0.74499
4.19785 0.97322
4.52141 0.74499
4.52259 0.74962
4.40898 0.97683
4.73202 0.74962
4.73322 0.75422
4.62011 0.98042
4.94266 0.75422
4.94386 0.75879
4.83125 0.98400
5.15330 0.75879
5.15452 0.76334
5.04240 0.98757
5.36396 0.76334
5.36519 0.76786
5.25355 0.99113
5.57462 0.76786
5.57587 0.77236
5.46471 0.99468
5.78531 0.77236
5.78656 0.77683
5.67587 0.99821
5.99600 0.77683
5.99727 0.78127
5.88704 1.00173
6.20671 0.78127
6.20799 0.78570
6.09821 1.00525
6.41743 0.78570
6.41872 0.79010
6.30939 1.00875
6.62816 0.79010
6.62946 0.79447
6.52058 1.01223
6.83890 0.79447
6.84021 0.79883
6.73177 1.01571
7.04965 0.79883
7.05098 0.80316
6.94297 1.01918
7.26042 0.80316
7.26175 0.80747
7.15417 1.02264
7.47119 0.80747
7.47254 0.81176
7.36537 1.02608
7.68198 0.81176
7.68333 0.81603
7.57659 1.02952
7.89277 0.81603
7.89414 0.82027
7.78780 1.03294
8.10358 0.82027
8.10496 0.82450
7.99903 1.03636
8.31440 0.82450
8.31579 0.82870
8.21025 1.03976
8.52523 0.82870
8.52662 0.83289
8.42149 1.04316
8.73606 0.83289
8.73747 0.83705
8.63273 1.04654
8.94691 0.83705
8.94833 0.84120
8.84397 1.04992
9.15777 0.84120
9.15919 0.84533
9.05522 1.05328
9.36863 0.84533
9.37007 0.84943
9.26647 1.05664
9.57951 0.84943
9.58096 0.85352
9.47773 1.05998
9.79040 0.85352
9.79185 0.85759
9.68899 1.06332
10.00129 0.85759
10.00275 0.86165
9.90025 1.06665
10.21219 0.86165
10.21367 0.86568
10.11153 1.06996
10.42311 0.86568
10.42459 0.86970
10.32280 1.07327
10.63403 0.86970
10.63552 0.87370
10.53408 1.07657
10.84496 0.87370
10.84646 0.87768
10.74537 1.07986
11.05590 0.87768
11.05740 0.88165
10.95666 1.08314
11.26684 0.88165
11.26836 0.88560
11.16795 1.08641
11.47780 0.88560
11.47932 0.88953
11.37925 1.08968
11.68876 0.88953
11.69029 0.89345
11.59055 1.09293
11.89973 0.89345
11.90127 0.89735
11.80186 1.09618
12.11071 0.89735
12.11226 0.90124
12.01317 1.09941
12.32170 0.90124
12.32326 0.90511
12.22449 1.10264
12.53270 0.90511
12.53426 0.90896
12.43581 1.10586
12.74370 0.90896
12.74527 0.91280
12.64713 1.10907
12.95471 0.91280
12.95629 0.91663
12.85846 1.11228
13.16573 0.91663
13.16731 0.92044
13.06979 1.11547
13.37675 0.92044
13.37834 0.92423
13.28113 1.11866
13.58778 0.92423
13.58938 0.92801
13.49247 1.12184
13.79882 0.92801
13.80043 0.93178
13.70382 1.12501
14.00987 0.93178
14.01149 0.93553
13.91517 1.12817
14.22092 0.93553
14.22255 0.93927
14.12652 1.13133
14.43199 0.93927
14.43361 0.94300
14.33788 1.13447
14.64305 0.94300
14.64469 0.94671
14.54924 1.13761
14.85413 0.94671
14.85577 0.95041
14.76060 1.14074
15.06521 0.95041
15.06686 0.95409
14.97197 1.14387
15.27630 0.95409
15.27795 0.95776
15.18334 1.14699
15.48739 0.95776
15.48905 0.96142
15.39472 1.15009
15.69849 0.96142
15.70016 0.96507
15.60609 1.15320
15.90960 0.96507
15.91127 0.96870
15.81748 1.15629
16.12071 0.96870
16.12239 0.97232
16.02886 1.15938
16.33183 0.97232
16.33352 0.97593
16.24026 1.16246
16.54296 0.97593
16.54465 0.97953
16.45165 1.16553
16.75409 0.97953
16.75579 0.98311
16.66305 1.16859
16.96523 0.98311
16.96693 0.98668
16.87445 1.17165
17.17637 0.98668
17.17808 0.99024
17.08585 1.17470
17.38752 0.99024
17.38924 0.99379
17.29726 1.17775
17.59868 0.99379
17.60040 0.99733
17.50867 1.18079
17.80984 0.99733
17.81157 1.00085
17.72009 1.18382
18.02101 1.00085
18.02274 1.00437
17.93151 1.18684
18.23218 1.00437
18.23392 1.00787
18.14293 1.18986
18.44336 1.00787
18.44510 1.01136
18.35435 1.19287
18.65454 1.01136
18.65629 1.01484
18.56578 1.19587
18.86573 1.01484
18.86749 1.01831
18.77721 1.19887
19.07693 1.01831
19.07869 1.02177
18.98865 1.20186
19.28813 1.02177
19.28989 1.02522
19.20009 1.20484
19.49933 1.02522
19.50111 1.02866
19.41153 1.20782
19.71054 1.02866
19.71232 1.03209
19.62297 1.21079
19.92176 1.03209
19.92354 1.03551
19.83442 1.21375
20.13298 1.03551
20.13477 1.03891
20.04587 1.21671
20.34421 1.03891
20.34600 1.04231
20.25732 1.21966
20.55544 1.04231
20.55724 1.04570
20.46878 1.22261
20.76668 1.04570
20.76848 1.04908
20.68024 1.22555
20.97792 1.04908
20.97973 1.05244
20.89171 1.22848
21.18917 1.05244
21.19098 1.05580
21.10317 1.23141
21.40042 1.05580
21.40223 1.05915
21.31464 1.23433
21.61167 1.05915
21.61349 1.06249
21.52611 1.23725
21.82293 1.06249
21.82476 1.06582
21.73759 1.24016
22.03420 1.06582
22.03603 1.06914
21.94907 1.24306
22.24547 1.06914
22.24731 1.07245
22.16055 1.24596
22.45674 1.07245
22.45858 1.07575
22.37203 1.24885
22.66802 1.07575
22.66987 1.07904
22.58352 1.25173
22.87931 1.07904
22.88116 1.08232
22.79501 1.25461
23.09060 1.08232
23.09245 1.08560
23.00650 1.25749
23.30189 1.08560
23.30375 1.08886
23.21800 1.26036
23.51319 1.08886
23.51505 1.09212
23.42950 1.26322
23.72449 1.09212
23.72636 1.09537
23.64100 1.26608
23.93580 1.09537
23.93767 1.09861
23.85250 1.26893
24.14711 1.09861
24.14898 1.10184
24.06401 1.27178
24.35842 1.10184
24.36030 1.10506
24.27552 1.27462
24.56974 1.10506
24.57162 1.10827
24.48703 1.27745
24.78106 1.10827
24.78295 1.11148
24.69855 1.28028
24.99239 1.11148
24.99428 1.11467
24.91007 1.28311
25.20372 1.11467
25.20562 1.11786
25.12159 1.28593
25.41506 1.11786
25.41696 1.12104
25.33311 1.28874
25.62640 1.12104
25.62830 1.12422
25.54464 1.29155
25.83774 1.12422
25.83965 1.12738
25.75616 1.29435
26.04909 1.12738
26.05100 1.13054
25.96769 1.29715
26.26044 1.13054
26.26236 1.13369
26.17923 1.29995
26.47180 1.13369
26.47372 1.13683
26.39076 1.30273
26.68316 1.13683
26.68508 1.13996
26.60230 1.30552
26.89452 1.13996
26.89645 1.14309
26.81384 1.30830
27.10589 1.14309
27.10782 1.14621
27.02539 1.31107
27.31726 1.14621
27.31919 1.14932
27.23693 1.31384
27.52863 1.14932
27.53057 1.15242
27.44848 1.31660
27.74001 1.15242
27.74195 1.15552
27.66003 1.31936
27.95139 1.15552
27.95334 1.15861
27.87159 1.32211
28.16278 1.15861
28.16473 1.16169
28.08314 1.32486
28.37417 1.16169
28.37612 1.16476
28.29470 1.32760
28.58556 1.16476
28.58752 1.16783
28.50626 1.33034
28.79696 1.16783
28.79892 1.17089
28.71783 1.33308
29.00836 1.17089
29.01032 1.17394
28.92939 1.33581
29.21976 1.17394
29.22173 1.17699
29.14096 1.33853
29.43117 1.17699
29.43314 1.18003
29.35253 1.34125
29.64258 1.18003
29.64455 1.18306
29.56410 1.34397
29.85399 1.18306
29.85597 1.18608
29.77568 1.34668
30.06541 1.18608
30.06739 1.18910
29.98725 1.34938
30.27683 1.18910
30.27882 1.19211
30.19883 1.35208
30.48826 1.19211
30.49025 1.19512
30.41041 1.35478
30.69968 1.19512
30.70168 1.19812
30.62200 1.35747
30.91112 1.19812
30.91311 1.20111
30.83358 1.36016
31.12255 1.20111
31.12455 1.20410
31.04517 1.36284
31.33399 1.20410
31.33599 1.20707
31.25676 1.36552
31.54543 1.20707
31.54743 1.21005
31.46836 1.36820
31.75687 1.21005
31.75888 1.21301
31.67995 1.37087
31.96832 1.21301
31.97033 1.21597
31.89155 1.37353
32.17977 1.21597
32.18178 1.21893
32.10315 1.37620
32.39122 1.21893
32.39324 1.22187
32.31475 1.37885
32.60268 1.22187
32.60470 1.22481
32.52635 1.38151
32.81414 1.22481
32.81616 1.22775
32.73796 1.38415
33.02560 1.22775
33.02763 1.23068
32.94957 1.38680
33.23707 1.23068
33.23910 1.23360
33.16118 1.38944
33.44854 1.23360
33.45057 1.23652
33.37279 1.39207
33.66001 1.23652
33.66204 1.23943
33.58440 1.39471
33.87148 1.23943
33.87352 1.24233
33.79602 1.39733
34.08296 1.24233
34.08500 1.24523
34.00764 1.39996
34.29444 1.24523
34.29648 1.24813
34.21926 1.40258
34.50592 1.24813
34.50797 1.25101
34.43088 1.40519
34.71741 1.25101
34.71946 1.25389
34.64251 1.40781
34.92890 1.25389
34.93095 1.25677
34.85413 1.41041
35.14039 1.25677
35.14245 1.25964
35.06576 1.41302
35.35189 1.25964
35.35395 1.26251
35.27739 1.41562
35.56339 1.26251
35.56545 1.26536
35.48902 1.41821
35.77489 1.26536
35.77695 1.26822
35.70066 1.42080
35.98639 1.26822
35.98846 1.27107
35.91229 1.42339
36.19790 1.27107
36.19997 1.27391
36.12393 1.42598
36.40940 1.27391
36.41148 1.27674
36.33557 1.42856
36.62092 1.27674
36.62299 1.27958
36.54721 1.43113
36.83243 1.27958
36.83451 1.28240
36.75886 1.43370
37.04395 1.28240
37.04603 1.28522
36.97050 1.43627
37.25547 1.28522
37.25755 1.28804
37.18215 1.43884
37.46699 1.28804
37.46908 1.29085
37.39380 1.44140
37.67852 1.29085
37.68060 1.29365
37.60545 1.44396
37.89004 1.29365
37.89213 1.29645
37.81711 1.44651
38.10157 1.29645
38.10367 1.29925
38.02876 1.44906
38.31311 1.29925
38.31520 1.30204
38.24042 1.45161
38.52464 1.30204
38.52674 1.30482
38.45208 1.45415
38.73618 1.30482
38.73828 1.30760
38.66374 1.45669
38.94772 1.30760
38.94982 1.31038
38.87540 1.45922
39.15926 1.31038
39.16137 1.31315
39.08706 1.46176
39.37081 1.31315
39.37292 1.31591
39.29873 1.46428
39.58236 1.31591
39.58447 1.31867
39.51040 1.46681
39.79391 1.31867
39.79602 1.32142
39.72207 1.46933
40.00546 1.32142
40.00758 1.32417
39.93374 1.47185
40.21702 1.32417
40.21913 1.32692
40.14541 1.47436
40.42857 1.32692
40.43069 1.32966
40.35709 1.47687
40.64013 1.32966
40.64226 1.33239
40.56876 1.47938
40.85170 1.33239
40.85382 1.33512
40.78044 1.48188
41.06326 1.33512
41.06539 1.33785
40.99212 1.48438
41.27483 1.33785
41.27696 1.34057
41.20380 1.48688
41.48640 1.34057
41.48853 1.34329
41.41549 1.48937
41.69797 1.34329
41.70010 1.34600
41.62717 1.49186
41.90954 1.34600
41.91168 1.34871
41.83886 1.49435
42.12112 1.34871
42.12326 1.35141
42.05055 1.49683
42.33270 1.35141
42.33484 1.35411
42.26224 1.49932
42.54428 1.35411
42.54642 1.35680
42.47393 1.50179
42.75586 1.35680
42.75801 1.35949
42.68562 1.50427
42.96745 1.35949
42.96960 1.36217
42.89732 1.50674
43.17904 1.36217
43.18119 1.36485
43.10901 1.50920
43.39063 1.36485
43.39278 1.36753
43.32071 1.51167
43.60222 1.36753
43.60437 1.37020
43.53241 1.51413
43.81381 1.37020
43.81597 1.37287
43.74411 1.51659
44.02541 1.37287
44.02757 1.37553
43.95582 1.51904
44.23701 1.37553
44.23917 1.37819
44.16752 1.52149
44.44861 1.37819
44.45077 1.38084
44.37923 1.52394
44.66021 1.38084
44.66238 1.38349
44.59093 1.52638
44.87182 1.38349
44.87399 1.38614
44.80264 1.52883
45.08343 1.38614
45.08560 1.38878
45.01435 1.53126
45.29504 1.38878
45.29721 1.39142
45.22607 1.53370
45.50665 1.39142
45.50882 1.39405
45.43778 1.53613
45.71826 1.39405
45.72044 1.39668
45.64950 1.53856
45.92988 1.39668
45.93206 1.39930
45.86121 1.54099
46.14149 1.39930
46.14368 1.40192
46.07293 1.54341
46.35311 1.40192
46.35530 1.40454
46.28465 1.54583
46.56474 1.40454
46.56692 1.40715
46.49637 1.54825
46.77636 1.40715
46.77855 1.40976
46.70810 1.55066
46.98799 1.40976
46.99017 1.41237
46.91982 1.55307
47.19961 1.41237
47.20180 1.41497
47.13155 1.55548
47.41124 1.41497
47.41344 1.41756
47.34327 1.55789
47.62288 1.41756
47.62507 1.42016
47.55500 1.56029
47.83451 1.42016
47.83671 1.42274
47.76673 1.56269
48.04615 1.42274
48.04834 1.42533
47.97846 1.56509
48.25778 1.42533
48.25998 1.42791
48.19020 1.56748
48.46942 1.42791
48.47163 1.43049
48.40193 1.56987
48.68106 1.43049
48.68327 1.43306
48.61367 1.57226
48.89271 1.43306
48.89491 1.43563
48.82541 1.57465
49.10435 1.43563
49.10656 1.43820
49.03715 1.57703
49.31600 1.43820
49.31821 1.44076
49.24889 1.57941
49.52765 1.44076
49.52986 1.44332
49.46063 1.58178
49.73930 1.44332
49.74151 1.44587
49.67237 1.58416
49.95095 1.44587
49.95317 1.44842
49.88412 1.58653
50.16261 1.44842
50.16483 1.45097
50.09586 1.58890
50.37426 1.45097
50.37648 1.45351
50.30761 1.59126
50.58592 1.45351
50.58814 1.45605
50.51936 1.59363
50.79758 1.45605
50.79981 1.45859
50.73111 1.59599
51.00925 1.45859
51.01147 1.46112
50.94286 1.59835
51.22091 1.46112
51.22314 1.46365
51.15461 1.60070
51.43257 1.46365
51.43480 1.46618
51.36637 1.60305
51.64424 1.46618
51.64647 1.46870
51.57812 1.60540
51.85591 1.46870
51.85814 1.47122
51.78988 1.60775
52.06758 1.47122
52.06982 1.47373
52.00164 1.61009
52.27925 1.47373
52.28149 1.47624
52.21339 1.61243
52.49093 1.47624
52.49317 1.47875
52.42516 1.61477
52.70261 1.47875
52.70484 1.48126
52.63692 1.61711
52.91428 1.48126
52.91652 1.48376
52.84868 1.61944
53.12596 1.48376
53.12820 1.48626
53.06045 1.62177
53.33764 1.48626
53.33989 1.48875
53.27221 1.62410
53.54933 1.48875
53.55157 1.49124
53.48398 1.62643
53.76101 1.49124
53.76326 1.49373
53.69575 1.62875
53.97270 1.49373
53.97495 1.49621
53.90752 1.63107
54.18439 1.49621
54.18664 1.49870
54.11929 1.63339
54.39608 1.49870
54.39833 1.50117
54.33106 1.63571
54.60777 1.50117
54.61002 1.50365
54.54283 1.63802
54.81946 1.50365
54.82171 1.50612
54.75461 1.64033
55.03115 1.50612
55.03341 1.50859
54.96638 1.64264
55.24285 1.50859
55.24511 1.51105
55.17816 1.64495
55.45455 1.51105
55.45681 1.51351
55.38994 1.64725
55.66625 1.51351
55.66851 1.51597
55.60172 1.64955
55.87795 1.51597
55.88021 1.51843
55.81350 1.65185
56.08965 1.51843
56.09192 1.52088
56.02528 1.65414
56.30136 1.52088
56.30362 1.52333
56.23707 1.65644
56.51306 1.52333
56.51533 1.52577
56.44885 1.65873
56.72477 1.52577
56.72704 1.52822
56.66064 1.66102
56.93648 1.52822
56.93875 1.53065
56.87242 1.66330
57.14819 1.53065
57.15046 1.53309
57.08421 1.66559
57.35990 1.53309
57.36217 1.53552
57.29600 1.66787
57.57161 1.53552
57.57389 1.53795
57.50779 1.67015
57.78333 1.53795
57.78561 1.54038
57.71958 1.67243
57.99505 1.54038
57.99732 1.54281
57.93138 1.67470
58.20676 1.54281
58.20904 1.54523
58.14317 1.67697
58.41848 1.54523
58.42076 1.54765
58.35497 1.67924
58.63020 1.54765
58.63249 1.55006
58.56676 1.68151
58.84193 1.55006
58.84421 1.55247
58.77856 1.68378
59.05365 1.55247
59.05594 1.55488
58.99036 1.68604
59.26538 1.55488
59.26766 1.55729
59.20216 1.68830
59.47710 1.55729
59.47939 1.55969
59.41396 1.69056
59.68883 1.55969
59.69112 1.56209
59.62576 1.69282
59.90056 1.56209
59.90285 1.56449
59.83756 1.69507
60.11229 1.56449
60.11459 1.56688
60.04937 1.69732
60.32403 1.56688
60.32632 1.56928
60.26117 1.69957
60.53576 1.56928
60.53806 1.57166
60.47298 1.70182
60.74750 1.57166
60.74979 1.57405
60.68479 1.70406
60.95923 1.57405
60.96153 1.57643
60.89660 1.70631
61.17097 1.57643
61.17327 1.57881
61.10841 1.70855
61.38271 1.57881
61.38501 1.58119
61.32022 1.71079
61.59445 1.58119
61.59676 1.58357
61.53203 1.71302
61.80620 1.58357
61.80850 1.58594
61.74384 1.71526
62.01794 1.58594
62.02025 1.58831
61.95566 1.71749
62.22969 1.58831
62.23199 1.59067
62.16747 1.71972
62.44143 1.59067
62.44374 1.59304
62.37929 1.72195
62.65318 1.59304
62.65549 1.59540
62.59110 1.72417
62.86493 1.59540
62.86724 1.59776
62.80292 1.72639
63.07668 1.59776
63.07899 1.60011
63.01474 1.72862
63.28843 1.60011
63.29075 1.60246
63.22656 1.73084
63.50019 1.60246
63.50250 1.60481
63.43838 1.73305
63.71194 1.60481
63.71426 1.60716
63.65021 1.73527
63.92370 1.60716
63.92602 1.60951
63.86203 1.73748
64.13546 1.60951
64.13778 1.61185
64.07386 1.73969
64.34722 1.61185
64.34954 1.61419
64.28568 1.74190
64.55898 1.61419
64.56130 1.61653
64.49751 1.74411
64.77074 1.61653
64.77306 1.61886
64.70934 1.74631
64.98250 1.61886
64.98483 1.62119
64.92116 1.74851
65.19427 1.62119
65.19659 1.62352
65.13299 1.75072
65.40603 1.62352
65.40836 1.62585
65.34483 1.75291
65.61780 1.62585
65.62013 1.62817
65.55666 1.75511
65.82957 1.62817
65.83190 1.63049
65.76849 1.75731
66.04134 1.63049
66.04367 1.63281
65.98032 1.75950
66.25311 1.63281
66.25544 1.63513
66.19216 1.76169
66.46488 1.63513
66.46721 1.63744
66.40399 1.76388
66.67665 1.63744
66.67899 1.63975
66.61583 1.76606
66.88843 1.63975
66.89076 1.64206
66.82767 1.76825
67.10020 1.64206
67.10254 1.64437
67.03951 1.77043
67.31198 1.64437
67.31432 1.64667
67.25135 1.77261
67.52376 1.64667
67.52610 1.64897
67.46319 1.77479
67.73554 1.64897
67.73788 1.65127
67.67503 1.77697
67.94732 1.65127
67.94966 1.65357
67.88687 1.77914
68.15910 1.65357
68.16144 1.65586
68.09872 1.78132
68.37088 1.65586
68.37323 1.65816
68.31056 1.78349
68.58267 1.65816
68.58501 1.66045
68.52241 1.78566
68.79445 1.66045
68.79680 1.66273
68.73425 1.78783
69.00624 1.66273
69.00859 1.66502
68.94610 1.78999
69.21803 1.66502
69.22038 1.66730
69.15795 1.79216
69.42981 1.66730
69.43217 1.66958
69.36980 1.79432
69.64161 1.66958
69.64396 1.67186
69.58165 1.79648
69.85340 1.67186
69.85575 1.67413
69.79350 1.79863
70.06519 1.67413
70.06754 1.67641
70.00535 1.80079
70.27698 1.67641
70.27934 1.67868
70.21720 1.80295
70.48878 1.67868
70.49113 1.68094
70.42906 1.80510
70.70057 1.68094
70.70293 1.68321
70.64091 1.80725
70.91237 1.68321
70.91473 1.68547
70.85277 1.80940
71.12417 1.68547
71.12653 1.68774
71.06462 1.81155
71.33597 1.68774
71.33833 1.68999
71.27648 1.81369
71.54777 1.68999
71.55013 1.69225
71.48834 1.81583
71.75957 1.69225
71.76193 1.69451
71.70020 1.81798
71.97137 1.69451
71.97374 1.69676
71.91206 1.82012
72.18318 1.69676
72.18554 1.69901
72.12392 1.82225
72.39498 1.69901
72.39735 1.70126
72.33578 1.82439
72.60679 1.70126
72.60916 1.70350
72.54765 1.82653
72.81860 1.70350
72.82097 1.70575
72.75951 1.82866
73.03041 1.70575
73.03278 1.70799
72.97137 1.83079
73.24221 1.70799
73.24459 1.71023
73.18324 1.83292
73.45403 1.71023
73.45640 1.71246
73.39511 1.83505
73.66584 1.71246
73.66821 1.71470
73.60697 1.83717
73.87765 1.71470
73.88002 1.71693
73.81884 1.83930
74.08946 1.71693
74.09184 1.71916
74.03071 1.84142
74.30128 1.71916
74.30366 1.72139
74.24258 1.84354
74.51309 1.72139
74.51547 1.72361
74.45445 1.84566
74.72491 1.72361
74.72729 1.72584
74.66632 1.84778
74.93673 1.72584
74.93911 1.72806
74.87819 1.84989
75.14855 1.72806
75.15093 1.73028
75.09007 1.85201
75.36037 1.73028
75.36275 1.73250
75.30194 1.85412
75.57219 1.73250
75.57457 1.73471
75.51382 1.85623
75.78401 1.73471
75.78640 1.73693
75.72569 1.85834
75.99584 1.73693
75.99822 1.73914
75.93757 1.86045
76.20766 1.73914
76.21005 1.74135
76.14945 1.86255
76.41949 1.74135
76.42187 1.74356
76.36132 1.86465
76.63131 1.74356
76.63370 1.74576
76.57320 1.86676
76.84314 1.74576
76.84553 1.74796
76.78508 1.86886
77.05497 1.74796
77.05736 1.75017
76.99696 1.87096
77.26680 1.75017
77.26919 1.75236
77.20884 1.87305
77.47863 1.75236
77.48102 1.75456
77.42073 1.87515
77.69046 1.75456
77.69285 1.75676
77.63261 1.87724
77.90229 1.75676
77.90469 1.75895
77.84449 1.87934
78.11413 1.75895
78.11652 1.76114
78.05638 1.88143
78.32596 1.76114
78.32836 1.76333
78.26826 1.88352
78.53780 1.76333
78.54019 1.76552
78.48015 1.88561
78.74963 1.76552
78.75203 1.76770
78.69204 1.88769
78.96147 1.76770
78.96387 1.76989
78.90392 1.88978
79.17331 1.76989
79.17571 1.77207
79.11581 1.89186
79.38515 1.77207
79.38755 1.77425
79.32770 1.89394
79.59699 1.77425
79.59939 1.77643
79.53959 1.89602
79.80883 1.77643
79.81123 1.77860
79.75148 1.89810
80.02067 1.77860
80.02308 1.78077
79.96338 1.90018
80.23252 1.78077
80.23492 1.78295
80.17527 1.90225
80.44436 1.78295
80.44677 1.78512
80.38716 1.90433
80.65621 1.78512
80.65861 1.78728
80.59906 1.90640
80.86805 1.78728
80.87046 1.78945
80.81095 1.90847
81.07990 1.78945
81.08231 1.79161
81.02285 1.91054
81.29175 1.79161
81.29416 1.79378
81.23474 1.91261
81.50360 1.79378
81.50601 1.79594
81.44664 1.91467
81.71545 1.79594
81.71786 1.79810
81.65854 1.91674
81.92730 1.79810
81.92971 1.80025
81.87044 1.91880
82.13915 1.80025
82.14156 1.80241
82.08233 1.92086
82.35100 1.80241
82.35342 1.80456
82.29423 1.92292
82.56286 1.80456
82.56527 1.80671
82.50614 1.92498
82.77471 1.80671
82.77713 1.80886
82.71804 1.92704
82.98657 1.80886
82.98898 1.81101
82.92994 1.92909
83.19842 1.81101
83.20084 1.81315
83.14184 1.93115
83.41028 1.81315
83.41270 1.81530
83.35375 1.93320
83.62214 1.81530
83.62456 1.81744
83.56565 1.93525
83.83400 1.81744
83.83642 1.81958
83.77756 1.93730
84.04586 1.81958
84.04828 1.82172
83.98946 1.93935
84.25772 1.82172
84.26014 1.82386
84.20137 1.94140
84.46958 1.82386
84.47200 1.82599
84.41328 1.94345
84.68144 1.82599
84.68387 1.82813
84.62518 1.94549
84.89330 1.82813
84.89573 1.83026
84.83709 1.94753
85.10517 1.83026
85.10759 1.83239
85.04900 1.94957
85.31703 1.83239
85.31946 1.83451
85.26091 1.95161
85.52890 1.83451
85.53133 1.83664
85.47282 1.95365
85.74077 1.83664
85.74320 1.83877
85.68473 1.95569
85.95264 1.83877
85.95506 1.84089
85.89665 1.95773
86.16450 1.84089
86.16693 1.84301
86.10856 1.95976
86.37637 1.84301
86.37880 1.84513
86.32047 1.96179
86.58824 1.84513
86.59068 1.84725
86.53239 1.96382
86.80012 1.84725
86.80255 1.84936
86.74430 1.96585
87.01199 1.84936
87.01442 1.85148
86.95622 1.96788
87.22386 1.85148
87.22629 1.85359
87.16813 1.96991
87.43573 1.85359
87.43817 1.85570
87.38005 1.97194
87.64761 1.85570
87.65004 1.85781
87.59197 1.97396
87.85948 1.85781
87.86192 1.85992
87.80389 1.97599
88.07136 1.85992
88.07380 1.86202
88.01581 1.97801
88.28324 1.86202
88.28568 1.86413
88.22773 1.98003
88.49512 1.86413
88.49755 1.86623
88.43965 1.98205
88.70699 1.86623
88.70943 1.86833
88.65157 1.98407
88.91887 1.86833
88.92131 1.87043
88.86349 1.98608
89.13075 1.87043
89.13320 1.87253
89.07541 1.98810
89.34264 1.87253
89.34508 1.87463
89.28734 1.99011
89.55452 1.87463
89.55696 1.87672
89.49926 1.99213
89.76640 1.87672
89.76884 1.87881
89.71118 1.99414
89.97828 1.87881
89.98073 1.88091
89.92311 1.99615
90.19017 1.88091
90.19261 1.88300
90.13503 1.99816
90.40205 1.88300
90.40450 1.88508
90.34696 2.00016
90.61394 1.88508
90.61639 1.88717
90.55889 2.00217
90.82583 1.88717
90.82827 1.88926
90.77082 2.00418
91.03771 1.88926
91.04016 1.89134
90.98274 2.00618
91.24960 1.89134
91.25205 1.89342
91.19467 2.00818
91.46149 1.89342
91.46394 1.89550
91.40660 2.01018
91.67338 1.89550
91.67583 1.89758
91.61853 2.01218
91.88527 1.89758
91.88772 1.89966
91.83046 2.01418
92.09716 1.89966
92.09962 1.90173
92.04239 2.01618
92.30906 1.90173
92.31151 1.90381
92.25433 2.01817
92.52095 1.90381
92.52340 1.90588
92.46626 2.02017
92.73284 1.90588
92.73530 1.90795
92.67819 2.02216
92.94474 1.90795
92.94719 1.91002
92.89013 2.02416
93.15663 1.91002
93.15909 1.91209
93.10206 2.02615
93.36853 1.91209
93.37099 1.91416
93.31400 2.02814
93.58043 1.91416
93.58288 1.91622
93.52593 2.03013
93.79232 1.91622
93.79478 1.91829
93.73787 2.03211
94.00422 1.91829
94.00668 1.92035
93.94981 2.03410
94.21612 1.92035
94.21858 1.92241
94.16174 2.03608
94.42802 1.92241
94.43048 1.92447
94.37368 2.03807
94.63992 1.92447
94.64238 1.92652
94.58562 2.04005
94.85182 1.92652
94.85429 1.92858
94.79756 2.04203
95.06372 1.92858
95.06619 1.93064
95.00950 2.04401
95.27563 1.93064
95.27809 1.93269
95.22144 2.04599
95.48753 1.93269
95.49000 1.93474
95.43338 2.04797
95.69944 1.93474
95.70190 1.93679
95.64532 2.04995
95.91134 1.93679
95.91381 1.93884
95.85727 2.05192
96.12325 1.93884
96.12571 1.94089
96.06921 2.05390
96.33515 1.94089
96.33762 1.94293
96.28115 2.05587
96.54706 1.94293
96.54953 1.94498
96.49310 2.05784
96.75897 1.94498
96.76144 1.94702
96.70504 2.05981
96.97088 1.94702
96.97335 1.94906
96.91699 2.06178
97.18279 1.94906
97.18526 1.95110
97.12893 2.06375
97.39470 1.95110
97.39717 1.95314
97.34088 2.06572
97.60661 1.95314
97.60908 1.95518
97.55283 2.06768
97.81852 1.95518
97.82099 1.95722
97.76477 2.06965
98.03043 1.95722
98.03290 1.95925
97.97672 2.07161
98.24234 1.95925
98.24482 1.96128
98.18867 2.07357
98.45426 1.96128
98.45673 1.96332
98.40062 2.07553
98.66617 1.96332
98.66865 1.96535
98.61257 2.07750
98.87808 1.96535
98.88056 1.96738
98.82452 2.07945
99.09000 1.96738
99.09248 1.96940
99.03647 2.08141
99.30192 1.96940
99.30439 1.97143
99.24842 2.08337
99.51383 1.97143
99.51631 1.97346
99.46038 2.08533
99.72575 1.97346
99.72823 1.97548
99.67233 2.08728
99.93767 1.97548
99.94015 1.97750
99.88428 2.08923
100.14959 1.97750
100.15207 1.97952
100.09624 2.09119
100.36151 1.97952
100.36399 1.98154
100.30819 2.09314
100.57343 1.98154
100.57591 1.98356
100.52015 2.09509
100.78535 1.98356
100.78783 1.98558
100.73210 2.09704
100.99727 1.98558
100.99975 1.98759
100.94406 2.09899
101.20919 1.98759
101.21168 1.98961
101.15601 2.10093
101.42112 1.98961
101.42360 1.99162
101.36797 2.10288
101.63304 1.99162
101.63552 1.99363
101.57993 2.10482
101.84496 1.99363
101.84745 1.99564
101.79189 2.10677
102.05689 1.99564
102.05937 1.99765
102.00385 2.10871
102.26881 1.99765
102.27130 1.99966
102.21581 2.11065
102.48074 1.99966
102.48323 2.00167
102.42777 2.11259
102.69267 2.00167
102.69516 2.00367
102.63973 2.11453
102.90459 2.00367
102.90708 2.00568
102.85169 2.11647
103.11652 2.00568
103.11901 2.00768
103.06365 2.11841
103.32845 2.00768
103.33094 2.00968
103.27561 2.12034
103.54038 2.00968
103.54287 2.01168
103.48757 2.12228
103.75231 2.01168
103.75480 2.01368
103.69954 2.12421
103.96424 2.01368
103.96673 2.01568
103.91150 2.12615
104.17617 2.01568
104.17867 2.01768
104.12346 2.12808
104.38810 2.01768
104.39060 2.01967
104.33543 2.13001
104.60004 2.01967
104.60253 2.02166
104.54739 2.13194
104.81197 2.02166
104.81447 2.02366
104.75936 2.13387
105.02390 2.02366
105.02640 2.02565
104.97133 2.13580
105.23584 2.02565
105.23833 2.02764
105.18329 2.13772
105.44777 2.02764
105.45027 2.02963
105.39526 2.13965
105.65971 2.02963
105.66221 2.03162
105.60723 2.14157
105.87165 2.03162
105.87414 2.03360
105.81920 2.14350
106.08358 2.03360
106.08608 2.03559
106.03116 2.14542
106.29552 2.03559
106.29802 2.03757
106.24313 2.14734
106.50746 2.03757
106.50996 2.03955
106.45510 2.14926
106.71940 2.03955
106.72190 2.04154
106.66707 2.15118
106.93134 2.04154
106.93384 2.04352
106.87904 2.15310
107.14328 2.04352
107.14578 2.04550
107.09101 2.15502
107.35522 2.04550
107.35772 2.04747
107.30299 2.15694
107.56716 2.04747
107.56966 2.04945
107.51496 2.15885
107.77910 2.04945
107.78160 2.05143
107.72693 2.16077
107.99104 2.05143
107.99355 2.05340
107.93890 2.16268
108.20299 2.05340
108.20549 2.05537
108.15088 2.16460
108.41493 2.05537
108.41743 2.05735
108.36285 2.16651
108.62687 2.05735
108.62938 2.05932
108.57483 2.16842
108.83882 2.05932
108.84132 2.06129
108.78680 2.17033
109.05076 2.06129
109.05327 2.06326
108.99878 2.17224
109.26271 2.06326
109.26522 2.06522
109.21075 2.17415
109.47465 2.06522
109.47716 2.06719
109.42273 2.17606
109.68660 2.06719
109.68911 2.06916
109.63471 2.17796
109.89855 2.06916
109.90106 2.07112
109.84668 2.17987
110.11050 2.07112
110.11301 2.07308
110.05866 2.18177
110.32245 2.07308
110.32496 2.07504
110.27064 2.18367
110.53440 2.07504
110.53691 2.07701
110.48262 2.18558
110.74635 2.07701
110.74886 2.07896
110.69460 2.18748
110.95830 2.07896
110.96081 2.08092
110.90658 2.18938
111.17025 2.08092
111.17276 2.08288
111.11856 2.19128
111.38220 2.08288
111.38471 2.08484
111.33054 2.19318
111.59415 2.08484
111.59666 2.08679
111.54252 2.19508
111.80610 2.08679
111.80862 2.08875
111.75450 2.19697
112.01806 2.08875
112.02057 2.09070
111.96649 2.19887
112.23001 2.09070
112.23252 2.09265
112.17847 2.20076
112.44196 2.09265
112.44448 2.09460
112.39045 2.20266
112.65392 2.09460
112.65644 2.09655
112.60243 2.20455
112.86587 2.09655
112.86839 2.09850
112.81442 2.20644
113.07783 2.09850
113.08035 2.10045
113.02640 2.20834
113.28979 2.10045
113.29230 2.10239
113.23839 2.21023
113.50174 2.10239
113.50426 2.10434
113.45037 2.21212
113.71370 2.10434
113.71622 2.10628
113.66236 2.21400
113.92566 2.10628
113.92818 2.10822
113.87434 2.21589
114.13762 2.10822
114.14014 2.11017
114.08633 2.21778
114.34958 2.11017
114.35210 2.11211
114.29832 2.21967
114.56154 2.11211
114.56406 2.11405
114.51031 2.22155
114.77350 2.11405
114.77602 2.11599
114.72229 2.22344
114.98546 2.11599
114.98798 2.11792
114.93428 2.22532
115.19742 2.11792
115.19994 2.11986
115.14627 2.22720
115.40938 2.11986
115.41190 2.12180
115.35826 2.22908
115.62134 2.12180
115.62387 2.12373
115.57025 2.23096
115.83331 2.12373
115.83583 2.12566
115.78224 2.23284
116.04527 2.12566
116.04780 2.12760
115.99423 2.23472
116.25723 2.12760
116.25976 2.12953
116.20622 2.23660
116.46920 2.12953
116.47172 2.13146
116.41821 2.23848
116.68116 2.13146
116.68369 2.13339
116.63021 2.24036
116.89313 2.13339
116.89566 2.13531
116.84220 2.24223
117.10510 2.13531
117.10762 2.13724
117.05419 2.24411
117.31706 2.13724
117.31959 2.13917
117.26618 2.24598
117.52903 2.13917
117.53156 2.14109
117.47818 2.24785
117.74100 2.14109
117.74353 2.14302
117.69017 2.24973
117.95296 2.14302
117.95549 2.14494
117.90217 2.25160
118.16493 2.14494
118.16746 2.14686
118.11416 2.25347
118.37690 2.14686
118.37943 2.14878
118.32616 2.25534
118.58887 2.14878
118.59140 2.15070
118.53815 2.25721
118.80084 2.15070
118.80337 2.15262
118.75015 2.25908
119.01281 2.15262
119.01534 2.15454
118.96214 2.26094
119.22478 2.15454
119.22732 2.15646
119.17414 2.26281
119.43676 2.15646
119.43929 2.15838
119.38614 2.26468
119.64873 2.15838
119.65126 2.16029
119.59814 2.26654
119.86070 2.16029
119.86323 2.16221
119.81013 2.26840
120.07267 2.16221
120.07521 2.16412
120.02213 2.27027
120.28465 2.16412
120.28718 2.16603
120.23413 2.27213
120.49662 2.16603
120.49916 2.16794
120.44613 2.27399
120.70859 2.16794
120.71113 2.16985
120.65813 2.27585
120.92057 2.16985
120.92311 2.17176
120.87013 2.27771
121.13255 2.17176
121.13508 2.17367
121.08213 2.27957
121.34452 2.17367
121.34706 2.17558
121.29413 2.28143
121.55650 2.17558
121.55903 2.17748
121.50613 2.28329
121.76847 2.17748
121.77101 2.17939
121.71813 2.28515
121.98045 2.17939
121.98299 2.18130
121.93014 2.28700
122.19243 2.18130
122.19497 2.18320
122.14214 2.28886
122.40441 2.18320
122.40695 2.18510
122.35414 2.29071
122.61639 2.18510
122.61893 2.18700
122.56615 2.29257
122.82837 2.18700
122.83091 2.18890
122.77815 2.29442
123.04035 2.18890
123.04289 2.19080
122.99015 2.29627
123.25233 2.19080
123.25487 2.19270
123.20216 2.29812
123.46431 2.19270
123.46685 2.19460
123.41416 2.29997
123.67629 2.19460
123.67883 2.19650
123.62617 2.30182
123.88827 2.19650
123.89081 2.19840
123.83817 2.30367
124.10025 2.19840
124.10279 2.20029
124.05018 2.30552
124.31223 2.20029
124.31478 2.20218
124.26219 2.30737
124.52422 2.20218
124.52676 2.20408
124.47419 2.30921
124.73620 2.20408
124.73874 2.20597
124.68620 2.31106
124.94818 2.20597
124.95073 2.20786
124.89821 2.31291
125.16017 2.20786
125.16271 2.20975
125.11021 2.31475
125.37215 2.20975
125.37470 2.21164
125.32222 2.31659
125.58414 2.21164
125.58668 2.21353
125.53423 2.31844
125.79612 2.21353
125.79867 2.21542
125.74624 2.32028
126.00811 2.21542
126.01066 2.21731
125.95825 2.32212
126.22010 2.21731
126.22264 2.21919
126.17026 2.32396
126.43208 2.21919
126.43463 2.22108
126.38227 2.32580
126.64407 2.22108
126.64662 2.22296
126.59428 2.32764
126.85606 2.22296
126.85861 2.22485
126.80629 2.32948
127.06805 2.22485
127.07060 2.22673
127.01830 2.33132
127.28004 2.22673
127.28259 2.22861
127.23031 2.33316
127.49202 2.22861
127.49457 2.23049
127.44233 2.33499
127.70401 2.23049
127.70656 2.23237
127.65434 2.33683
127.91600 2.23237
127.91856 2.23425
127.86635 2.33866
128.12799 2.23425
128.13055 2.23613
128.07836 2.34050
128.33999 2.23613
128.34254 2.23801
128.29038 2.34233
128.55198 2.23801
128.55453 2.23989
128.50239 2.34417
128.76397 2.23989
128.76652 2.24176
128.71440 2.34600
128.97596 2.24176
128.97851 2.24364
128.92642 2.34783
129.18795 2.24364
129.19051 2.24551
129.13843 2.34966
129.39995 2.24551
129.40250 2.24739
129.35045 2.35149
129.61194 2.24739
129.61449 2.24926
129.56246 2.35332
129.82393 2.24926
129.82649 2.25113
129.77448 2.35515
130.03593 2.25113
130.03848 2.25300
129.98650 2.35698
130.24792 2.25300
130.25048 2.25487
130.19851 2.35880
130.45992 2.25487
130.46247 2.25674
130.41053 2.36063
130.67191 2.25674
130.67447 2.25861
130.62255 2.36246
130.88391 2.25861
130.88647 2.26048
130.83456 2.36428
131.09591 2.26048
131.09846 2.26234
131.04658 2.36611
131.30790 2.26234
131.31046 2.26421
131.25860 2.36793
131.51990 2.26421
131.52246 2.26607
131.47062 2.36975
131.73190 2.26607
131.73446 2.26794
131.68264 2.37158
131.94390 2.26794
131.94645 2.26980
131.89466 2.37340
132.15589 2.26980
132.15845 2.27166
132.10668 2.37522
132.36789 2.27166
132.37045 2.27353
132.31870 2.37704
132.57989 2.27353
132.58245 2.27539
132.53072 2.37886
132.79189 2.27539
132.79445 2.27725
132.74274 2.38068
133.00389 2.27725
133.00645 2.27911
132.95476 2.38250
133.21589 2.27911
133.21845 2.28097
133.16678 2.38432
133.42789 2.28097
133.43045 2.28282
133.37880 2.38613
133.63989 2.28282
133.64246 2.28468
133.59082 2.38795
133.85190 2.28468
133.85446 2.28654
133.80284 2.38977
134.06390 2.28654
134.06646 2.28839
134.01487 2.39158
134.27590 2.28839
134.27846 2.29025
134.22689 2.39340
134.48790 2.29025
134.49047 2.29210
134.43891 2.39521
134.69991 2.29210
134.70247 2.29395
134.65094 2.39702
134.91191 2.29395
134.91447 2.29581
134.86296 2.39884
135.12391 2.29581
135.12648 2.29766
135.07498 2.40065
135.33592 2.29766
135.33848 2.29951
135.28701 2.40246
135.54792 2.29951
135.55049 2.30136
135.49903 2.40427
135.75993 2.30136
135.76249 2.30321
135.71106 2.40608
135.97193 2.30321
135.97450 2.30506
135.92308 2.40789
136.18394 2.30506
136.18651 2.30691
136.13511 2.40970
136.39595 2.30691
136.39851 2.30875
136.34714 2.41151
136.60795 2.30875
136.61052 2.31060
136.55916 2.41332
136.81996 2.31060
136.82253 2.31244
136.77119 2.41512
137.03197 2.31244
137.03453 2.31429
136.98321 2.41693
137.24397 2.31429
137.24654 2.31613
137.19524 2.41873
137.45598 2.31613
137.45855 2.31798
137.40727 2.42054
137.66799 2.31798
137.67056 2.31982
137.61930 2.42234
137.88000 2.31982
137.88257 2.32166
137.83133 2.42415
138.09201 2.32166
138.09458 2.32350
138.04335 2.42595
138.30402 2.32350
138.30659 2.32534
138.25538 2.42776
138.51603 2.32534
138.51860 2.32718
138.46741 2.42956
138.72804 2.32718
138.73061 2.32902
138.67944 2.43136
138.94005 2.32902
138.94262 2.33086
138.89147 2.43316
139.15206 2.33086
139.15463 2.33270
139.10350 2.43496
139.36407 2.33270
139.36664 2.33453
139.31553 2.43676
139.57608 2.33453
139.57866 2.33637
139.52756 2.43856
139.78810 2.33637
139.79067 2.33821
139.73959 2.44036
140.00011 2.33821
140.00268 2.34004
139.95162 2.44216
140.21212 2.34004
140.21470 2.34187
140.16366 2.44395
140.42413 2.34187
140.42671 2.34371
140.37569 2.44575
140.63615 2.34371
140.63872 2.34554
140.58772 2.44755
140.84816 2.34554
140.85074 2.34737
140.79975 2.44934
141.06018 2.34737
141.06275 2.34920
141.01178 2.45114
141.27219 2.34920
141.27477 2.35103
141.22382 2.45293
141.48421 2.35103
141.48678 2.35286
141.43585 2.45473
141.69622 2.35286
141.69880 2.35469
141.64788 2.45652
141.90824 2.35469
141.91081 2.35652
141.85992 2.45831
142.12025 2.35652
142.12283 2.35835
142.07195 2.46010
142.33227 2.35835
142.33485 2.36017
142.28399 2.46190
142.54429 2.36017
142.54686 2.36200
142.49602 2.46369
142.75630 2.36200
142.75888 2.36383
142.70806 2.46548
142.96832 2.36383
142.97090 2.36565
142.92009 2.46727
143.18034 2.36565
143.18292 2.36747
143.13213 2.46906
143.39236 2.36747
143.39494 2.36930
143.34416 2.47084
143.60438 2.36930
143.60695 2.37112
143.55620 2.47263
143.81639 2.37112
143.81897 2.37294
143.76823 2.47442
144.02841 2.37294
144.03099 2.37476
143.98027 2.47621
144.24043 2.37476
144.24301 2.37659
144.19231 2.47799
144.45245 2.37659
144.45503 2.37841
144.40435 2.47978
144.66447 2.37841
144.66705 2.38022
144.61638 2.48157
144.87649 2.38022
144.87907 2.38204
144.82842 2.48335
145.08851 2.38204
145.09110 2.38386
145.04046 2.48514
145.30053 2.38386
145.30312 2.38568
145.25250 2.48692
145.51256 2.38568
145.51514 2.38750
145.46453 2.48870
145.72458 2.38750
145.72716 2.38931
145.67657 2.49049
145.93660 2.38931
145.93918 2.39113
145.88861 2.49227
146.14862 2.39113
146.15121 2.39294
146.10065 2.49405
146.36065 2.39294
146.36323 2.39476
146.31269 2.49583
146.57267 2.39476
146.57525 2.39657
146.52473 2.49761
146.78469 2.39657
146.78728 2.39838
146.73677 2.49939
146.99672 2.39838
146.99930 2.40020
146.94881 2.50117
147.20874 2.40020
147.21132 2.40201
147.16085 2.50295
147.42076 2.40201
147.42335 2.40382
147.37289 2.50473
147.63279 2.40382
147.63537 2.40563
147.58493 2.50651
147.84481 2.40563
147.84740 2.40744
147.79698 2.50828
148.05684 2.40744
148.05942 2.40925
148.00902 2.51006
148.26886 2.40925
148.27145 2.41106
148.22106 2.51184
148.48089 2.41106
148.48348 2.41286
148.43310 2.51361
148.69292 2.41286
148.69550 2.41467
148.64514 2.51539
148.90494 2.41467
148.90753 2.41648
148.85719 2.51716
149.11697 2.41648
149.11956 2.41828
149.06923 2.51894
149.32900 2.41828
149.33158 2.42009
149.28127 2.52071
149.54102 2.42009
149.54361 2.42189
149.49332 2.52249
149.75305 2.42189
149.75564 2.42370
149.70536 2.52426
149.96508 2.42370
149.96767 2.42550
149.91740 2.52603
150.17711 2.42550
150.17970 2.42730
150.12945 2.52780
150.38914 2.42730
150.39173 2.42911
150.34149 2.52957
150.60117 2.42911
150.60376 2.43091
150.55354 2.53135
150.81320 2.43091
150.81579 2.43271
150.76558 2.53312
151.02523 2.43271
151.02782 2.43451
150.97763 2.53489
151.23726 2.43451
151.23985 2.43631
151.18967 2.53666
151.44929 2.43631
151.45188 2.43811
151.40172 2.53842
151.66132 2.43811
151.66391 2.43991
151.61376 2.54019
151.87335 2.43991
151.87594 2.44171
151.82581 2.54196
152.08538 2.44171
152.08797 2.44350
152.03786 2.54373
152.29741 2.44350
152.30000 2.44530
152.24990 2.54550
152.50944 2.44530
152.51203 2.44710
152.46195 2.54726
152.72147 2.44710
152.72407 2.44889
152.67400 2.54903
152.93351 2.44889
152.93610 2.45069
152.88605 2.55079
153.14554 2.45069
153.14813 2.45248
153.09809 2.55256
153.35757 2.45248
153.36016 2.45428
153.31014 2.55432
153.56960 2.45428
153.57220 2.45607
153.52219 2.55609
153.78164 2.45607
153.78423 2.45786
153.73424 2.55785
153.99367 2.45786
153.99627 2.45966
153.94629 2.55961
154.20570 2.45966
154.20830 2.46145
154.15833 2.56138
154.41774 2.46145
154.42033 2.46324
154.37038 2.56314
154.62977 2.46324
154.63237 2.46503
154.58243 2.56490
154.84181 2.46503
154.84440 2.46682
154.79448 2.56666
155.05384 2.46682
155.05644 2.46861
155.00653 2.56842
155.26588 2.46861
155.26848 2.47040
155.21858 2.57018
155.47791 2.47040
155.48051 2.47219
155.43063 2.57194
155.68995 2.47219
155.69255 2.47397
155.64268 2.57370
155.90199 2.47397
155.90458 2.47576
155.85473 2.57546
156.11402 2.47576
156.11662 2.47755
156.06678 2.57722
156.32606 2.47755
156.32866 2.47933
156.27884 2.57898
156.53810 2.47933
156.54070 2.48112
156.49089 2.58074
156.75013 2.48112
156.75273 2.48290
156.70294 2.58249
156.96217 2.48290
156.96477 2.48469
156.91499 2.58425
157.17421 2.48469
157.17681 2.48647
157.12704 2.58601
157.38625 2.48647
157.38885 2.48826
157.33909 2.58776
157.59829 2.48826
157.60089 2.49004
157.55115 2.58952
157.81033 2.49004
157.81292 2.49182
157.76320 2.59127
158.02236 2.49182
158.02496 2.49360
157.97525 2.59303
158.23440 2.49360
158.23700 2.49539
158.18730 2.59478
158.44644 2.49539
158.44904 2.49717
158.39936 2.59654
158.65848 2.49717
158.66108 2.49895
158.61141 2.59829
158.87052 2.49895
158.87312 2.50073
158.82347 2.60004
159.08256 2.50073
159.08516 2.50251
159.03552 2.60180
159.29460 2.50251
159.29721 2.50428
159.24757 2.60355
159.50664 2.50428
159.50925 2.50606
159.45963 2.60530
159.71869 2.50606
159.72129 2.50784
159.67168 2.60705
159.93073 2.50784
159.93333 2.50962
159.88374 2.60880
160.14277 2.50962
160.14537 2.51139
160.09579 2.61055
160.35481 2.51139
160.35741 2.51317
160.30785 2.61230
160.56685 2.51317
160.56946 2.51495
160.51990 2.61405
160.77890 2.51495
160.78150 2.51672
160.73196 2.61580
160.99094 2.51672
160.99354 2.51849
160.94401 2.61755
161.20298 2.51849
161.20558 2.52027
161.15607 2.61930
161.41502 2.52027
161.41763 2.52204
161.36813 2.62105
161.62707 2.52204
161.62967 2.52382
161.58018 2.62279
161.83911 2.52382
161.84172 2.52559
161.79224 2.62454
162.05115 2.52559
162.05376 2.52736
162.00430 2.62629
162.26320 2.52736
162.26580 2.52913
162.21635 2.62803
162.47524 2.52913
162.47785 2.53090
162.42841 2.62978
162.68729 2.53090
162.68989 2.53267
162.64047 2.63153
162.89933 2.53267
162.90194 2.53444
162.85252 2.63327
163.11138 2.53444
163.11398 2.53621
163.06458 2.63502
163.32342 2.53621
163.32603 2.53798
163.27664 2.63676
163.53547 2.53798
163.53808 2.53975
163.48870 2.63850
163.74751 2.53975
163.75012 2.54152
163.70076 2.64025
163.95956 2.54152
163.96217 2.54329
163.91282 2.64199
164.17161 2.54329
164.17421 2.54505
164.12487 2.64373
164.38365 2.54505
164.38626 2.54682
164.33693 2.64548
164.59570 2.54682
164.59831 2.54859
164.54899 2.64722
164.80775 2.54859
164.81036 2.55035
164.76105 2.64896
165.01980 2.55035
165.02240 2.55212
164.97311 2.65070
165.23184 2.55212
165.23445 2.55388
165.18517 2.65244
165.44389 2.55388
165.44650 2.55565
165.39723 2.65418
165.65594 2.55565
165.65855 2.55741
165.60929 2.65592
165.86799 2.55741
165.87060 2.55917
165.82135 2.65766
166.08004 2.55917
166.08264 2.56094
166.03341 2.65940
166.29208 2.56094
166.29469 2.56270
166.24547 2.66114
166.50413 2.56270
166.50674 2.56446
166.45753 2.66288
166.71618 2.56446
166.71879 2.56622
166.66959 2.66462
166.92823 2.56622
166.93084 2.56798
166.88166 2.66636
167.14028 2.56798
167.14289 2.56974
167.09372 2.66809
167.35233 2.56974
167.35494 2.57150
167.30578 2.66983
167.56438 2.57150
167.56699 2.57326
167.51784 2.67157
167.77643 2.57326
167.77904 2.57502
167.72990 2.67330
167.98848 2.57502
167.99109 2.57678
167.94196 2.67504
168.20053 2.57678
168.20314 2.57854
168.15403 2.67678
168.41258 2.57854
168.41520 2.58030
168.36609 2.67851
168.62464 2.58030
168.62725 2.58206
168.57815 2.68025
168.83669 2.58206
168.83930 2.58381
168.79021 2.68198
169.04874 2.58381
169.05135 2.58557
169.00228 2.68371
169.26079 2.58557
169.26340 2.58732
169.21434 2.68545
169.47284 2.58732
169.47546 2.58908
169.42640 2.68718
169.68489 2.58908
169.68751 2.59084
169.63847 2.68892
169.89695 2.59084
169.89956 2.59259
169.85053 2.69065
170.10900 2.59259
170.11161 2.59434
170.06260 2.69238
170.32105 2.59434
170.32367 2.59610
170.27466 2.69411
170.53311 2.59610
170.53572 2.59785
170.48672 2.69584
170.74516 2.59785
170.74777 2.59961
170.69879 2.69758
170.95721 2.59961
170.95983 2.60136
170.91085 2.69931
171.16927 2.60136
171.17188 2.60311
171.12292 2.70104
171.38132 2.60311
171.38394 2.60486
171.33498 2.70277
171.59338 2.60486
171.59599 2.60661
171.54705 2.70450
171.80543 2.60661
171.80804 2.60836
171.75911 2.70623
172.01748 2.60836
172.02010 2.61012
171.97118 2.70796
172.22954 2.61012
172.23215 2.61187
172.18324 2.70969
172.44159 2.61187
172.44421 2.61361
172.39531 2.71142
172.65365 2.61361
172.65627 2.61536
172.60738 2.71315
172.86571 2.61536
172.86832 2.61711
172.81944 2.71487
173.07776 2.61711
173.08038 2.61886
173.03151 2.71660
173.28982 2.61886
173.29243 2.62061
173.24357 2.71833
173.50187 2.62061
173.50449 2.62236
173.45564 2.72006
173.71393 2.62236
173.71655 2.62410
173.66771 2.72178
173.92599 2.62410
173.92860 2.62585
173.87977 2.72351
174.13804 2.62585
174.14066 2.62760
174.09184 2.72524
174.35010 2.62760
174.35272 2.62934
174.30391 2.72696
174.56216 2.62934
174.56477 2.63109
174.51598 2.72869
174.77421 2.63109
174.77683 2.63283
174.72804 2.73041
174.98627 2.63283
174.98889 2.63458
174.94011 2.73214
175.19833 2.63458
175.20095 2.63632
175.15218 2.73386
175.41039 2.63632
175.41301 2.63807
175.36425 2.73559
175.62245 2.63807
175.62506 2.63981
175.57631 2.73731
175.83450 2.63981
175.83712 2.64155
175.78838 2.73904
176.04656 2.64155
176.04918 2.64330
176.00045 2.74076
176.25862 2.64330
176.26124 2.64504
176.21252 2.74248
176.47068 2.64504
176.47330 2.64678
176.42459 2.74421
176.68274 2.64678
176.68536 2.64852
176.63666 2.74593
176.89480 2.64852
176.89742 2.65027
176.84873 2.74765
177.10686 2.65027
177.10948 2.65201
177.06080 2.74937
177.31892 2.65201
177.32154 2.65375
177.27286 2.75109
177.53098 2.65375
177.53360 2.65549
177.48493 2.75282
177.74304 2.65549
177.74566 2.65723
177.69700 2.75454
177.95510 2.65723
177.95772 2.65897
177.90907 2.75626
178.16716 2.65897
178.16978 2.66071
178.12114 2.75798
178.37922 2.66071
178.38184 2.66244
178.33321 2.75970
178.59128 2.66244
178.59390 2.66418
178.54528 2.76142
178.80334 2.66418
178.80596 2.66592
178.75735 2.76314
179.01540 2.66592
179.01802 2.66766
178.96942 2.76486
179.22746 2.66766
179.23009 2.66940
179.18149 2.76658
179.43952 2.66940
179.44215 2.67113
179.39357 2.76830
179.65159 2.67113
179.65421 2.67287
179.60564 2.77001
179.86365 2.67287
179.86627 2.67461
179.81771 2.77173
180.07571 2.67461
180.07833 2.67634
180.02978 2.77345
180.28777 2.67634
180.29040 2.67808
180.24185 2.77517
180.49984 2.67808
180.50246 2.67981
180.45392 2.77689
180.71190 2.67981
180.71452 2.68155
180.66599 2.77860
180.92396 2.68155
180.92658 2.68328
180.87806 2.78032
181.13602 2.68328
181.13865 2.68501
181.09014 2.78204
181.34809 2.68501
181.35071 2.68675
181.30221 2.78375
181.56015 2.68675
181.56277 2.68848
181.51428 2.78547
181.77221 2.68848
181.77484 2.69021
181.72635 2.78719
181.98428 2.69021
181.98690 2.69195
181.93842 2.78890
182.19634 2.69195
182.19897 2.69368
182.15050 2.79062
182.40840 2.69368
182.41103 2.69541
182.36257 2.79233
182.62047 2.69541
182.62309 2.69714
182.57464 2.79405
182.83253 2.69714
182.83516 2.69887
182.78672 2.79576
183.04460 2.69887
183.04722 2.70061
182.99879 2.79748
183.25666 2.70061
183.25929 2.70234
183.21086 2.79919
183.46873 2.70234
183.47135 2.70407
183.42293 2.80090
183.68079 2.70407
183.68342 2.70580
183.63501 2.80262
183.89286 2.70580
183.89548 2.70753
183.84708 2.80433
184.10492 2.70753
184.10755 2.70926
184.05916 2.80604
184.31699 2.70926
184.31961 2.71098
184.27123 2.80776
184.52905 2.71098
184.53168 2.71271
184.48330 2.80947
184.74112 2.71271
184.74375 2.71444
184.69538 2.81118
184.95319 2.71444
184.95581 2.71617
184.90745 2.81289
185.16525 2.71617
185.16788 2.71790
185.11953 2.81460
185.37732 2.71790
185.37995 2.71962
185.33160 2.81632
185.58939 2.71962
185.59201 2.72135
185.54367 2.81803
185.80145 2.72135
185.80408 2.72308
185.75575 2.81974
186.01352 2.72308
186.01615 2.72480
185.96782 2.82145
186.22559 2.72480
186.22821 2.72653
186.17990 2.82316
186.43765 2.72653
186.44028 2.72826
186.39197 2.82487
186.64972 2.72826
186.65235 2.72998
186.60405 2.82658
186.86179 2.72998
186.86442 2.73171
186.81612 2.82829
187.07386 2.73171
187.07648 2.73343
187.02820 2.83000
187.28592 2.73343
187.28855 2.73516
187.24027 2.83171
187.49799 2.73516
187.50062 2.73688
187.45235 2.83342
187.71006 2.73688
187.71269 2.73860
187.66443 2.83513
187.92213 2.73860
187.92476 2.74033
187.87650 2.83684
188.13420 2.74033
188.13682 2.74205
188.08858 2.83855
188.34626 2.74205
188.34889 2.74377
188.30065 2.84025
188.55833 2.74377
188.56096 2.74550
188.51273 2.84196
188.77040 2.74550
188.77303 2.74722
188.72481 2.84367
188.98247 2.74722
188.98510 2.74894
188.93688 2.84538
189.19454 2.74894
189.19717 2.75066
189.14896 2.84709
189.40661 2.75066
189.40924 2.75239
189.36104 2.84879
189.61868 2.75239
189.62131 2.75411
189.57311 2.85050
189.83075 2.75411
189.83338 2.75583
189.78519 2.85221
190.04282 2.75583
190.04545 2.75755
189.99727 2.85391
190.25489 2.75755
190.25752 2.75927
190.20934 2.85562
190.46696 2.75927
190.46959 2.76099
190.42142 2.85733
190.67903 2.76099
190.68166 2.76271
190.63350 2.85903
190.89110 2.76271
190.89373 2.76443
190.84557 2.86074
191.10317 2.76443
191.10580 2.76615
191.05765 2.86244
191.31524 2.76615
191.31787 2.76787
191.26973 2.86415
191.52731 2.76787
191.52994 2.76958
191.48181 2.86585
191.73938 2.76958
191.74201 2.77130
191.69388 2.86756
191.95145 2.77130
191.95408 2.77302
191.90596 2.86926
192.16352 2.77302
192.16615 2.77474
192.11804 2.87097
192.37559 2.77474
192.37823 2.77646
192.33012 2.87267
192.58766 2.77646
192.59030 2.77817
192.54220 2.87438
192.79974 2.77817
192.80237 2.77989
192.75427 2.87608
193.01181 2.77989
193.01444 2.78161
192.96635 2.87778
193.22388 2.78161
193.22651 2.78332
193.17843 2.87949
193.43595 2.78332
193.43858 2.78504
193.39051 2.88119
193.64802 2.78504
193.65066 2.78676
193.60259 2.88289
193.86010 2.78676
193.86273 2.78847
193.81467 2.88460
194.07217 2.78847
194.07480 2.79019
194.02674 2.88630
194.28424 2.79019
194.28687 2.79190
194.23882 2.88800
194.49631 2.79190
194.49895 2.79362
194.45090 2.88971
194.70839 2.79362
194.71102 2.79533
194.66298 2.89141
194.92046 2.79533
194.92309 2.79705
194.87506 2.89311
195.13253 2.79705
195.13517 2.79876
195.08714 2.89481
195.34460 2.79876
195.34724 2.80047
195.29922 2.89651
195.55668 2.80047
195.55931 2.80219
195.51130 2.89821
195.76875 2.80219
195.77139 2.80390
195.72338 2.89992
195.98083 2.80390
195.98346 2.80561
195.93546 2.90162
196.19290 2.80561
196.19553 2.80733
196.14754 2.90332
196.40497 2.80733
196.40761 2.80904
196.35962 2.90502
196.61705 2.80904
196.61968 2.81075
196.57170 2.90672
196.82912 2.81075
196.83175 2.81246
196.78378 2.90842
197.04119 2.81246
197.04383 2.81418
196.99586 2.91012
197.25327 2.81418
197.25590 2.81589
197.20794 2.91182
197.46534 2.81589
197.46798 2.81760
197.42002 2.91352
197.67742 2.81760
197.68005 2.81931
197.63210 2.91522
197.88949 2.81931
197.89213 2.82102
197.84418 2.91692
198.10157 2.82102
198.10420 2.82273
198.05626 2.91862
198.31364 2.82273
198.31628 2.82444
198.26834 2.92032
198.52572 2.82444
198.52835 2.82615
198.48042 2.92202
198.73779 2.82615
198.74043 2.82786
198.69250 2.92372
198.94987 2.82786
198.95250 2.82957
198.90458 2.92542
199.16194 2.82957
199.16458 2.83128
199.11666 2.92712
199.37402 2.83128
199.37665 2.83299
199.32874 2.92881
199.58609 2.83299
199.58873 2.83470
199.54082 2.93051
199.79817 2.83470
199.80080 2.83641
199.75290 2.93221
200.01024 2.83641
200.01288 2.83812
199.96499 2.93391
200.22232 2.83812
200.22496 2.83983
200.17707 2.93561
200.43440 2.83983
200.43703 2.84153
200.38915 2.93730
200.64647 2.84153
200.64911 2.84324
200.60123 2.93900
200.85855 2.84324
200.86118 2.84495
200.81331 2.94070
201.07062 2.84495
201.07326 2.84666
201.02539 2.94240
201.28270 2.84666
201.28534 2.84837
201.23747 2.94409
201.49478 2.84837
201.49741 2.85007
201.44956 2.94579
201.70685 2.85007
201.70949 2.85178
201.66164 2.94749
201.91893 2.85178
201.92157 2.85349
201.87372 2.94918
202.13101 2.85349
202.13365 2.85519
202.08580 2.95088
202.34308 2.85519
202.34572 2.85690
202.29788 2.95258
202.55516 2.85690
202.55780 2.85860
202.50996 2.95427
202.76724 2.85860
202.76988 2.86031
202.72205 2.95597
202.97932 2.86031
202.98195 2.86202
202.93413 2.95767
203.19139 2.86202
203.19403 2.86372
203.14621 2.95936
203.40347 2.86372
203.40611 2.86543
203.35829 2.96106
203.61555 2.86543
203.61819 2.86713
203.57038 2.96275
203.82763 2.86713
203.83026 2.86884
203.78246 2.96445
204.03970 2.86884
204.04234 2.87054
203.99454 2.96615
204.25178 2.87054
204.25442 2.87225
204.20662 2.96784
204.46386 2.87225
204.46650 2.87395
204.41871 2.96954
204.67594 2.87395
204.67858 2.87565
204.63079 2.97123
204.88802 2.87565
204.89065 2.87736
204.84287 2.97293
205.10009 2.87736
205.10273 2.87906
205.05495 2.97462
205.31217 2.87906
205.31481 2.88077
205.26704 2.97632
205.52425 2.88077
205.52689 2.88247
205.47912 2.97801
205.73633 2.88247
205.73897 2.88417
205.69120 2.97970
205.94841 2.88417
205.95105 2.88587
205.90328 2.98140
206.16049 2.88587
206.16313 2.88758
206.11537 2.98309
206.37257 2.88758
206.37520 2.88928
206.32745 2.98479
206.58464 2.88928
206.58728 2.89098
206.53953 2.98648
206.79672 2.89098
206.79936 2.89268
206.75162 2.98818
207.00880 2.89268
207.01144 2.89439
206.96370 2.98987
207.22088 2.89439
207.22352 2.89609
207.17578 2.99156
207.43296 2.89609
207.43560 2.89779
207.38787 2.99326
207.64504 2.89779
207.64768 2.89949
207.59995 2.99495
207.85712 2.89949
207.85976 2.90119
207.81203 2.99664
208.06920 2.90119
208.07184 2.90289
208.02412 2.99834
208.28128 2.90289
208.28392 2.90459
208.23620 3.00003
208.49336 2.90459
208.49600 2.90629
208.44828 3.00172
208.70544 2.90629
208.70808 2.90800
208.66037 3.00342
208.91752 2.90800
208.92016 2.90970
208.87245 3.00511
209.12960 2.90970
209.13224 2.91140
209.08454 3.00680
209.34168 2.91140
209.34432 2.91310
209.29662 3.00849
209.55376 2.91310
209.55640 2.91480
209.50870 3.01019
209.76584 2.91480
209.76848 2.91650
209.72079 3.01188
209.97792 2.91650
209.98056 2.91820
209.93287 3.01357
210.19000 2.91820
210.19264 2.91989
210.14496 3.01526
210.40208 2.91989
210.40472 2.92159
210.35704 3.01696
210.61416 2.92159
210.61680 2.92329
210.56912 3.01865
210.82624 2.92329
210.82888 2.92499
210.78121 3.02034
211.03832 2.92499
211.04096 2.92669
210.99329 3.02203
211.25040 2.92669
211.25304 2.92839
211.20538 3.02372
211.46248 2.92839
211.46512 2.93009
211.41746 3.02542
211.67456 2.93009
211.67721 2.93179
211.62954 3.02711
211.88665 2.93179
211.88929 2.93348
211.84163 3.02880
212.09873 2.93348
212.10137 2.93518
212.05371 3.03049
212.31081 2.93518
212.31345 2.93688
212.26580 3.03218
212.52289 2.93688
212.52553 2.93858
212.47788 3.03387
212.73497 2.93858
212.73761 2.94028
212.68997 3.03557
212.94705 2.94028
212.94969 2.94197
212.90205 3.03726
213.15913 2.94197
213.16178 2.94367
213.11414 3.03895
213.37121 2.94367
213.37386 2.94537
213.32622 3.04064
213.58330 2.94537
213.58594 2.94706
213.53831 3.04233
213.79538 2.94706
213.79802 2.94876
213.75039 3.04402
214.00746 2.94876
214.01010 2.95046
213.96248 3.04571
214.21954 2.95046
214.22218 2.95215
214.17456 3.04740
214.43162 2.95215
214.43427 2.95385
214.38664 3.04909
214.64371 2.95385
214.64635 2.95555
214.59873 3.05078
214.85579 2.95555
214.85843 2.95724
214.81081 3.05247
215.06787 2.95724
215.07051 2.95894
215.02290 3.05416
215.27995 2.95894
215.28259 2.96063
215.23498 3.05586
215.49203 2.96063
215.49468 2.96233
215.44707 3.05755
215.70412 2.96233
215.70676 2.96403
215.65915 3.05924
215.91620 2.96403
215.91884 2.96572
215.87124 3.06093
216.12828 2.96572
216.13092 2.96742
216.08332 3.06262
216.34036 2.96742
216.34301 2.96911
216.29541 3.06431
216.55245 2.96911
216.55509 2.97081
216.50749 3.06600
216.76453 2.97081
216.76717 2.97250
216.71958 3.06769
216.97661 2.97250
216.97925 2.97420
216.93166 3.06938
217.18869 2.97420
217.19134 2.97589
217.14375 3.07107
217.40078 2.97589
217.40342 2.97759
217.35584 3.07276
217.61286 2.97759
217.61550 2.97928
217.56792 3.07445
217.82494 2.97928
217.82759 2.98098
217.78001 3.07614
218.03703 2.98098
218.03967 2.98267
217.99209 3.07783
218.24911 2.98267
218.25175 2.98436
218.20418 3.07952
218.46119 2.98436
218.46384 2.98606
218.41626 3.08121
218.67327 2.98606
218.67592 2.98775
218.62835 3.08290
218.88536 2.98775
218.88800 2.98945
218.84043 3.08458
219.09744 2.98945
219.10008 2.99114
219.05252 3.08627
219.30952 2.99114
219.31217 2.99283
219.26460 3.08796
219.52161 2.99283
219.52425 2.99453
219.47669 3.08965
219.73369 2.99453
219.73634 2.99622
219.68877 3.09134
219.94577 2.99622
219.94842 2.99791
219.90086 3.09303
220.15786 2.99791
220.16050 2.99961
220.11294 3.09472
220.36994 2.99961
220.37259 3.00130
220.32503 3.09641
220.58203 3.00130
220.58467 3.00299
220.53712 3.09810
220.79411 3.00299
220.79675 3.00469
220.74920 3.09979
221.00619 3.00469
221.00884 3.00638
220.96129 3.10148
221.21828 3.00638
221.22092 3.00807
221.17337 3.10317
221.43036 3.00807
221.43300 3.00976
221.38546 3.10486
221.64244 3.00976
221.64509 3.01146
221.59754 3.10655
221.85453 3.01146
221.85717 3.01315
221.80963 3.10824
222.06661 3.01315
222.06926 3.01484
222.02171 3.10992
222.27870 3.01484
222.28134 3.01653
222.23380 3.11161
222.49078 3.01653
222.49342 3.01823
222.44589 3.11330
222.70286 3.01823
222.70551 3.01992
222.65797 3.11499
222.91495 3.01992
222.91759 3.02161
222.87006 3.11668
223.12703 3.02161
223.12968 3.02330
223.08214 3.11837
223.33912 3.02330
223.34176 3.02499
223.29423 3.12006
223.55120 3.02499
223.55385 3.02669
223.50631 3.12175
223.76329 3.02669
223.76593 3.02838
223.71840 3.12344
223.97537 3.02838
223.97801 3.03007
223.93049 3.12513
224.18745 3.03007
224.19010 3.03176
224.14257 3.12681
224.39954 3.03176
224.40218 3.03345
224.35466 3.12850
224.61162 3.03345
224.61427 3.03514
224.56674 3.13019
224.82371 3.03514
224.82635 3.03683
224.77883 3.13188
225.03579 3.03683
225.03844 3.03852
224.99091 3.13357
225.24788 3.03852
225.25052 3.04022
225.20300 3.13526
225.45996 3.04022
225.46261 3.04191
225.41509 3.13695
225.67205 3.04191
225.67469 3.04360
225.62717 3.13864
225.88413 3.04360
225.88678 3.04529
225.83862 3.14159
226.09622 3.04529
226.09886 3.04698
226.05155 3.14159
226.30830 3.04698
226.31095 3.04867
226.26448 3.14159
226.52038 3.04867
226.52303 3.05036
226.47741 3.14159
226.73247 3.05036
226.73512 3.05205
226.69034 3.14159
226.94455 3.05205
226.94720 3.05374
226.90327 3.14159
227.15664 3.05374
227.15928 3.05543
227.11620 3.14159
227.36872 3.05543
227.37137 3.05712
227.32914 3.14159
227.58081 3.05712
227.58345 3.05881
227.54207 3.14159
227.79289 3.05881
227.79554 3.06050
227.75500 3.14159
228.00498 3.06050
228.00762 3.06219
227.96793 3.14159
228.21706 3.06219
228.21971 3.06388
228.18086 3.14159
228.42915 3.06388
228.43180 3.06557
228.39379 3.14159
228.64123 3.06557
228.64388 3.06726
228.60672 3.14159
228.85332 3.06726
228.85597 3.06895
228.81965 3.14159
229.06540 3.06895
229.06805 3.07064
229.03258 3.14159
229.27749 3.07064
229.28014 3.07233
229.24551 3.14159
229.48958 3.07233
229.49222 3.07402
229.45844 3.14159
229.70166 3.07402
229.70431 3.07571
229.67137 3.14159
229.91375 3.07571
229.91639 3.07740
229.88430 3.14159
230.12583 3.07740
230.12848 3.07909
230.09723 3.14159
230.33792 3.07909
230.34056 3.08078
230.31016 3.14159
230.55000 3.08078
230.55265 3.08247
230.52309 3.14159
230.76209 3.08247
230.76473 3.08416
230.73602 3.14159
230.97417 3.08416
230.97682 3.08585
230.94895 3.14159
231.18626 3.08585
231.18890 3.08754
231.16188 3.14159
231.39834 3.08754
231.40099 3.08923
231.37481 3.14159
231.61043 3.08923
231.61307 3.09092
231.58774 3.14159
231.82251 3.09092
231.82516 3.09261
231.80067 3.14159
232.03460 3.09261
232.03725 3.09430
232.01360 3.14159
232.24668 3.09430
232.24933 3.09599
232.22653 3.14159
232.45877 3.09599
232.46142 3.09768
232.43946 3.14159
232.67086 3.09768
232.67350 3.09937
232.65239 3.14159
232.88294 3.09937
232.88559 3.10106
232.86532 3.14159
233.09503 3.10106
233.09767 3.10275
233.07825 3.14159
233.30711 3.10275
233.30976 3.10443
233.29118 3.14159
233.51920 3.10443
233.52184 3.10612
233.50411 3.14159
233.73128 3.10612
233.73393 3.10781
233.71704 3.14159
233.94337 3.10781
233.94602 3.10950
233.92997 3.14159
234.15545 3.10950
234.15810 3.11119
234.14290 3.14159
234.36754 3.11119
234.37019 3.11288
234.35583 3.14159
234.57963 3.11288
234.58227 3.11457
234.56876 3.14159
234.79171 3.11457
234.79436 3.11626
234.78169 3.14159
235.00380 3.11626
235.00644 3.11795
234.99462 3.14159
235.21588 3.11795
235.21853 3.11964
235.20755 3.14159
235.42797 3.11964
235.43061 3.12133
235.42048 3.14159
235.64005 3.12133
235.64270 3.12301
235.63341 3.14159
235.85214 3.12301
235.85479 3.12470
235.84634 3.14159
236.06423 3.12470
236.06687 3.12639
236.05927 3.14159
236.27631 3.12639
236.27896 3.12808
236.27220 3.14159
236.48840 3.12808
236.49104 3.12977
236.48513 3.14159
236.70048 3.12977
236.70313 3.13146
236.69806 3.14159
236.91257 3.13146
236.91521 3.13315
236.91099 3.14159
237.12465 3.13315
237.12730 3.13484
237.12392 3.14159
237.33674 3.13484
237.33939 3.13653
237.33685 3.14159
237.54883 3.13653
237.55147 3.13821
237.54978 3.14159
237.76091 3.13821
237.75922 3.14159