# sss file
-1.57080 3.14159
-1.57080 3.14159
6.00562 0.63512
4.76189 3.12259
4.46488 3.14159
4.85960 3.10351
12.31393 0.66487
11.08503 3.12269
10.88325 3.14159
11.31194 3.06054
18.62286 0.69340
17.40826 3.12259
17.01588 3.14159
17.41675 3.10659
24.93232 0.72083
23.73140 3.12269
23.00397 3.14159
23.62550 3.12563
31.24227 0.74731
30.05463 3.12259
28.85892 3.14159
29.88257 3.13228
37.55265 0.77292
36.37777 3.12269
36.00718 3.14159
36.44235 3.06425
43.86343 0.79774
42.70100 3.12259
42.19395 3.14159
42.58604 3.09904
50.17455 0.82186
49.02414 3.12269
48.51997 3.14159
48.91903 3.08743
56.48601 0.84533
55.34737 3.12259
54.77048 3.14159
55.16636 3.09653
62.79776 0.86819
61.67051 3.12269
60.96745 3.14159
61.39747 3.10930
69.10978 0.89051
67.99374 3.12259
67.22806 3.14159
67.66939 3.11226
75.42206 0.91232
74.31688 3.12269
73.53059 3.14159
73.96037 3.11074
81.73458 0.93366
80.64011 3.12259
79.51686 3.14159
80.18007 3.12563
88.04732 0.95455
86.96325 3.12269
85.62697 3.14159
86.44641 3.12962
94.36027 0.97503
93.28648 3.12259
91.94929 3.14159
92.73603 3.12829
100.67341 0.99512
99.60962 3.12269
97.76756 3.14159
98.99595 3.13361
106.98673 1.01484
105.93285 3.12259
103.83821 3.14159
105.27347 3.13494
113.30022 1.03423
112.25599 3.12270
110.05090 3.14159
111.55695 3.13494
119.61388 1.05328
118.57922 3.12259
116.28371 3.14159
117.84044 3.13494
125.92769 1.07203
124.90236 3.12270
122.60047 3.14159
124.12394 3.13494
132.24165 1.09049
131.22560 3.12259
129.11492 3.14159
130.41370 3.13361
138.55574 1.10867
137.54873 3.12270
135.48767 3.14159
136.69726 3.13361
144.86997 1.12659
143.87197 3.12259
141.86785 3.14159
142.98083 3.13361
151.18432 1.14426
150.19510 3.12270
148.34346 3.14159
149.27732 3.13095
157.49879 1.16169
156.51834 3.12259
154.49631 3.14159
155.55450 3.13228
163.81337 1.17889
162.84147 3.12270
160.80161 3.14159
161.83815 3.13228
170.12807 1.19587
169.16471 3.12259
167.11674 3.14159
168.12180 3.13228
176.44287 1.21264
175.48784 3.12270
173.46031 3.14159
174.41218 3.13095
182.75777 1.22921
181.81108 3.12259
178.35677 3.14159
174.37877 3.13760
182.78958 1.24559
181.85102 3.12270
178.04952 3.14159
174.37897 3.13760
182.82148 1.26179
181.89108 3.12259
178.07169 3.14159
174.37918 3.13760
182.85347 1.27781
181.93102 3.12270
178.03441 3.14159
174.37940 3.13760
182.88555 1.29365
181.97108 3.12259
178.14216 3.14159
174.37961 3.13760
182.91771 1.30934
182.01102 3.12271
178.20553 3.14159
174.37983 3.13760
182.94994 1.32486
182.05108 3.12259
178.26006 3.14159
174.38005 3.13760
182.98226 1.34023
182.09102 3.12271
178.29609 3.14159
174.38027 3.13760
183.01465 1.35545
182.13108 3.12259
178.34270 3.14159
174.38049 3.13760
183.04711 1.37053
182.17102 3.12271
178.35014 3.14159
174.38072 3.13760
183.07964 1.38548
182.21108 3.12259
178.41029 3.14159
174.38095 3.13760
183.11223 1.40029
182.25102 3.12271
184.82445 3.14159
180.66437 3.13760
189.42808 1.41497
188.57426 3.12259
191.33506 3.14159
186.94779 3.13760
195.74398 1.42952
194.89739 3.12271
197.56401 3.14159
193.23122 3.13760
202.05995 1.44396
201.22063 3.12259
203.35530 3.14159
199.51465 3.13760
208.37598 1.45827
207.54376 3.12271
209.61964 3.14159
205.79808 3.13760
214.69206 1.47248
213.86700 3.12259
215.56197 3.14159
212.08151 3.13760
221.00820 1.48657
220.19013 3.12271
221.87591 3.14159
218.36495 3.13760
227.32439 1.50055
226.51337 3.12259
228.12487 3.14159
224.64839 3.13760
233.64064 1.51444
232.83650 3.12272
234.40679 3.14159
230.93183 3.13760
239.95693 1.52822
239.15975 3.12259
240.72918 3.14159
237.21528 3.13760
246.27328 1.54190
245.48287 3.12272
247.03291 3.14159
243.49873 3.13760
252.58967 1.55548
251.80612 3.12259
253.30104 3.14159
249.78219 3.13760
258.90611 1.56898
258.12924 3.12272
259.61362 3.14159
256.06564 3.13760
265.22259 1.58238
264.45249 3.12259
265.92647 3.14159
262.34910 3.13760
271.53912 1.59569
270.77561 3.12272
272.24586 3.14159
268.63257 3.13760
277.85569 1.60892
277.09886 3.12259
278.58066 3.14159
274.91604 3.13760
284.17231 1.62207
283.42198 3.12272
284.85371 3.14159
281.19951 3.13760
290.48896 1.63513
289.74523 3.12259
291.11576 3.14159
287.48299 3.13760
296.80565 1.64811
296.06835 3.12272
297.29143 3.14159
293.76647 3.13760
303.12239 1.66102
302.39160 3.12259
303.57748 3.14159
300.04996 3.13760
309.43916 1.67385
308.71472 3.12273
309.85516 3.14159
306.33345 3.13760
315.75596 1.68661
315.03797 3.12259
316.14909 3.14159
312.61694 3.13760
322.07281 1.69929
321.36109 3.12273
322.42505 3.14159
318.90044 3.13760
328.38968 1.71190
327.68434 3.12259
328.71728 3.14159
325.18395 3.13760
334.70660 1.72445
334.00746 3.12273
334.98454 3.14159
331.46745 3.13760
341.02354 1.73693
340.33071 3.12259
341.26947 3.14159
337.75097 3.13760
347.34052 1.74934
346.65383 3.12273
347.56971 3.14159
344.03448 3.13760
353.65753 1.76169
352.97708 3.12259
353.85657 3.14159
350.31801 3.13760
359.97457 1.77398
359.30020 3.12273
360.14457 3.14159
356.60153 3.13760
366.29165 1.78620
365.62345 3.12259
366.71967 3.14159
362.88507 3.13760
372.60875 1.79837
371.94656 3.12274
373.02307 3.14159
369.16861 3.13760
378.92588 1.81047
378.26982 3.12259
379.27870 3.14159
375.45215 3.13760
385.24304 1.82252
384.59293 3.12274
385.59898 3.14159
381.73570 3.13760
391.56023 1.83451
390.91619 3.12259
391.86766 3.14159
388.01926 3.13760
397.87745 1.84645
397.23930 3.12274
398.16896 3.14159
394.30282 3.13760
404.19469 1.85834
403.56256 3.12259
404.46517 3.14159
400.58638 3.13760
410.51196 1.87017
409.88567 3.12274
410.74866 3.14159
406.86996 3.13760
416.82925 1.88195
416.20893 3.12259
417.04943 3.14159
413.15354 3.13760
423.14657 1.89368
422.53204 3.12275
423.37998 3.14159
419.43726 3.13760
429.50392 1.90536
428.89530 3.12259
429.66562 3.14159
425.72086 3.13760
435.82129 1.91700
435.21841 3.12275
435.93351 3.14159
432.00446 3.13760
442.13868 1.92858
441.54168 3.12259
442.23245 3.14159
438.28806 3.13760
448.45610 1.94012
447.86478 3.12275
448.55377 3.14159
444.57168 3.13760
454.77354 1.95161
454.18805 3.12259
454.79039 3.14159
450.85530 3.13760
461.09100 1.96306
460.51115 3.12275
461.05489 3.14159
457.13893 3.13760
467.40848 1.97447
466.83442 3.12259
467.33441 3.14159
463.42257 3.13760
473.72598 1.98583
473.15752 3.12276
473.71583 3.14159
469.70621 3.13760
480.04351 1.99715
479.48079 3.12259
480.31490 3.14159
475.98987 3.13760
486.36105 2.00843
485.80389 3.12276
486.58505 3.14159
482.27353 3.13760
492.67862 2.01967
492.12716 3.12259
492.89719 3.14159
488.55720 3.13760
498.99620 2.03087
498.45026 3.12276
499.23106 3.14159
494.84088 3.13760
505.31381 2.04203
504.77353 3.12259
505.49746 3.14159
501.12457 3.13760
511.63143 2.05315
511.09663 3.12277
511.71440 3.14159
507.40827 3.13760
517.94907 2.06424
517.41990 3.12259
518.06426 3.14159
513.69197 3.13760
524.26674 2.07529
523.74300 3.12277
524.21028 3.14159
519.97569 3.13760
530.58441 2.08630
530.06627 3.12259
530.49675 3.14159
526.25942 3.13760
536.90211 2.09728
536.38937 3.12277
536.82585 3.14159
532.54315 3.13760
543.21982 2.10822
542.71264 3.12259
543.11741 3.14159
538.82690 3.13760
549.53755 2.11913
549.03573 3.12278
549.39648 3.14159
545.11066 3.13760
555.85530 2.13001
555.35901 3.12259
555.67716 3.14159
551.39443 3.13760
562.17307 2.14085
561.68210 3.12278
561.96721 3.14159
557.67822 3.13760
568.49085 2.15166
568.00538 3.12259
568.21991 3.14159
563.96201 3.13760
574.80864 2.16244
574.32847 3.12278
574.43728 3.14159
570.24582 3.13760
581.12645 2.17319
580.65175 3.12259
580.70714 3.14159
576.52964 3.13760
587.44428 2.18391
586.96097 3.14159
582.81347 3.13760
593.76212 2.19460
593.29812 3.12259
593.25154 3.14159
589.09732 3.13760
600.07997 2.20526
599.62121 3.12279
599.57919 3.14159
595.38118 3.13760
606.39784 2.21589
605.94449 3.12259
605.82383 3.14159
601.66505 3.13760
612.71573 2.22650
612.26758 3.12279
612.08610 3.14159
607.94894 3.13760
619.03362 2.23707
618.59086 3.12259
618.37942 3.14159
614.23285 3.13760
625.35154 2.24762
624.91395 3.12280
624.62023 3.14159
620.51677 3.13760
631.66946 2.25814
631.23723 3.12259
630.91053 3.14159
626.80071 3.13760
637.98740 2.26864
637.56031 3.12280
637.18669 3.14159
633.08467 3.13760
644.30535 2.27911
643.88361 3.12259
643.48414 3.14159
639.36864 3.13760
650.62331 2.28955
650.20668 3.12281
649.80541 3.14159
645.65263 3.13760
656.94129 2.29997
656.52998 3.12259
656.06387 3.14159
651.93664 3.13760
663.25927 2.31037
662.85305 3.12281
662.29996 3.14159
658.22067 3.13760
669.57727 2.32074
669.17635 3.12259
668.30033 3.14159
664.50472 3.13760
675.89528 2.33109
675.49942 3.12282
674.61273 3.14159
670.78879 3.13760
682.21331 2.34142
681.82272 3.12259
680.91610 3.14159
677.07289 3.13760
688.53134 2.35172
688.14579 3.12282
687.20937 3.14159
683.35700 3.13760
694.84938 2.36200
694.46909 3.12259
693.48344 3.14159
689.64114 3.13760
701.16744 2.37226
700.79215 3.12283
699.77022 3.14159
695.92531 3.13760
707.48551 2.38250
707.11546 3.12259
706.05473 3.14159
702.20950 3.13760
713.80358 2.39272
713.43852 3.12284
712.32645 3.14159
708.49371 3.13760
720.12167 2.40291
719.76183 3.12259
718.61099 3.14159
714.77796 3.13760
726.43977 2.41309
726.08489 3.12284
724.86321 3.14159
721.06223 3.13760
732.75787 2.42325
732.40820 3.12259
731.15048 3.14159
727.34653 3.13760
739.07599 2.43338
738.73126 3.12285
737.42281 3.14159
733.63086 3.13760
745.39411 2.44350
745.05457 3.12259
743.71185 3.14159
739.91523 3.13760
751.71225 2.45360
751.37762 3.12286
749.97870 3.14159
746.19963 3.13760
758.03039 2.46369
757.70094 3.12259
756.27689 3.14159
752.48406 3.13760
764.34855 2.47375
764.02399 3.12286
762.56695 3.14159
758.76853 3.13760
770.66671 2.48380
770.34731 3.12259
768.85355 3.14159
765.05304 3.13760
776.98488 2.49383
776.67036 3.12287
775.14032 3.14159
771.33759 3.13760
783.30306 2.50384
782.99368 3.12259
781.42621 3.14159
777.62219 3.13760
789.62125 2.51384
789.31672 3.12288
787.71945 3.14159
783.90682 3.13760
795.93944 2.52382
795.64005 3.12259
793.98607 3.14159
790.19150 3.13760
802.25764 2.53378
801.96309 3.12289
800.26718 3.14159
796.47623 3.13760
808.57586 2.54373
808.28642 3.12259
806.55246 3.14159
802.76101 3.13760
814.89407 2.55366
814.60946 3.12290
812.83042 3.14159
809.04585 3.13760
821.21230 2.56358
820.93279 3.12259
819.11535 3.14159
815.33074 3.13760
827.53053 2.57348
827.25582 3.12291
825.39044 3.14159
821.61568 3.13760
833.84877 2.58337
833.57916 3.12259
831.67752 3.14159
827.90069 3.13760
840.16702 2.59325
839.90219 3.12292
837.95861 3.14159
834.18577 3.13760
846.48528 2.60311
846.22553 3.12259
844.24814 3.14159
840.47091 3.13760
852.80354 2.61296
852.54855 3.12293
850.52623 3.14159
846.75613 3.13760
859.12180 2.62279
858.87191 3.12259
856.81309 3.14159
853.04142 3.13760
865.44008 2.63262
865.19491 3.12294
863.10071 3.14159
859.32680 3.13760
871.75836 2.64243
871.51828 3.12259
869.37437 3.14159
865.61226 3.13760
878.07665 2.65222
877.84128 3.12296
875.65034 3.14159
871.89781 3.13760
884.39494 2.66201
884.16465 3.12259
881.89250 3.14159
878.18345 3.13760
890.71324 2.67178
890.48764 3.12297
888.17003 3.14159
884.46920 3.13760
897.03154 2.68155
896.81102 3.12259
894.45166 3.14159
890.75506 3.13760
903.34985 2.69130
903.13400 3.12299
900.73517 3.14159
897.04104 3.13760
909.66816 2.70104
909.45739 3.12259
907.02438 3.14159
903.32714 3.13760
915.98649 2.71077
915.78037 3.12301
913.29422 3.14159
909.61337 3.13760
922.30481 2.72049
922.10376 3.12259
919.56297 3.14159
915.89975 3.13760
928.62314 2.73020
928.42673 3.12302
925.83722 3.14159
922.10694 3.12259
923.35068 0.63512
923.35068 0.63512
923.35068 0.63512