# sss file
-1.57080 3.14159
-1.57080 3.14159
-1.51139 3.02277
-1.85188 3.03682
-2.23213 3.03682
-2.55858 3.02277
-2.60810 3.12180
-3.83633 3.14159
-1.56090 3.12180
-1.51139 3.02277
-1.45177 2.90353
-1.70611 2.92710
-1.99137 2.93555
-1.82564 2.98434
-1.63831 3.01172
-1.51139 3.02277
-1.56090 3.12180
-3.62243 3.14159
-2.60810 3.12180
-2.55858 3.02277
-2.30401 2.99875
-2.05229 2.95251
-1.99137 2.93555
-2.26818 2.92710
-2.49896 2.90353
-2.55858 3.02277
-2.60810 3.12180
-3.33409 3.14159
-1.56090 3.12180
-1.45177 2.90353
-1.39172 2.78343
-1.62129 2.81615
-1.74652 2.82610
-1.62445 2.86866
-1.45177 2.90353
-1.39172 2.78343
-1.33100 2.66201
-1.50476 2.69716
-1.59761 2.71009
-1.47177 2.76171
-1.39172 2.78343
-1.45177 2.90353
-1.62445 2.86866
-1.74652 2.82610
-1.59761 2.71009
-1.79033 2.72533
-1.88724 2.72727
-1.80603 2.79478
-1.74652 2.82610
-1.62445 2.86866
-1.45177 2.90353
-1.56090 3.12180
-3.74070 3.14159
-2.60810 3.12180
-2.49896 2.90353
-2.29140 2.86866
-2.12678 2.82610
-2.34654 2.80176
-2.43891 2.78343
-2.49896 2.90353
-2.29140 2.86866
-2.12678 2.82610
-1.95689 2.76171
-1.88724 2.72727
-2.07350 2.71956
-2.15968 2.71009
-2.12678 2.82610
-2.29140 2.86866
-2.49896 2.90353
-2.43891 2.78343
-2.24425 2.73711
-2.15968 2.71009
-2.31255 2.68104
-2.37820 2.66201
-2.43891 2.78343
-2.49896 2.90353
-2.60810 3.12180
-3.88180 3.14159
-1.56047 3.12094
-1.33100 2.66201
-1.26938 2.53876
-1.44788 2.58340
-1.48536 2.59046
-1.36109 2.65150
-1.33100 2.66201
-1.26938 2.53876
-1.20654 2.41309
-1.35851 2.45994
-1.39005 2.46774
-1.29245 2.52813
-1.26938 2.53876
-1.33100 2.66201
-1.46382 2.60370
-1.48536 2.59046
-1.39005 2.46774
-1.55181 2.49814
-1.58467 2.50240
-1.50536 2.57678
-1.48536 2.59046
-1.36109 2.65150
-1.33100 2.66201
-1.20654 2.41309
-1.14217 2.28433
-1.30333 2.34175
-1.20654 2.41309
-1.14217 2.28433
-1.07583 2.15166
-1.22093 2.21193
-1.14217 2.28433
-1.20654 2.41309
-1.30333 2.34175
-1.22093 2.21193
-1.37091 2.25668
-1.30333 2.34175
-1.20654 2.41309
-1.33100 2.66201
-1.46382 2.60370
-1.55682 2.53325
-1.58467 2.50240
-1.47196 2.38186
-1.64259 2.40256
-1.58467 2.50240
-1.47196 2.38186
-1.37091 2.25668
-1.52242 2.28433
-1.47196 2.38186
-1.58467 2.50240
-1.64259 2.40256
-1.52242 2.28433
-1.67045 2.29370
-1.64259 2.40256
-1.58467 2.50240
-1.50536 2.57678
-1.38936 2.64039
-1.33100 2.66201
-1.56047 3.12094
-3.37744 3.14159
-2.60767 3.12094
-2.37820 2.66201
-2.18708 2.60370
-2.15230 2.59046
-2.29227 2.54885
-2.31658 2.53876
-2.37820 2.66201
-2.18708 2.60370
-2.15230 2.59046
-1.99384 2.51800
-1.96492 2.50240
-2.10029 2.47500
-2.12489 2.46774
-2.15230 2.59046
-2.33762 2.65150
-2.37820 2.66201
-2.31658 2.53876
-2.15510 2.48072
-2.12489 2.46774
-2.23453 2.42345
-2.25374 2.41309
-2.31658 2.53876
-2.37820 2.66201
-2.18708 2.60370
-2.02362 2.53325
-1.96492 2.50240
-1.80717 2.40256
-1.95709 2.38186
-1.96492 2.50240
-1.80717 2.40256
-1.67045 2.29370
-1.80911 2.28433
-1.80717 2.40256
-1.96492 2.50240
-1.95709 2.38186
-1.80911 2.28433
-1.93298 2.25668
-1.95709 2.38186
-1.96492 2.50240
-2.11861 2.57678
-2.29822 2.64039
-2.37820 2.66201
-2.25374 2.41309
-2.08562 2.34175
-2.18936 2.28433
-2.25374 2.41309
-2.08562 2.34175
-1.93298 2.25668
-2.03820 2.21193
-2.08562 2.34175
-2.25374 2.41309
-2.18936 2.28433
-2.03820 2.21193
-2.12303 2.15166
-2.18936 2.28433
-2.25374 2.41309
-2.37820 2.66201
-2.60767 3.12094
-1.08501 3.14159
-1.56024 3.12048
-1.07583 2.15166
-1.00703 2.01406
-1.14028 2.07749
-1.07583 2.15166
-1.00703 2.01406
-0.93509 1.87017
-1.05957 1.93733
-1.00703 2.01406
-1.07583 2.15166
-1.14028 2.07749
-1.05957 1.93733
-1.18551 1.99077
-1.14028 2.07749
-1.07583 2.15166
-0.93509 1.87017
-0.85909 1.71818
-0.97725 1.78991
-0.93509 1.87017
-0.85909 1.71818
-0.77774 1.55548
-0.89171 1.63308
-0.85909 1.71818
-0.93509 1.87017
-0.97725 1.78991
-0.89171 1.63308
-1.00459 1.69683
-0.97725 1.78991
-0.93509 1.87017
-1.07583 2.15166
-1.14911 2.06388
-1.18551 1.99077
-1.09556 1.84811
-1.21315 1.89239
-1.18551 1.99077
-1.09556 1.84811
-1.00459 1.69683
-1.11594 1.74676
-1.09556 1.84811
-1.18551 1.99077
-1.21315 1.89239
-1.11594 1.74676
-1.22482 1.78269
-1.21315 1.89239
-1.18551 1.99077
-1.13092 2.09076
-1.07583 2.15166
-0.77774 1.55548
-0.68901 1.37802
-0.80098 1.46362
-0.77774 1.55548
-0.68901 1.37802
-0.58944 1.17889
-0.70219 1.27626
-0.68901 1.37802
-0.77774 1.55548
-0.80098 1.46362
-0.70219 1.27626
-0.81067 1.35642
-0.80098 1.46362
-0.77774 1.55548
-0.58944 1.17889
-0.47208 0.94416
-0.59032 1.06133
-0.58944 1.17889
-0.47208 0.94416
-0.31756 0.63512
-0.45405 0.79646
-0.47208 0.94416
-0.58944 1.17889
-0.59032 1.06133
-0.45405 0.79646
-0.57386 0.91779
-0.59032 1.06133
-0.58944 1.17889
-0.77774 1.55548
-0.80574 1.42967
-0.81067 1.35642
-0.70104 1.15589
-0.80600 1.23174
-0.81067 1.35642
-0.70104 1.15589
-0.57386 0.91779
-0.68338 1.01217
-0.70104 1.15589
-0.81067 1.35642
-0.80600 1.23174
-0.68338 1.01217
-0.78526 1.08540
-0.80600 1.23174
-0.81067 1.35642
-0.79471 1.49587
-0.77774 1.55548
-1.07583 2.15166
-1.14264 2.07398
-1.19435 1.96620
-1.22063 1.84134
-1.22482 1.78269
-1.12163 1.63308
-1.22183 1.66137
-1.22482 1.78269
-1.12163 1.63308
-1.01639 1.47071
-1.11316 1.50608
-1.12163 1.63308
-1.22482 1.78269
-1.22183 1.66137
-1.11316 1.50608
-1.20494 1.52727
-1.22183 1.66137
-1.22482 1.78269
-1.03419 1.49882
-1.01639 1.47071
-0.90590 1.29097
-1.00083 1.33472
-1.01639 1.47071
-0.90590 1.29097
-0.78526 1.08540
-0.88060 1.14043
-0.90590 1.29097
-1.01639 1.47071
-1.00083 1.33472
-0.88060 1.14043
-0.96970 1.17889
-1.00083 1.33472
-1.01639 1.47071
-1.20765 1.75851
-1.22482 1.78269
-1.21773 1.61818
-1.20494 1.52727
-1.09045 1.36363
-1.17414 1.37802
-1.20494 1.52727
-1.09045 1.36363
-0.96970 1.17889
-1.05239 1.20167
-1.09045 1.36363
-1.20494 1.52727
-1.17414 1.37802
-1.05239 1.20167
-1.12821 1.20922
-1.17414 1.37802
-1.20494 1.52727
-1.22439 1.70315
-1.22482 1.78269
-1.20855 1.91474
-1.16811 2.02995
-1.11195 2.11461
-1.07583 2.15166
-1.56024 3.12048
-0.28498 3.14159
-2.60744 3.12048
-2.12303 2.15166
-1.98441 2.07749
-2.05423 2.01406
-2.12303 2.15166
-1.98441 2.07749
-1.85246 1.99077
-1.92495 1.93733
-1.98441 2.07749
-2.12303 2.15166
-2.05423 2.01406
-1.92495 1.93733
-1.98228 1.87017
-2.05423 2.01406
-2.12303 2.15166
-1.96197 2.06388
-1.85246 1.99077
-1.72644 1.89239
-1.79975 1.84811
-1.85246 1.99077
-1.72644 1.89239
-1.60507 1.78269
-1.67801 1.74676
-1.72644 1.89239
-1.85246 1.99077
-1.79975 1.84811
-1.67801 1.74676
-1.73944 1.69683
-1.79975 1.84811
-1.85246 1.99077
-2.00704 2.09076
-2.12303 2.15166
-1.98228 1.87017
-1.85986 1.78991
-1.90629 1.71818
-1.98228 1.87017
-1.85986 1.78991
-1.73944 1.69683
-1.78857 1.63308
-1.85986 1.78991
-1.98228 1.87017
-1.90629 1.71818
-1.78857 1.63308
-1.82494 1.55548
-1.90629 1.71818
-1.98228 1.87017
-2.12303 2.15166
-1.97854 2.07398
-1.81905 1.96620
-1.66790 1.84134
-1.60507 1.78269
-1.48674 1.66137
-1.55865 1.63308
-1.60507 1.78269
-1.48674 1.66137
-1.36952 1.52727
-1.44013 1.50608
-1.48674 1.66137
-1.60507 1.78269
-1.55865 1.63308
-1.44013 1.50608
-1.50152 1.47071
-1.55865 1.63308
-1.60507 1.78269
-1.44765 1.61818
-1.36952 1.52727
-1.25108 1.37802
-1.32038 1.36363
-1.36952 1.52727
-1.25108 1.37802
-1.12821 1.20922
-1.19648 1.20167
-1.25108 1.37802
-1.36952 1.52727
-1.32038 1.36363
-1.19648 1.20167
-1.25639 1.17889
-1.32038 1.36363
-1.36952 1.52727
-1.52596 1.70315
-1.60507 1.78269
-1.51182 1.49882
-1.50152 1.47071
-1.38109 1.33472
-1.43226 1.29097
-1.50152 1.47071
-1.38109 1.33472
-1.25639 1.17889
-1.30703 1.14043
-1.38109 1.33472
-1.50152 1.47071
-1.43226 1.29097
-1.30703 1.14043
-1.34733 1.08540
-1.43226 1.29097
-1.50152 1.47071
-1.59806 1.75851
-1.60507 1.78269
-1.75339 1.91474
-1.90904 2.02995
-2.04986 2.11461
-2.12303 2.15166
-1.82494 1.55548
-1.70984 1.46362
-1.73621 1.37802
-1.82494 1.55548
-1.70984 1.46362
-1.59295 1.35642
-1.62127 1.27626
-1.70984 1.46362
-1.82494 1.55548
-1.73621 1.37802
-1.62127 1.27626
-1.63664 1.17889
-1.73621 1.37802
-1.82494 1.55548
-1.67112 1.42967
-1.59295 1.35642
-1.47294 1.23174
-1.50205 1.15589
-1.59295 1.35642
-1.47294 1.23174
-1.34733 1.08540
-1.37599 1.01217
-1.47294 1.23174
-1.59295 1.35642
-1.50205 1.15589
-1.37599 1.01217
-1.39113 0.91779
-1.50205 1.15589
-1.59295 1.35642
-1.74836 1.49587
-1.82494 1.55548
-1.63664 1.17889
-1.51821 1.06133
-1.51928 0.94416
-1.63664 1.17889
-1.51821 1.06133
-1.39113 0.91779
-1.38962 0.79646
-1.51821 1.06133
-1.63664 1.17889
-1.51928 0.94416
-1.38962 0.79646
-1.36476 0.63512
-1.51928 0.94416
-1.63664 1.17889
-1.82494 1.55548
-2.12303 2.15166
-2.60744 3.12048
-0.56193 3.14159
-0.46419 3.02277
-0.80468 3.03682
-1.18494 3.03682
-1.51139 3.02277
-1.56090 3.12180
-0.56245 3.14159
-0.46419 3.02277
-0.40457 2.90353
-0.65892 2.92710
-0.94417 2.93555
-0.77845 2.98434
-0.59112 3.01172
-0.46419 3.02277
-0.57064 3.14159
-1.56090 3.12180
-1.51139 3.02277
-1.25681 2.99875
-1.00509 2.95251
-0.94417 2.93555
-1.22099 2.92710
-1.45177 2.90353
-1.51139 3.02277
-1.56090 3.12180
-0.57648 3.14159
-0.42448 2.94335
-0.40457 2.90353
-0.34452 2.78343
-0.57410 2.81615
-0.69933 2.82610
-0.57726 2.86866
-0.40457 2.90353
-0.34452 2.78343
-0.28381 2.66201
-0.45756 2.69716
-0.55041 2.71009
-0.42457 2.76171
-0.34452 2.78343
-0.40457 2.90353
-0.57726 2.86866
-0.69933 2.82610
-0.55041 2.71009
-0.74314 2.72533
-0.84004 2.72727
-0.75883 2.79478
-0.69933 2.82610
-0.57726 2.86866
-0.40457 2.90353
-0.51370 3.12180
-0.62766 3.14159
-1.56090 3.12180
-1.45177 2.90353
-1.24420 2.86866
-1.07958 2.82610
-1.29934 2.80176
-1.39172 2.78343
-1.45177 2.90353
-1.24420 2.86866
-1.07958 2.82610
-0.90970 2.76171
-0.84004 2.72727
-1.02631 2.71956
-1.11248 2.71009
-1.07958 2.82610
-1.24420 2.86866
-1.45177 2.90353
-1.39172 2.78343
-1.19705 2.73711
-1.11248 2.71009
-1.26535 2.68104
-1.33100 2.66201
-1.39172 2.78343
-1.45177 2.90353
-1.56090 3.12180
-0.66658 3.14159
-0.49262 3.07963
-0.28381 2.66201
-0.22218 2.53876
-0.40068 2.58340
-0.43816 2.59046
-0.31389 2.65150
-0.28381 2.66201
-0.22218 2.53876
-0.15935 2.41309
-0.31131 2.45994
-0.34285 2.46774
-0.24525 2.52813
-0.22218 2.53876
-0.28381 2.66201
-0.41662 2.60370
-0.43816 2.59046
-0.34285 2.46774
-0.50461 2.49814
-0.53748 2.50240
-0.45816 2.57678
-0.43816 2.59046
-0.31389 2.65150
-0.28381 2.66201
-0.15935 2.41309
-0.09497 2.28433
-0.25613 2.34175
-0.15935 2.41309
-0.09497 2.28433
-0.02863 2.15166
-0.17373 2.21193
-0.09497 2.28433
-0.15935 2.41309
-0.25613 2.34175
-0.17373 2.21193
-0.32371 2.25668
-0.25613 2.34175
-0.15935 2.41309
-0.28381 2.66201
-0.41662 2.60370
-0.50963 2.53325
-0.53748 2.50240
-0.42477 2.38186
-0.59539 2.40256
-0.53748 2.50240
-0.42477 2.38186
-0.32371 2.25668
-0.47522 2.28433
-0.42477 2.38186
-0.53748 2.50240
-0.59539 2.40256
-0.47522 2.28433
-0.62325 2.29370
-0.59539 2.40256
-0.53748 2.50240
-0.45816 2.57678
-0.34217 2.64039
-0.28381 2.66201
-0.51327 3.12094
-0.98451 3.14159
-1.56047 3.12094
-1.33100 2.66201
-1.13988 2.60370
-1.10511 2.59046
-1.24508 2.54885
-1.26938 2.53876
-1.33100 2.66201
-1.13988 2.60370
-1.10511 2.59046
-0.94664 2.51800
-0.91773 2.50240
-1.05309 2.47500
-1.07770 2.46774
-1.10511 2.59046
-1.29042 2.65150
-1.33100 2.66201
-1.26938 2.53876
-1.10790 2.48072
-1.07770 2.46774
-1.18733 2.42345
-1.20654 2.41309
-1.26938 2.53876
-1.33100 2.66201
-1.13988 2.60370
-0.97643 2.53325
-0.91773 2.50240
-0.75997 2.40256
-0.90989 2.38186
-0.91773 2.50240
-0.75997 2.40256
-0.62325 2.29370
-0.76192 2.28433
-0.75997 2.40256
-0.91773 2.50240
-0.90989 2.38186
-0.76192 2.28433
-0.88578 2.25668
-0.90989 2.38186
-0.91773 2.50240
-1.07142 2.57678
-1.25102 2.64039
-1.33100 2.66201
-1.20654 2.41309
-1.03842 2.34175
-1.14217 2.28433
-1.20654 2.41309
-1.03842 2.34175
-0.88578 2.25668
-0.99100 2.21193
-1.03842 2.34175
-1.20654 2.41309
-1.14217 2.28433
-0.99100 2.21193
-1.07583 2.15166
-1.14217 2.28433
-1.20654 2.41309
-1.33100 2.66201
-1.56047 3.12094
-1.30173 3.14159
-0.51304 3.12048
-0.02863 2.15166
0.04017 2.01406
-0.09308 2.07749
-0.02863 2.15166
0.04017 2.01406
0.11211 1.87017
-0.01238 1.93733
0.04017 2.01406
-0.02863 2.15166
-0.09308 2.07749
-0.01238 1.93733
-0.13831 1.99077
-0.09308 2.07749
-0.02863 2.15166
0.11211 1.87017
0.18811 1.71818
0.06995 1.78991
0.11211 1.87017
0.18811 1.71818
0.26946 1.55548
0.15549 1.63308
0.18811 1.71818
0.11211 1.87017
0.06995 1.78991
0.15549 1.63308
0.04260 1.69683
0.06995 1.78991
0.11211 1.87017
-0.02863 2.15166
-0.10192 2.06388
-0.13831 1.99077
-0.04836 1.84811
-0.16595 1.89239
-0.13831 1.99077
-0.04836 1.84811
0.04260 1.69683
-0.06875 1.74676
-0.04836 1.84811
-0.13831 1.99077
-0.16595 1.89239
-0.06875 1.74676
-0.17762 1.78269
-0.16595 1.89239
-0.13831 1.99077
-0.08372 2.09076
-0.02863 2.15166
0.26946 1.55548
0.35819 1.37802
0.24622 1.46362
0.26946 1.55548
0.35819 1.37802
0.45775 1.17889
0.34500 1.27626
0.35819 1.37802
0.26946 1.55548
0.24622 1.46362
0.34500 1.27626
0.23653 1.35642
0.24622 1.46362
0.26946 1.55548
0.45775 1.17889
0.57512 0.94416
0.45688 1.06133
0.45775 1.17889
0.57512 0.94416
0.72964 0.63512
0.59315 0.79646
0.57512 0.94416
0.45775 1.17889
0.45688 1.06133
0.59315 0.79646
0.47334 0.91779
0.45688 1.06133
0.45775 1.17889
0.26946 1.55548
0.24145 1.42967
0.23653 1.35642
0.34616 1.15589
0.24120 1.23174
0.23653 1.35642
0.34616 1.15589
0.47334 0.91779
0.36381 1.01217
0.34616 1.15589
0.23653 1.35642
0.24120 1.23174
0.36381 1.01217
0.26194 1.08540
0.24120 1.23174
0.23653 1.35642
0.25248 1.49587
0.26946 1.55548
-0.02863 2.15166
-0.09544 2.07398
-0.14715 1.96620
-0.17343 1.84134
-0.17762 1.78269
-0.07443 1.63308
-0.17463 1.66137
-0.17762 1.78269
-0.07443 1.63308
0.03081 1.47071
-0.06596 1.50608
-0.07443 1.63308
-0.17762 1.78269
-0.17463 1.66137
-0.06596 1.50608
-0.15774 1.52727
-0.17463 1.66137
-0.17762 1.78269
0.01300 1.49882
0.03081 1.47071
0.14130 1.29097
0.04636 1.33472
0.03081 1.47071
0.14130 1.29097
0.26194 1.08540
0.16660 1.14043
0.14130 1.29097
0.03081 1.47071
0.04636 1.33472
0.16660 1.14043
0.07750 1.17889
0.04636 1.33472
0.03081 1.47071
-0.16045 1.75851
-0.17762 1.78269
-0.17053 1.61818
-0.15774 1.52727
-0.04326 1.36363
-0.12694 1.37802
-0.15774 1.52727
-0.04326 1.36363
0.07750 1.17889
-0.00519 1.20167
-0.04326 1.36363
-0.15774 1.52727
-0.12694 1.37802
-0.00519 1.20167
-0.08101 1.20922
-0.12694 1.37802
-0.15774 1.52727
-0.17720 1.70315
-0.17762 1.78269
-0.16135 1.91474
-0.12091 2.02995
-0.06475 2.11461
-0.02863 2.15166
-0.51304 3.12048
-1.97468 3.14159
-1.56024 3.12048
-1.07583 2.15166
-0.93721 2.07749
-1.00703 2.01406
-1.07583 2.15166
-0.93721 2.07749
-0.80526 1.99077
-0.87775 1.93733
-0.93721 2.07749
-1.07583 2.15166
-1.00703 2.01406
-0.87775 1.93733
-0.93509 1.87017
-1.00703 2.01406
-1.07583 2.15166
-0.91477 2.06388
-0.80526 1.99077
-0.67924 1.89239
-0.75255 1.84811
-0.80526 1.99077
-0.67924 1.89239
-0.55787 1.78269
-0.63082 1.74676
-0.67924 1.89239
-0.80526 1.99077
-0.75255 1.84811
-0.63082 1.74676
-0.69224 1.69683
-0.75255 1.84811
-0.80526 1.99077
-0.95984 2.09076
-1.07583 2.15166
-0.93509 1.87017
-0.81266 1.78991
-0.85909 1.71818
-0.93509 1.87017
-0.81266 1.78991
-0.69224 1.69683
-0.74138 1.63308
-0.81266 1.78991
-0.93509 1.87017
-0.85909 1.71818
-0.74138 1.63308
-0.77774 1.55548
-0.85909 1.71818
-0.93509 1.87017
-1.07583 2.15166
-0.93134 2.07398
-0.77186 1.96620
-0.62071 1.84134
-0.55787 1.78269
-0.43954 1.66137
-0.51145 1.63308
-0.55787 1.78269
-0.43954 1.66137
-0.32233 1.52727
-0.39293 1.50608
-0.43954 1.66137
-0.55787 1.78269
-0.51145 1.63308
-0.39293 1.50608
-0.45432 1.47071
-0.51145 1.63308
-0.55787 1.78269
-0.40045 1.61818
-0.32233 1.52727
-0.20388 1.37802
-0.27318 1.36363
-0.32233 1.52727
-0.20388 1.37802
-0.08101 1.20922
-0.14928 1.20167
-0.20388 1.37802
-0.32233 1.52727
-0.27318 1.36363
-0.14928 1.20167
-0.20919 1.17889
-0.27318 1.36363
-0.32233 1.52727
-0.47876 1.70315
-0.55787 1.78269
-0.46463 1.49882
-0.45432 1.47071
-0.33389 1.33472
-0.38507 1.29097
-0.45432 1.47071
-0.33389 1.33472
-0.20919 1.17889
-0.25983 1.14043
-0.33389 1.33472
-0.45432 1.47071
-0.38507 1.29097
-0.25983 1.14043
-0.30013 1.08540
-0.38507 1.29097
-0.45432 1.47071
-0.55086 1.75851
-0.55787 1.78269
-0.70619 1.91474
-0.86184 2.02995
-1.00266 2.11461
-1.07583 2.15166
-0.77774 1.55548
-0.66264 1.46362
-0.68901 1.37802
-0.77774 1.55548
-0.66264 1.46362
-0.54576 1.35642
-0.57407 1.27626
-0.66264 1.46362
-0.77774 1.55548
-0.68901 1.37802
-0.57407 1.27626
-0.58944 1.17889
-0.68901 1.37802
-0.77774 1.55548
-0.62392 1.42967
-0.54576 1.35642
-0.42574 1.23174
-0.45485 1.15589
-0.54576 1.35642
-0.42574 1.23174
-0.30013 1.08540
-0.32879 1.01217
-0.42574 1.23174
-0.54576 1.35642
-0.45485 1.15589
-0.32879 1.01217
-0.34393 0.91779
-0.45485 1.15589
-0.54576 1.35642
-0.70116 1.49587
-0.77774 1.55548
-0.58944 1.17889
-0.47101 1.06133
-0.47208 0.94416
-0.58944 1.17889
-0.47101 1.06133
-0.34393 0.91779
-0.34242 0.79646
-0.47101 1.06133
-0.58944 1.17889
-0.47208 0.94416
-0.34242 0.79646
-0.31756 0.63512
-0.47208 0.94416
-0.58944 1.17889
-0.77774 1.55548
-1.07583 2.15166
-1.56024 3.12048
-2.38860 3.14159
0.53349 3.12180
0.58301 3.02277
0.24251 3.03682
-0.13774 3.03682
-0.46419 3.02277
-0.51370 3.12180
-2.38798 3.14159
0.53349 3.12180
0.58301 3.02277
0.64263 2.90353
0.38828 2.92710
0.10302 2.93555
0.26875 2.98434
0.45608 3.01172
0.58301 3.02277
0.53349 3.12180
3.89317 3.14159
5.76948 3.12180
5.81900 3.02277
6.07357 2.99875
6.32529 2.95251
6.38621 2.93555
6.10940 2.92710
5.87862 2.90353
5.81900 3.02277
5.76948 3.12180
3.89188 3.14159
6.81668 3.12180
6.92581 2.90353
6.98586 2.78343
6.75629 2.81615
6.63106 2.82610
6.75313 2.86866
6.92581 2.90353
6.98586 2.78343
7.04658 2.66201
6.87282 2.69716
6.77997 2.71009
6.90582 2.76171
6.98586 2.78343
6.92581 2.90353
6.75313 2.86866
6.63106 2.82610
6.77997 2.71009
6.58725 2.72533
6.49034 2.72727
6.57155 2.79478
6.63106 2.82610
6.75313 2.86866
6.92581 2.90353
6.81668 3.12180
10.15964 3.14159
12.05267 3.12180
12.16180 2.90353
12.36937 2.86866
12.53399 2.82610
12.31422 2.80176
12.22185 2.78343
12.16180 2.90353
12.36937 2.86866
12.53399 2.82610
12.70387 2.76171
12.77353 2.72727
12.58726 2.71956
12.50109 2.71009
12.53399 2.82610
12.36937 2.86866
12.16180 2.90353
12.22185 2.78343
12.41651 2.73711
12.50109 2.71009
12.34821 2.68104
12.28256 2.66201
12.22185 2.78343
12.16180 2.90353
12.05267 3.12180
10.15160 3.14159
13.10030 3.12094
13.32976 2.66201
13.39139 2.53876
13.21289 2.58340
13.17541 2.59046
13.29968 2.65150
13.32976 2.66201
13.39139 2.53876
13.45422 2.41309
13.30225 2.45994
13.27072 2.46774
13.36831 2.52813
13.39139 2.53876
13.32976 2.66201
13.19695 2.60370
13.17541 2.59046
13.27072 2.46774
13.10896 2.49814
13.07609 2.50240
13.15540 2.57678
13.17541 2.59046
13.29968 2.65150
13.32976 2.66201
13.45422 2.41309
13.51860 2.28433
13.35744 2.34175
13.45422 2.41309
13.51860 2.28433
13.58493 2.15166
13.43984 2.21193
13.51860 2.28433
13.45422 2.41309
13.35744 2.34175
13.43984 2.21193
13.28986 2.25668
13.35744 2.34175
13.45422 2.41309
13.32976 2.66201
13.19695 2.60370
13.10394 2.53325
13.07609 2.50240
13.18880 2.38186
13.01818 2.40256
13.07609 2.50240
13.18880 2.38186
13.28986 2.25668
13.13835 2.28433
13.18880 2.38186
13.07609 2.50240
13.01818 2.40256
13.13835 2.28433
12.99032 2.29370
13.01818 2.40256
13.07609 2.50240
13.15540 2.57678
13.27140 2.64039
13.32976 2.66201
13.10030 3.12094
16.32528 3.14159
18.33628 3.12094
18.56575 2.66201
18.75687 2.60370
18.79165 2.59046
18.65168 2.54885
18.62738 2.53876
18.56575 2.66201
18.75687 2.60370
18.79165 2.59046
18.95011 2.51800
18.97903 2.50240
18.84366 2.47500
18.81906 2.46774
18.79165 2.59046
18.60633 2.65150
18.56575 2.66201
18.62738 2.53876
18.78885 2.48072
18.81906 2.46774
18.70942 2.42345
18.69021 2.41309
18.62738 2.53876
18.56575 2.66201
18.75687 2.60370
18.92033 2.53325
18.97903 2.50240
19.13678 2.40256
18.98686 2.38186
18.97903 2.50240
19.13678 2.40256
19.27350 2.29370
19.13484 2.28433
19.13678 2.40256
18.97903 2.50240
18.98686 2.38186
19.13484 2.28433
19.01098 2.25668
18.98686 2.38186
18.97903 2.50240
18.82534 2.57678
18.64573 2.64039
18.56575 2.66201
18.69021 2.41309
18.85834 2.34175
18.75459 2.28433
18.69021 2.41309
18.85834 2.34175
19.01098 2.25668
18.90575 2.21193
18.85834 2.34175
18.69021 2.41309
18.75459 2.28433
18.90575 2.21193
18.82092 2.15166
18.75459 2.28433
18.69021 2.41309
18.56575 2.66201
18.33628 3.12094
16.25232 3.14159
19.38371 3.12048
19.86812 2.15166
19.93692 2.01406
19.80367 2.07749
19.86812 2.15166
19.93692 2.01406
20.00887 1.87017
19.88438 1.93733
19.93692 2.01406
19.86812 2.15166
19.80367 2.07749
19.88438 1.93733
19.75844 1.99077
19.80367 2.07749
19.86812 2.15166
20.00887 1.87017
20.08486 1.71818
19.96670 1.78991
20.00887 1.87017
20.08486 1.71818
20.16621 1.55548
20.05225 1.63308
20.08486 1.71818
20.00887 1.87017
19.96670 1.78991
20.05225 1.63308
19.93936 1.69683
19.96670 1.78991
20.00887 1.87017
19.86812 2.15166
19.79484 2.06388
19.75844 1.99077
19.84839 1.84811
19.73080 1.89239
19.75844 1.99077
19.84839 1.84811
19.93936 1.69683
19.82801 1.74676
19.84839 1.84811
19.75844 1.99077
19.73080 1.89239
19.82801 1.74676
19.71913 1.78269
19.73080 1.89239
19.75844 1.99077
19.81304 2.09076
19.86812 2.15166
20.16621 1.55548
20.25494 1.37802
20.14297 1.46362
20.16621 1.55548
20.25494 1.37802
20.35451 1.17889
20.24176 1.27626
20.25494 1.37802
20.16621 1.55548
20.14297 1.46362
20.24176 1.27626
20.13328 1.35642
20.14297 1.46362
20.16621 1.55548
20.35451 1.17889
20.47187 0.94416
20.35363 1.06133
20.35451 1.17889
20.47187 0.94416
20.62639 0.63512
20.48990 0.79646
20.47187 0.94416
20.35451 1.17889
20.35363 1.06133
20.48990 0.79646
20.37010 0.91779
20.35363 1.06133
20.35451 1.17889
20.16621 1.55548
20.13821 1.42967
20.13328 1.35642
20.24291 1.15589
20.13796 1.23174
20.13328 1.35642
20.24291 1.15589
20.37010 0.91779
20.26057 1.01217
20.24291 1.15589
20.13328 1.35642
20.13796 1.23174
20.26057 1.01217
20.15869 1.08540
20.13796 1.23174
20.13328 1.35642
20.14924 1.49587
20.16621 1.55548
19.86812 2.15166
19.80131 2.07398
19.74961 1.96620
19.72332 1.84134
19.71913 1.78269
19.82232 1.63308
19.72212 1.66137
19.71913 1.78269
19.82232 1.63308
19.92756 1.47071
19.83080 1.50608
19.82232 1.63308
19.71913 1.78269
19.72212 1.66137
19.83080 1.50608
19.73901 1.52727
19.72212 1.66137
19.71913 1.78269
19.90976 1.49882
19.92756 1.47071
20.03805 1.29097
19.94312 1.33472
19.92756 1.47071
20.03805 1.29097
20.15869 1.08540
20.06335 1.14043
20.03805 1.29097
19.92756 1.47071
19.94312 1.33472
20.06335 1.14043
19.97426 1.17889
19.94312 1.33472
19.92756 1.47071
19.73630 1.75851
19.71913 1.78269
19.72623 1.61818
19.73901 1.52727
19.85350 1.36363
19.76981 1.37802
19.73901 1.52727
19.85350 1.36363
19.97426 1.17889
19.89156 1.20167
19.85350 1.36363
19.73901 1.52727
19.76981 1.37802
19.89156 1.20167
19.81574 1.20922
19.76981 1.37802
19.73901 1.52727
19.71956 1.70315
19.71913 1.78269
19.73540 1.91474
19.77584 2.02995
19.83201 2.11461
19.86812 2.15166
19.38371 3.12048
21.77162 3.14159
18.33651 3.12048
18.82092 2.15166
18.95954 2.07749
18.88973 2.01406
18.82092 2.15166
18.95954 2.07749
19.09150 1.99077
19.01900 1.93733
18.95954 2.07749
18.82092 2.15166
18.88973 2.01406
19.01900 1.93733
18.96167 1.87017
18.88973 2.01406
18.82092 2.15166
18.98199 2.06388
19.09150 1.99077
19.21752 1.89239
19.14420 1.84811
19.09150 1.99077
19.21752 1.89239
19.33888 1.78269
19.26594 1.74676
19.21752 1.89239
19.09150 1.99077
19.14420 1.84811
19.26594 1.74676
19.20451 1.69683
19.14420 1.84811
19.09150 1.99077
18.93691 2.09076
18.82092 2.15166
18.96167 1.87017
19.08409 1.78991
19.03766 1.71818
18.96167 1.87017
19.08409 1.78991
19.20451 1.69683
19.15538 1.63308
19.08409 1.78991
18.96167 1.87017
19.03766 1.71818
19.15538 1.63308
19.11901 1.55548
19.03766 1.71818
18.96167 1.87017
18.82092 2.15166
18.96541 2.07398
19.12490 1.96620
19.27605 1.84134
19.33888 1.78269
19.45721 1.66137
19.38530 1.63308
19.33888 1.78269
19.45721 1.66137
19.57443 1.52727
19.50383 1.50608
19.45721 1.66137
19.33888 1.78269
19.38530 1.63308
19.50383 1.50608
19.44243 1.47071
19.38530 1.63308
19.33888 1.78269
19.49630 1.61818
19.57443 1.52727
19.69287 1.37802
19.62357 1.36363
19.57443 1.52727
19.69287 1.37802
19.81574 1.20922
19.74747 1.20167
19.69287 1.37802
19.57443 1.52727
19.62357 1.36363
19.74747 1.20167
19.68756 1.17889
19.62357 1.36363
19.57443 1.52727
19.41799 1.70315
19.33888 1.78269
19.43213 1.49882
19.44243 1.47071
19.56287 1.33472
19.51169 1.29097
19.44243 1.47071
19.56287 1.33472
19.68756 1.17889
19.63692 1.14043
19.56287 1.33472
19.44243 1.47071
19.51169 1.29097
19.63692 1.14043
19.59662 1.08540
19.51169 1.29097
19.44243 1.47071
19.34589 1.75851
19.33888 1.78269
19.19057 1.91474
19.03491 2.02995
18.89409 2.11461
18.82092 2.15166
19.11901 1.55548
19.23412 1.46362
19.20774 1.37802
19.11901 1.55548
19.23412 1.46362
19.35100 1.35642
19.32268 1.27626
19.23412 1.46362
19.11901 1.55548
19.20774 1.37802
19.32268 1.27626
19.30731 1.17889
19.20774 1.37802
19.11901 1.55548
19.27283 1.42967
19.35100 1.35642
19.47101 1.23174
19.44190 1.15589
19.35100 1.35642
19.47101 1.23174
19.59662 1.08540
19.56796 1.01217
19.47101 1.23174
19.35100 1.35642
19.44190 1.15589
19.56796 1.01217
19.55282 0.91779
19.44190 1.15589
19.35100 1.35642
19.19559 1.49587
19.11901 1.55548
19.30731 1.17889
19.42575 1.06133
19.42467 0.94416
19.30731 1.17889
19.42575 1.06133
19.55282 0.91779
19.55434 0.79646
19.42575 1.06133
19.30731 1.17889
19.42467 0.94416
19.55434 0.79646
19.57919 0.63512
19.42467 0.94416
19.30731 1.17889
19.11901 1.55548
18.82092 2.15166
18.33651 3.12048
14.83278 3.14159
14.14706 3.12180
14.19658 3.02277
13.85608 3.03682
13.47583 3.03682
13.14938 3.02277
13.09987 3.12180
14.83317 3.14159
14.14706 3.12180
14.19658 3.02277
14.25620 2.90353
14.00185 2.92710
13.71659 2.93555
13.88232 2.98434
14.06965 3.01172
14.19658 3.02277
14.14706 3.12180
14.83433 3.14159
13.09987 3.12180
13.14938 3.02277
13.40395 2.99875
13.65567 2.95251
13.71659 2.93555
13.43978 2.92710
13.20900 2.90353
13.14938 3.02277
13.09987 3.12180
14.83455 3.14159
14.14706 3.12180
14.25620 2.90353
14.31625 2.78343
14.08667 2.81615
13.96144 2.82610
14.08351 2.86866
14.25620 2.90353
14.31625 2.78343
14.37696 2.66201
14.20321 2.69716
14.11035 2.71009
14.23620 2.76171
14.31625 2.78343
14.25620 2.90353
14.08351 2.86866
13.96144 2.82610
14.11035 2.71009
13.91763 2.72533
13.82073 2.72727
13.90194 2.79478
13.96144 2.82610
14.08351 2.86866
14.25620 2.90353
14.14706 3.12180
14.84378 3.14159
13.09987 3.12180
13.20900 2.90353
13.41656 2.86866
13.58119 2.82610
13.36142 2.80176
13.26905 2.78343
13.20900 2.90353
13.41656 2.86866
13.58119 2.82610
13.75107 2.76171
13.82073 2.72727
13.63446 2.71956
13.54828 2.71009
13.58119 2.82610
13.41656 2.86866
13.20900 2.90353
13.26905 2.78343
13.46371 2.73711
13.54828 2.71009
13.39541 2.68104
13.32976 2.66201
13.26905 2.78343
13.20900 2.90353
13.09987 3.12180
14.84369 3.14159
14.14749 3.12094
14.37696 2.66201
14.43859 2.53876
14.26009 2.58340
14.22261 2.59046
14.34688 2.65150
14.37696 2.66201
14.43859 2.53876
14.50142 2.41309
14.34945 2.45994
14.31791 2.46774
14.41551 2.52813
14.43859 2.53876
14.37696 2.66201
14.24415 2.60370
14.22261 2.59046
14.31791 2.46774
14.15615 2.49814
14.12329 2.50240
14.20260 2.57678
14.22261 2.59046
14.34688 2.65150
14.37696 2.66201
14.50142 2.41309
14.56580 2.28433
14.40464 2.34175
14.50142 2.41309
14.56580 2.28433
14.63213 2.15166
14.48704 2.21193
14.56580 2.28433
14.50142 2.41309
14.40464 2.34175
14.48704 2.21193
14.33706 2.25668
14.40464 2.34175
14.50142 2.41309
14.37696 2.66201
14.24415 2.60370
14.15114 2.53325
14.12329 2.50240
14.23600 2.38186
14.06538 2.40256
14.12329 2.50240
14.23600 2.38186
14.33706 2.25668
14.18555 2.28433
14.23600 2.38186
14.12329 2.50240
14.06538 2.40256
14.18555 2.28433
14.03752 2.29370
14.06538 2.40256
14.12329 2.50240
14.20260 2.57678
14.31860 2.64039
14.37696 2.66201
14.14749 3.12094
14.89973 3.14159
13.10030 3.12094
13.32976 2.66201
13.52089 2.60370
13.55566 2.59046
13.41569 2.54885
13.39139 2.53876
13.32976 2.66201
13.52089 2.60370
13.55566 2.59046
13.71412 2.51800
13.74304 2.50240
13.60768 2.47500
13.58307 2.46774
13.55566 2.59046
13.37035 2.65150
13.32976 2.66201
13.39139 2.53876
13.55286 2.48072
13.58307 2.46774
13.47343 2.42345
13.45422 2.41309
13.39139 2.53876
13.32976 2.66201
13.52089 2.60370
13.68434 2.53325
13.74304 2.50240
13.90079 2.40256
13.75087 2.38186
13.74304 2.50240
13.90079 2.40256
14.03752 2.29370
13.89885 2.28433
13.90079 2.40256
13.74304 2.50240
13.75087 2.38186
13.89885 2.28433
13.77499 2.25668
13.75087 2.38186
13.74304 2.50240
13.58935 2.57678
13.40974 2.64039
13.32976 2.66201
13.45422 2.41309
13.62235 2.34175
13.51860 2.28433
13.45422 2.41309
13.62235 2.34175
13.77499 2.25668
13.66976 2.21193
13.62235 2.34175
13.45422 2.41309
13.51860 2.28433
13.66976 2.21193
13.58493 2.15166
13.51860 2.28433
13.45422 2.41309
13.32976 2.66201
13.10030 3.12094
14.89405 3.14159
14.14772 3.12048
14.63213 2.15166
14.70094 2.01406
14.56768 2.07749
14.63213 2.15166
14.70094 2.01406
14.77288 1.87017
14.64839 1.93733
14.70094 2.01406
14.63213 2.15166
14.56768 2.07749
14.64839 1.93733
14.52245 1.99077
14.56768 2.07749
14.63213 2.15166
14.77288 1.87017
14.84887 1.71818
14.73072 1.78991
14.77288 1.87017
14.84887 1.71818
14.93022 1.55548
14.81626 1.63308
14.84887 1.71818
14.77288 1.87017
14.73072 1.78991
14.81626 1.63308
14.70337 1.69683
14.73072 1.78991
14.77288 1.87017
14.63213 2.15166
14.55885 2.06388
14.52245 1.99077
14.61241 1.84811
14.49482 1.89239
14.52245 1.99077
14.61241 1.84811
14.70337 1.69683
14.59202 1.74676
14.61241 1.84811
14.52245 1.99077
14.49482 1.89239
14.59202 1.74676
14.48314 1.78269
14.49482 1.89239
14.52245 1.99077
14.57705 2.09076
14.63213 2.15166
14.93022 1.55548
15.01895 1.37802
14.90698 1.46362
14.93022 1.55548
15.01895 1.37802
15.11852 1.17889
15.00577 1.27626
15.01895 1.37802
14.93022 1.55548
14.90698 1.46362
15.00577 1.27626
14.89730 1.35642
14.90698 1.46362
14.93022 1.55548
15.11852 1.17889
15.23588 0.94416
15.11765 1.06133
15.11852 1.17889
15.23588 0.94416
15.39040 0.63512
15.25392 0.79646
15.23588 0.94416
15.11852 1.17889
15.11765 1.06133
15.25392 0.79646
15.13411 0.91779
15.11765 1.06133
15.11852 1.17889
14.93022 1.55548
14.90222 1.42967
14.89730 1.35642
15.00693 1.15589
14.90197 1.23174
14.89730 1.35642
15.00693 1.15589
15.13411 0.91779
15.02458 1.01217
15.00693 1.15589
14.89730 1.35642
14.90197 1.23174
15.02458 1.01217
14.92270 1.08540
14.90197 1.23174
14.89730 1.35642
14.91325 1.49587
14.93022 1.55548
14.63213 2.15166
14.56533 2.07398
14.51362 1.96620
14.48733 1.84134
14.48314 1.78269
14.58634 1.63308
14.48613 1.66137
14.48314 1.78269
14.58634 1.63308
14.69157 1.47071
14.59481 1.50608
14.58634 1.63308
14.48314 1.78269
14.48613 1.66137
14.59481 1.50608
14.50302 1.52727
14.48613 1.66137
14.48314 1.78269
14.67377 1.49882
14.69157 1.47071
14.80206 1.29097
14.70713 1.33472
14.69157 1.47071
14.80206 1.29097
14.92270 1.08540
14.82737 1.14043
14.80206 1.29097
14.69157 1.47071
14.70713 1.33472
14.82737 1.14043
14.73827 1.17889
14.70713 1.33472
14.69157 1.47071
14.50031 1.75851
14.48314 1.78269
14.49024 1.61818
14.50302 1.52727
14.61751 1.36363
14.53382 1.37802
14.50302 1.52727
14.61751 1.36363
14.73827 1.17889
14.65557 1.20167
14.61751 1.36363
14.50302 1.52727
14.53382 1.37802
14.65557 1.20167
14.57975 1.20922
14.53382 1.37802
14.50302 1.52727
14.48357 1.70315
14.48314 1.78269
14.49941 1.91474
14.53986 2.02995
14.59602 2.11461
14.63213 2.15166
14.14772 3.12048
15.10646 3.14159
13.10053 3.12048
13.58493 2.15166
13.72355 2.07749
13.65374 2.01406
13.58493 2.15166
13.72355 2.07749
13.85551 1.99077
13.78301 1.93733
13.72355 2.07749
13.58493 2.15166
13.65374 2.01406
13.78301 1.93733
13.72568 1.87017
13.65374 2.01406
13.58493 2.15166
13.74600 2.06388
13.85551 1.99077
13.98153 1.89239
13.90822 1.84811
13.85551 1.99077
13.98153 1.89239
14.10289 1.78269
14.02995 1.74676
13.98153 1.89239
13.85551 1.99077
13.90822 1.84811
14.02995 1.74676
13.96853 1.69683
13.90822 1.84811
13.85551 1.99077
13.70092 2.09076
13.58493 2.15166
13.72568 1.87017
13.84810 1.78991
13.80167 1.71818
13.72568 1.87017
13.84810 1.78991
13.96853 1.69683
13.91939 1.63308
13.84810 1.78991
13.72568 1.87017
13.80167 1.71818
13.91939 1.63308
13.88302 1.55548
13.80167 1.71818
13.72568 1.87017
13.58493 2.15166
13.72943 2.07398
13.88891 1.96620
14.04006 1.84134
14.10289 1.78269
14.22123 1.66137
14.14931 1.63308
14.10289 1.78269
14.22123 1.66137
14.33844 1.52727
14.26784 1.50608
14.22123 1.66137
14.10289 1.78269
14.14931 1.63308
14.26784 1.50608
14.20645 1.47071
14.14931 1.63308
14.10289 1.78269
14.26032 1.61818
14.33844 1.52727
14.45688 1.37802
14.38759 1.36363
14.33844 1.52727
14.45688 1.37802
14.57975 1.20922
14.51149 1.20167
14.45688 1.37802
14.33844 1.52727
14.38759 1.36363
14.51149 1.20167
14.45157 1.17889
14.38759 1.36363
14.33844 1.52727
14.18201 1.70315
14.10289 1.78269
14.19614 1.49882
14.20645 1.47071
14.32688 1.33472
14.27570 1.29097
14.20645 1.47071
14.32688 1.33472
14.45157 1.17889
14.40094 1.14043
14.32688 1.33472
14.20645 1.47071
14.27570 1.29097
14.40094 1.14043
14.36063 1.08540
14.27570 1.29097
14.20645 1.47071
14.10990 1.75851
14.10289 1.78269
13.95458 1.91474
13.79892 2.02995
13.65810 2.11461
13.58493 2.15166
13.88302 1.55548
13.99813 1.46362
13.97175 1.37802
13.88302 1.55548
13.99813 1.46362
14.11501 1.35642
14.08670 1.27626
13.99813 1.46362
13.88302 1.55548
13.97175 1.37802
14.08670 1.27626
14.07132 1.17889
13.97175 1.37802
13.88302 1.55548
14.03684 1.42967
14.11501 1.35642
14.23502 1.23174
14.20591 1.15589
14.11501 1.35642
14.23502 1.23174
14.36063 1.08540
14.33198 1.01217
14.23502 1.23174
14.11501 1.35642
14.20591 1.15589
14.33198 1.01217
14.31683 0.91779
14.20591 1.15589
14.11501 1.35642
13.95961 1.49587
13.88302 1.55548
14.07132 1.17889
14.18976 1.06133
14.18869 0.94416
14.07132 1.17889
14.18976 1.06133
14.31683 0.91779
14.31835 0.79646
14.18976 1.06133
14.07132 1.17889
14.18869 0.94416
14.31835 0.79646
14.34321 0.63512
14.18869 0.94416
14.07132 1.17889
13.88302 1.55548
13.58493 2.15166
13.10053 3.12048
15.03562 3.14159
15.21406 3.08221
15.24377 3.02277
14.90328 3.03682
14.52303 3.03682
14.19658 3.02277
14.14706 3.12180
15.03608 3.14159
15.21406 3.08221
15.24377 3.02277
15.30340 2.90353
15.04905 2.92710
14.76379 2.93555
14.92952 2.98434
15.11685 3.01172
15.24377 3.02277
15.19426 3.12180
15.03695 3.14159
14.14706 3.12180
14.19658 3.02277
14.45115 2.99875
14.70287 2.95251
14.76379 2.93555
14.48698 2.92710
14.25620 2.90353
14.19658 3.02277
14.14706 3.12180
15.03650 3.14159
15.21406 3.08221
15.30340 2.90353
15.36345 2.78343
15.13387 2.81615
15.00864 2.82610
15.13071 2.86866
15.30340 2.90353
15.36345 2.78343
15.42416 2.66201
15.25040 2.69716
15.15755 2.71009
15.28340 2.76171
15.36345 2.78343
15.30340 2.90353
15.13071 2.86866
15.00864 2.82610
15.15755 2.71009
14.96483 2.72533
14.86793 2.72727
14.94913 2.79478
15.00864 2.82610
15.13071 2.86866
15.30340 2.90353
15.19426 3.12180
15.04610 3.14159
14.14706 3.12180
14.25620 2.90353
14.46376 2.86866
14.62838 2.82610
14.40862 2.80176
14.31625 2.78343
14.25620 2.90353
14.46376 2.86866
14.62838 2.82610
14.79827 2.76171
14.86793 2.72727
14.68166 2.71956
14.59548 2.71009
14.62838 2.82610
14.46376 2.86866
14.25620 2.90353
14.31625 2.78343
14.51091 2.73711
14.59548 2.71009
14.44261 2.68104
14.37696 2.66201
14.31625 2.78343
14.25620 2.90353
14.14706 3.12180
15.05335 3.14159
15.21535 3.07963
15.42416 2.66201
15.48578 2.53876
15.30729 2.58340
15.26980 2.59046
15.39408 2.65150
15.42416 2.66201
15.48578 2.53876
15.54862 2.41309
15.39665 2.45994
15.36511 2.46774
15.46271 2.52813
15.48578 2.53876
15.42416 2.66201
15.29134 2.60370
15.26980 2.59046
15.36511 2.46774
15.20335 2.49814
15.17049 2.50240
15.24980 2.57678
15.26980 2.59046
15.39408 2.65150
15.42416 2.66201
15.54862 2.41309
15.61299 2.28433
15.45183 2.34175
15.54862 2.41309
15.61299 2.28433
15.67933 2.15166
15.53423 2.21193
15.61299 2.28433
15.54862 2.41309
15.45183 2.34175
15.53423 2.21193
15.38426 2.25668
15.45183 2.34175
15.54862 2.41309
15.42416 2.66201
15.29134 2.60370
15.19834 2.53325
15.17049 2.50240
15.28320 2.38186
15.11257 2.40256
15.17049 2.50240
15.28320 2.38186
15.38426 2.25668
15.23274 2.28433
15.28320 2.38186
15.17049 2.50240
15.11257 2.40256
15.23274 2.28433
15.08471 2.29370
15.11257 2.40256
15.17049 2.50240
15.24980 2.57678
15.36580 2.64039
15.42416 2.66201
15.19469 3.12094
15.10550 3.14159
14.14749 3.12094
14.37696 2.66201
14.56808 2.60370
14.60286 2.59046
14.46289 2.54885
14.43859 2.53876
14.37696 2.66201
14.56808 2.60370
14.60286 2.59046
14.76132 2.51800
14.79024 2.50240
14.65487 2.47500
14.63027 2.46774
14.60286 2.59046
14.41754 2.65150
14.37696 2.66201
14.43859 2.53876
14.60006 2.48072
14.63027 2.46774
14.52063 2.42345
14.50142 2.41309
14.43859 2.53876
14.37696 2.66201
14.56808 2.60370
14.73154 2.53325
14.79024 2.50240
14.94799 2.40256
14.79807 2.38186
14.79024 2.50240
14.94799 2.40256
15.08471 2.29370
14.94605 2.28433
14.94799 2.40256
14.79024 2.50240
14.79807 2.38186
14.94605 2.28433
14.82219 2.25668
14.79807 2.38186
14.79024 2.50240
14.63655 2.57678
14.45694 2.64039
14.37696 2.66201
14.50142 2.41309
14.66955 2.34175
14.56580 2.28433
14.50142 2.41309
14.66955 2.34175
14.82219 2.25668
14.71696 2.21193
14.66955 2.34175
14.50142 2.41309
14.56580 2.28433
14.71696 2.21193
14.63213 2.15166
14.56580 2.28433
14.50142 2.41309
14.37696 2.66201
14.14749 3.12094
15.14217 3.14159
15.30074 2.90885
15.67933 2.15166
15.74813 2.01406
15.61488 2.07749
15.67933 2.15166
15.74813 2.01406
15.82008 1.87017
15.69559 1.93733
15.74813 2.01406
15.67933 2.15166
15.61488 2.07749
15.69559 1.93733
15.56965 1.99077
15.61488 2.07749
15.67933 2.15166
15.82008 1.87017
15.89607 1.71818
15.77791 1.78991
15.82008 1.87017
15.89607 1.71818
15.97742 1.55548
15.86345 1.63308
15.89607 1.71818
15.82008 1.87017
15.77791 1.78991
15.86345 1.63308
15.75057 1.69683
15.77791 1.78991
15.82008 1.87017
15.67933 2.15166
15.60605 2.06388
15.56965 1.99077
15.65960 1.84811
15.54201 1.89239
15.56965 1.99077
15.65960 1.84811
15.75057 1.69683
15.63922 1.74676
15.65960 1.84811
15.56965 1.99077
15.54201 1.89239
15.63922 1.74676
15.53034 1.78269
15.54201 1.89239
15.56965 1.99077
15.62425 2.09076
15.67933 2.15166
15.97742 1.55548
16.06615 1.37802
15.95418 1.46362
15.97742 1.55548
16.06615 1.37802
16.16572 1.17889
16.05297 1.27626
16.06615 1.37802
15.97742 1.55548
15.95418 1.46362
16.05297 1.27626
15.94449 1.35642
15.95418 1.46362
15.97742 1.55548
16.16572 1.17889
16.28308 0.94416
16.16484 1.06133
16.16572 1.17889
16.28308 0.94416
16.43760 0.63512
16.30111 0.79646
16.28308 0.94416
16.16572 1.17889
16.16484 1.06133
16.30111 0.79646
16.18131 0.91779
16.16484 1.06133
16.16572 1.17889
15.97742 1.55548
15.94942 1.42967
15.94449 1.35642
16.05412 1.15589
15.94917 1.23174
15.94449 1.35642
16.05412 1.15589
16.18131 0.91779
16.07178 1.01217
16.05412 1.15589
15.94449 1.35642
15.94917 1.23174
16.07178 1.01217
15.96990 1.08540
15.94917 1.23174
15.94449 1.35642
15.96045 1.49587
15.97742 1.55548
15.67933 2.15166
15.61252 2.07398
15.56081 1.96620
15.53453 1.84134
15.53034 1.78269
15.63353 1.63308
15.53333 1.66137
15.53034 1.78269
15.63353 1.63308
15.73877 1.47071
15.64201 1.50608
15.63353 1.63308
15.53034 1.78269
15.53333 1.66137
15.64201 1.50608
15.55022 1.52727
15.53333 1.66137
15.53034 1.78269
15.72097 1.49882
15.73877 1.47071
15.84926 1.29097
15.75433 1.33472
15.73877 1.47071
15.84926 1.29097
15.96990 1.08540
15.87456 1.14043
15.84926 1.29097
15.73877 1.47071
15.75433 1.33472
15.87456 1.14043
15.78547 1.17889
15.75433 1.33472
15.73877 1.47071
15.54751 1.75851
15.53034 1.78269
15.53744 1.61818
15.55022 1.52727
15.66471 1.36363
15.58102 1.37802
15.55022 1.52727
15.66471 1.36363
15.78547 1.17889
15.70277 1.20167
15.66471 1.36363
15.55022 1.52727
15.58102 1.37802
15.70277 1.20167
15.62695 1.20922
15.58102 1.37802
15.55022 1.52727
15.53077 1.70315
15.53034 1.78269
15.54661 1.91474
15.58705 2.02995
15.64322 2.11461
15.67933 2.15166
15.19492 3.12048
15.40568 3.14159
14.14772 3.12048
14.63213 2.15166
14.77075 2.07749
14.70094 2.01406
14.63213 2.15166
14.77075 2.07749
14.90270 1.99077
14.83021 1.93733
14.77075 2.07749
14.63213 2.15166
14.70094 2.01406
14.83021 1.93733
14.77288 1.87017
14.70094 2.01406
14.63213 2.15166
14.79320 2.06388
14.90270 1.99077
15.02872 1.89239
14.95541 1.84811
14.90270 1.99077
15.02872 1.89239
15.15009 1.78269
15.07715 1.74676
15.02872 1.89239
14.90270 1.99077
14.95541 1.84811
15.07715 1.74676
15.01572 1.69683
14.95541 1.84811
14.90270 1.99077
14.74812 2.09076
14.63213 2.15166
14.77288 1.87017
14.89530 1.78991
14.84887 1.71818
14.77288 1.87017
14.89530 1.78991
15.01572 1.69683
14.96659 1.63308
14.89530 1.78991
14.77288 1.87017
14.84887 1.71818
14.96659 1.63308
14.93022 1.55548
14.84887 1.71818
14.77288 1.87017
14.63213 2.15166
14.77662 2.07398
14.93611 1.96620
15.08726 1.84134
15.15009 1.78269
15.26842 1.66137
15.19651 1.63308
15.15009 1.78269
15.26842 1.66137
15.38564 1.52727
15.31504 1.50608
15.26842 1.66137
15.15009 1.78269
15.19651 1.63308
15.31504 1.50608
15.25364 1.47071
15.19651 1.63308
15.15009 1.78269
15.30751 1.61818
15.38564 1.52727
15.50408 1.37802
15.43478 1.36363
15.38564 1.52727
15.50408 1.37802
15.62695 1.20922
15.55868 1.20167
15.50408 1.37802
15.38564 1.52727
15.43478 1.36363
15.55868 1.20167
15.49877 1.17889
15.43478 1.36363
15.38564 1.52727
15.22920 1.70315
15.15009 1.78269
15.24334 1.49882
15.25364 1.47071
15.37407 1.33472
15.32290 1.29097
15.25364 1.47071
15.37407 1.33472
15.49877 1.17889
15.44813 1.14043
15.37407 1.33472
15.25364 1.47071
15.32290 1.29097
15.44813 1.14043
15.40783 1.08540
15.32290 1.29097
15.25364 1.47071
15.15710 1.75851
15.15009 1.78269
15.00178 1.91474
14.84612 2.02995
14.70530 2.11461
14.63213 2.15166
14.93022 1.55548
15.04533 1.46362
15.01895 1.37802
14.93022 1.55548
15.04533 1.46362
15.16221 1.35642
15.13389 1.27626
15.04533 1.46362
14.93022 1.55548
15.01895 1.37802
15.13389 1.27626
15.11852 1.17889
15.01895 1.37802
14.93022 1.55548
15.08404 1.42967
15.16221 1.35642
15.28222 1.23174
15.25311 1.15589
15.16221 1.35642
15.28222 1.23174
15.40783 1.08540
15.37917 1.01217
15.28222 1.23174
15.16221 1.35642
15.25311 1.15589
15.37917 1.01217
15.36403 0.91779
15.25311 1.15589
15.16221 1.35642
15.00680 1.49587
14.93022 1.55548
15.11852 1.17889
15.23696 1.06133
15.23588 0.94416
15.11852 1.17889
15.23696 1.06133
15.36403 0.91779
15.36555 0.79646
15.23696 1.06133
15.11852 1.17889
15.23588 0.94416
15.36555 0.79646
15.39040 0.63512
15.23588 0.94416
15.11852 1.17889
14.93022 1.55548
14.63213 2.15166
14.14772 3.12048
15.50975 3.14159
16.24146 3.12180
16.29097 3.02277
15.95048 3.03682
15.57023 3.03682
15.24377 3.02277
15.19426 3.12180
15.51009 3.14159
16.24146 3.12180
16.29097 3.02277
16.35059 2.90353
16.09624 2.92710
15.81099 2.93555
15.97672 2.98434
16.16404 3.01172
16.29097 3.02277
16.24146 3.12180
15.51116 3.14159
15.19426 3.12180
15.24377 3.02277
15.49835 2.99875
15.75007 2.95251
15.81099 2.93555
15.53417 2.92710
15.30340 2.90353
15.24377 3.02277
15.19426 3.12180
15.51241 3.14159
16.24146 3.12180
16.35059 2.90353
16.41064 2.78343
16.18107 2.81615
16.05583 2.82610
16.17790 2.86866
16.35059 2.90353
16.41064 2.78343
16.47135 2.66201
16.29760 2.69716
16.20475 2.71009
16.33059 2.76171
16.41064 2.78343
16.35059 2.90353
16.17790 2.86866
16.05583 2.82610
16.20475 2.71009
16.01202 2.72533
15.91512 2.72727
15.99633 2.79478
16.05583 2.82610
16.17790 2.86866
16.35059 2.90353
16.24146 3.12180
15.51838 3.14159
15.19426 3.12180
15.30340 2.90353
15.51096 2.86866
15.67558 2.82610
15.45582 2.80176
15.36345 2.78343
15.30340 2.90353
15.51096 2.86866
15.67558 2.82610
15.84547 2.76171
15.91512 2.72727
15.72886 2.71956
15.64268 2.71009
15.67558 2.82610
15.51096 2.86866
15.30340 2.90353
15.36345 2.78343
15.55811 2.73711
15.64268 2.71009
15.48981 2.68104
15.42416 2.66201
15.36345 2.78343
15.30340 2.90353
15.19426 3.12180
15.52517 3.14159
16.24189 3.12094
16.47135 2.66201
16.53298 2.53876
16.35448 2.58340
16.31700 2.59046
16.44127 2.65150
16.47135 2.66201
16.53298 2.53876
16.59581 2.41309
16.44385 2.45994
16.41231 2.46774
16.50991 2.52813
16.53298 2.53876
16.47135 2.66201
16.33854 2.60370
16.31700 2.59046
16.41231 2.46774
16.25055 2.49814
16.21768 2.50240
16.29700 2.57678
16.31700 2.59046
16.44127 2.65150
16.47135 2.66201
16.59581 2.41309
16.66019 2.28433
16.49903 2.34175
16.59581 2.41309
16.66019 2.28433
16.72653 2.15166
16.58143 2.21193
16.66019 2.28433
16.59581 2.41309
16.49903 2.34175
16.58143 2.21193
16.43145 2.25668
16.49903 2.34175
16.59581 2.41309
16.47135 2.66201
16.33854 2.60370
16.24553 2.53325
16.21768 2.50240
16.33039 2.38186
16.15977 2.40256
16.21768 2.50240
16.33039 2.38186
16.43145 2.25668
16.27994 2.28433
16.33039 2.38186
16.21768 2.50240
16.15977 2.40256
16.27994 2.28433
16.13191 2.29370
16.15977 2.40256
16.21768 2.50240
16.29700 2.57678
16.41299 2.64039
16.47135 2.66201
16.24189 3.12094
15.55892 3.14159
15.19469 3.12094
15.42416 2.66201
15.61528 2.60370
15.65005 2.59046
15.51009 2.54885
15.48578 2.53876
15.42416 2.66201
15.61528 2.60370
15.65005 2.59046
15.80852 2.51800
15.83743 2.50240
15.70207 2.47500
15.67747 2.46774
15.65005 2.59046
15.46474 2.65150
15.42416 2.66201
15.48578 2.53876
15.64726 2.48072
15.67747 2.46774
15.56783 2.42345
15.54862 2.41309
15.48578 2.53876
15.42416 2.66201
15.61528 2.60370
15.77873 2.53325
15.83743 2.50240
15.99519 2.40256
15.84527 2.38186
15.83743 2.50240
15.99519 2.40256
16.13191 2.29370
15.99325 2.28433
15.99519 2.40256
15.83743 2.50240
15.84527 2.38186
15.99325 2.28433
15.86938 2.25668
15.84527 2.38186
15.83743 2.50240
15.68375 2.57678
15.50414 2.64039
15.42416 2.66201
15.54862 2.41309
15.71674 2.34175
15.61299 2.28433
15.54862 2.41309
15.71674 2.34175
15.86938 2.25668
15.76416 2.21193
15.71674 2.34175
15.54862 2.41309
15.61299 2.28433
15.76416 2.21193
15.67933 2.15166
15.61299 2.28433
15.54862 2.41309
15.42416 2.66201
15.19469 3.12094
15.59652 3.14159
16.24212 3.12048
16.72653 2.15166
16.79533 2.01406
16.66208 2.07749
16.72653 2.15166
16.79533 2.01406
16.86727 1.87017
16.74279 1.93733
16.79533 2.01406
16.72653 2.15166
16.66208 2.07749
16.74279 1.93733
16.61685 1.99077
16.66208 2.07749
16.72653 2.15166
16.86727 1.87017
16.94327 1.71818
16.82511 1.78991
16.86727 1.87017
16.94327 1.71818
17.02462 1.55548
16.91065 1.63308
16.94327 1.71818
16.86727 1.87017
16.82511 1.78991
16.91065 1.63308
16.79777 1.69683
16.82511 1.78991
16.86727 1.87017
16.72653 2.15166
16.65324 2.06388
16.61685 1.99077
16.70680 1.84811
16.58921 1.89239
16.61685 1.99077
16.70680 1.84811
16.79777 1.69683
16.68641 1.74676
16.70680 1.84811
16.61685 1.99077
16.58921 1.89239
16.68641 1.74676
16.57754 1.78269
16.58921 1.89239
16.61685 1.99077
16.67144 2.09076
16.72653 2.15166
17.02462 1.55548
17.11335 1.37802
17.00138 1.46362
17.02462 1.55548
17.11335 1.37802
17.21291 1.17889
17.10016 1.27626
17.11335 1.37802
17.02462 1.55548
17.00138 1.46362
17.10016 1.27626
16.99169 1.35642
17.00138 1.46362
17.02462 1.55548
17.21291 1.17889
17.33028 0.94416
17.21204 1.06133
17.21291 1.17889
17.33028 0.94416
17.48480 0.63512
17.34831 0.79646
17.33028 0.94416
17.21291 1.17889
17.21204 1.06133
17.34831 0.79646
17.22850 0.91779
17.21204 1.06133
17.21291 1.17889
17.02462 1.55548
16.99661 1.42967
16.99169 1.35642
17.10132 1.15589
16.99636 1.23174
16.99169 1.35642
17.10132 1.15589
17.22850 0.91779
17.11898 1.01217
17.10132 1.15589
16.99169 1.35642
16.99636 1.23174
17.11898 1.01217
17.01710 1.08540
16.99636 1.23174
16.99169 1.35642
17.00764 1.49587
17.02462 1.55548
16.72653 2.15166
16.65972 2.07398
16.60801 1.96620
16.58173 1.84134
16.57754 1.78269
16.68073 1.63308
16.58053 1.66137
16.57754 1.78269
16.68073 1.63308
16.78597 1.47071
16.68920 1.50608
16.68073 1.63308
16.57754 1.78269
16.58053 1.66137
16.68920 1.50608
16.59742 1.52727
16.58053 1.66137
16.57754 1.78269
16.76816 1.49882
16.78597 1.47071
16.89646 1.29097
16.80152 1.33472
16.78597 1.47071
16.89646 1.29097
17.01710 1.08540
16.92176 1.14043
16.89646 1.29097
16.78597 1.47071
16.80152 1.33472
16.92176 1.14043
16.83266 1.17889
16.80152 1.33472
16.78597 1.47071
16.59471 1.75851
16.57754 1.78269
16.58463 1.61818
16.59742 1.52727
16.71190 1.36363
16.62822 1.37802
16.59742 1.52727
16.71190 1.36363
16.83266 1.17889
16.74997 1.20167
16.71190 1.36363
16.59742 1.52727
16.62822 1.37802
16.74997 1.20167
16.67415 1.20922
16.62822 1.37802
16.59742 1.52727
16.57796 1.70315
16.57754 1.78269
16.59381 1.91474
16.63425 2.02995
16.69041 2.11461
16.72653 2.15166
16.24212 3.12048
15.80901 3.14159
15.19492 3.12048
15.67933 2.15166
15.81795 2.07749
15.74813 2.01406
15.67933 2.15166
15.81795 2.07749
15.94990 1.99077
15.87741 1.93733
15.81795 2.07749
15.67933 2.15166
15.74813 2.01406
15.87741 1.93733
15.82008 1.87017
15.74813 2.01406
15.67933 2.15166
15.84039 2.06388
15.94990 1.99077
16.07592 1.89239
16.00261 1.84811
15.94990 1.99077
16.07592 1.89239
16.19729 1.78269
16.12434 1.74676
16.07592 1.89239
15.94990 1.99077
16.00261 1.84811
16.12434 1.74676
16.06292 1.69683
16.00261 1.84811
15.94990 1.99077
15.79532 2.09076
15.67933 2.15166
15.82008 1.87017
15.94250 1.78991
15.89607 1.71818
15.82008 1.87017
15.94250 1.78991
16.06292 1.69683
16.01378 1.63308
15.94250 1.78991
15.82008 1.87017
15.89607 1.71818
16.01378 1.63308
15.97742 1.55548
15.89607 1.71818
15.82008 1.87017
15.67933 2.15166
15.82382 2.07398
15.98330 1.96620
16.13445 1.84134
16.19729 1.78269
16.31562 1.66137
16.24371 1.63308
16.19729 1.78269
16.31562 1.66137
16.43283 1.52727
16.36223 1.50608
16.31562 1.66137
16.19729 1.78269
16.24371 1.63308
16.36223 1.50608
16.30084 1.47071
16.24371 1.63308
16.19729 1.78269
16.35471 1.61818
16.43283 1.52727
16.55128 1.37802
16.48198 1.36363
16.43283 1.52727
16.55128 1.37802
16.67415 1.20922
16.60588 1.20167
16.55128 1.37802
16.43283 1.52727
16.48198 1.36363
16.60588 1.20167
16.54597 1.17889
16.48198 1.36363
16.43283 1.52727
16.27640 1.70315
16.19729 1.78269
16.29053 1.49882
16.30084 1.47071
16.42127 1.33472
16.37010 1.29097
16.30084 1.47071
16.42127 1.33472
16.54597 1.17889
16.49533 1.14043
16.42127 1.33472
16.30084 1.47071
16.37010 1.29097
16.49533 1.14043
16.45503 1.08540
16.37010 1.29097
16.30084 1.47071
16.20430 1.75851
16.19729 1.78269
16.04897 1.91474
15.89332 2.02995
15.75250 2.11461
15.67933 2.15166
15.97742 1.55548
16.09252 1.46362
16.06615 1.37802
15.97742 1.55548
16.09252 1.46362
16.20940 1.35642
16.18109 1.27626
16.09252 1.46362
15.97742 1.55548
16.06615 1.37802
16.18109 1.27626
16.16572 1.17889
16.06615 1.37802
15.97742 1.55548
16.13124 1.42967
16.20940 1.35642
16.32942 1.23174
16.30031 1.15589
16.20940 1.35642
16.32942 1.23174
16.45503 1.08540
16.42637 1.01217
16.32942 1.23174
16.20940 1.35642
16.30031 1.15589
16.42637 1.01217
16.41123 0.91779
16.30031 1.15589
16.20940 1.35642
16.05400 1.49587
15.97742 1.55548
16.16572 1.17889
16.28415 1.06133
16.28308 0.94416
16.16572 1.17889
16.28415 1.06133
16.41123 0.91779
16.41274 0.79646
16.28415 1.06133
16.16572 1.17889
16.28308 0.94416
16.41274 0.79646
16.43760 0.63512
16.28308 0.94416
16.16572 1.17889
15.97742 1.55548
15.67933 2.15166
15.19492 3.12048
16.00036 3.14159
16.00036 3.14159
16.00036 3.14159