# sss file
-1.57080 3.14159
-1.57080 3.14159
-2.60037 3.12259
-2.11489 2.15163
-2.10336 2.24888
-2.00406 2.14443
-2.11489 2.15163
-2.10336 2.24888
-2.07558 2.33977
-1.97937 2.23449
-2.10336 2.24888
-2.11489 2.15163
-2.00406 2.14443
-1.97937 2.23449
-1.88965 2.12491
-2.00406 2.14443
-2.11489 2.15163
-2.09755 2.27432
-2.07558 2.33977
-2.02741 2.42344
-1.93743 2.31705
-2.07558 2.33977
-2.02741 2.42344
-1.95368 2.49838
-1.87487 2.39099
-2.02741 2.42344
-2.07558 2.33977
-1.93743 2.31705
-1.87487 2.39099
-1.80079 2.28090
-1.93743 2.31705
-2.07558 2.33977
-2.10503 2.24029
-2.11489 2.15163
-1.97311 2.14032
-1.88965 2.12491
-1.85379 2.20718
-1.77396 2.09347
-1.88965 2.12491
-1.85379 2.20718
-1.80079 2.28090
-1.72927 2.16768
-1.85379 2.20718
-1.88965 2.12491
-1.77396 2.09347
-1.72927 2.16768
-1.65882 2.05075
-1.77396 2.09347
-1.88965 2.12491
-2.03474 2.14763
-2.11489 2.15163
-2.09755 2.27432
-2.06068 2.37110
-1.99741 2.45871
-1.95368 2.49838
-1.84868 2.56229
-1.78819 2.45465
-1.95368 2.49838
-1.84868 2.56229
-1.73393 2.60489
-1.70789 2.61204
-1.67467 2.50583
-1.84868 2.56229
-1.95368 2.49838
-1.78819 2.45465
-1.67467 2.50583
-1.63484 2.39754
-1.78819 2.45465
-1.95368 2.49838
-1.85966 2.55701
-1.73624 2.60421
-1.70789 2.61204
-1.56306 2.64009
-1.53140 2.64404
-1.53398 2.54202
-1.67695 2.60123
-1.70789 2.61204
-1.56306 2.64009
-1.53140 2.64404
-1.36281 2.65481
-1.32756 2.65513
-1.36992 2.56084
-1.50220 2.63081
-1.53140 2.64404
-1.68085 2.61871
-1.70789 2.61204
-1.56109 2.55448
-1.53398 2.54202
-1.36992 2.56084
-1.38495 2.46170
-1.53398 2.54202
-1.67695 2.60123
-1.70789 2.61204
-1.83740 2.56745
-1.93708 2.51090
-1.95368 2.49838
-1.80276 2.45921
-1.66175 2.40882
-1.63484 2.39754
-1.51974 2.43707
-1.49440 2.32924
-1.63484 2.39754
-1.51974 2.43707
-1.38495 2.46170
-1.38181 2.35852
-1.51974 2.43707
-1.63484 2.39754
-1.49440 2.32924
-1.38181 2.35852
-1.36585 2.25155
-1.49440 2.32924
-1.63484 2.39754
-1.77372 2.44998
-1.92281 2.49153
-1.95368 2.49838
-2.02185 2.43065
-2.07558 2.33977
-2.10503 2.24029
-2.11489 2.15163
-1.97311 2.14032
-1.82658 2.10920
-1.67965 2.05933
-1.65882 2.05075
-1.60765 2.11691
-1.54549 1.99743
-1.65882 2.05075
-1.60765 2.11691
-1.54182 2.17307
-1.48994 2.05578
-1.60765 2.11691
-1.65882 2.05075
-1.54549 1.99743
-1.48994 2.05578
-1.43466 1.93413
-1.54549 1.99743
-1.65882 2.05075
-1.59117 2.13325
-1.54182 2.17307
-1.46105 2.21828
-1.42143 2.10377
-1.54182 2.17307
-1.46105 2.21828
-1.36585 2.25155
-1.34026 2.14068
-1.46105 2.21828
-1.54182 2.17307
-1.42143 2.10377
-1.34026 2.14068
-1.30693 2.02551
-1.42143 2.10377
-1.54182 2.17307
-1.62303 2.09982
-1.65882 2.05075
-1.51500 1.98113
-1.43466 1.93413
-1.37646 1.98508
-1.32653 1.86137
-1.43466 1.93413
-1.37646 1.98508
-1.30693 2.02551
-1.26697 1.90541
-1.37646 1.98508
-1.43466 1.93413
-1.32653 1.86137
-1.26697 1.90541
-1.22087 1.77944
-1.32653 1.86137
-1.43466 1.93413
-1.57617 2.01298
-1.65882 2.05075
-1.80553 2.10319
-1.95235 2.13707
-2.09511 2.15125
-2.11489 2.15163
-2.09685 2.27706
-2.05817 2.37575
-2.00489 2.45068
-1.92776 2.51744
-1.82227 2.57399
-1.68532 2.61766
-1.51792 2.64552
-1.32756 2.65513
-1.14843 2.64740
-1.11263 2.64404
-1.18059 2.57530
-1.19093 2.56084
-1.32756 2.65513
-1.14843 2.64740
-1.11263 2.64404
-0.93786 2.61871
-0.90415 2.61204
-0.99340 2.55448
-1.00804 2.54202
-1.11263 2.64404
-1.29201 2.65481
-1.32756 2.65513
-1.19093 2.56084
-1.00804 2.54202
-1.07675 2.46170
-1.19093 2.56084
-1.32756 2.65513
-1.13214 2.64594
-0.94095 2.61929
-0.90415 2.61204
-0.74388 2.57166
-0.71361 2.56229
-0.83116 2.50583
-0.90415 2.61204
-0.74388 2.57166
-0.71361 2.56229
-0.54470 2.49838
-0.66646 2.45465
-0.71361 2.56229
-0.87096 2.60489
-0.90415 2.61204
-0.83116 2.50583
-0.66646 2.45465
-0.76270 2.39754
-0.83116 2.50583
-0.90415 2.61204
-1.09318 2.64195
-1.28876 2.65475
-1.32756 2.65513
-1.20226 2.56964
-1.07675 2.46170
-0.91733 2.43707
-0.97671 2.35852
-1.07675 2.46170
-0.91733 2.43707
-0.76270 2.39754
-0.83484 2.32924
-0.91733 2.43707
-1.07675 2.46170
-0.97671 2.35852
-0.83484 2.32924
-0.88570 2.25155
-0.97671 2.35852
-1.07675 2.46170
-1.20226 2.56964
-1.32756 2.65513
-1.13214 2.64594
-0.94095 2.61929
-0.76346 2.57741
-0.60363 2.52304
-0.54470 2.49838
-0.39603 2.42344
-0.51613 2.39099
-0.54470 2.49838
-0.39603 2.42344
-0.26419 2.33977
-0.37962 2.31705
-0.39603 2.42344
-0.54470 2.49838
-0.51613 2.39099
-0.37962 2.31705
-0.48011 2.28090
-0.51613 2.39099
-0.54470 2.49838
-0.40879 2.43065
-0.26419 2.33977
-0.14551 2.24888
-0.25512 2.23449
-0.26419 2.33977
-0.14551 2.24888
-0.03674 2.15163
-0.14038 2.14443
-0.14551 2.24888
-0.26419 2.33977
-0.25512 2.23449
-0.14038 2.14443
-0.23525 2.12491
-0.25512 2.23449
-0.26419 2.33977
-0.40879 2.43065
-0.54470 2.49838
-0.48011 2.28090
-0.35338 2.20718
-0.43841 2.16768
-0.48011 2.28090
-0.35338 2.20718
-0.23525 2.12491
-0.31951 2.09347
-0.35338 2.20718
-0.48011 2.28090
-0.43841 2.16768
-0.31951 2.09347
-0.39194 2.05075
-0.43841 2.16768
-0.48011 2.28090
-0.54470 2.49838
-0.69735 2.55701
-0.86797 2.60421
-1.05450 2.63727
-1.24970 2.65365
-1.32756 2.65513
-1.20226 2.56964
-1.07675 2.46170
-0.93445 2.31036
-0.88570 2.25155
-0.75723 2.21828
-0.80042 2.14068
-0.88570 2.25155
-0.75723 2.21828
-0.63124 2.17307
-0.68234 2.10377
-0.75723 2.21828
-0.88570 2.25155
-0.80042 2.14068
-0.68234 2.10377
-0.71858 2.02551
-0.80042 2.14068
-0.88570 2.25155
-0.74564 2.21465
-0.63124 2.17307
-0.50926 2.11691
-0.56584 2.05578
-0.63124 2.17307
-0.50926 2.11691
-0.39194 2.05075
-0.45194 1.99743
-0.50926 2.11691
-0.63124 2.17307
-0.56584 2.05578
-0.45194 1.99743
-0.49947 1.93413
-0.56584 2.05578
-0.63124 2.17307
-0.76884 2.22182
-0.88570 2.25155
-0.73329 2.04680
-0.71858 2.02551
-0.60863 1.98508
-0.63844 1.90541
-0.71858 2.02551
-0.60863 1.98508
-0.49947 1.93413
-0.53484 1.86137
-0.60863 1.98508
-0.71858 2.02551
-0.63844 1.90541
-0.53484 1.86137
-0.55856 1.77944
-0.63844 1.90541
-0.71858 2.02551
-0.86984 2.23169
-0.88570 2.25155
-1.02081 2.40589
-1.15799 2.53424
-1.30052 2.63841
-1.32756 2.65513
-1.51792 2.64552
-1.68532 2.61766
-1.82227 2.57399
-1.92776 2.51744
-2.00489 2.45068
-2.06637 2.35992
-2.10104 2.25978
-2.11489 2.15163
-1.96974 2.13982
-1.81972 2.10729
-1.66947 2.05519
-1.52207 1.98498
-1.37901 1.89806
-1.24036 1.79537
-1.22087 1.77944
-1.16090 1.81708
-1.11718 1.68835
-1.22087 1.77944
-1.16090 1.81708
-1.09234 1.84418
-1.05743 1.72007
-1.16090 1.81708
-1.22087 1.77944
-1.11718 1.68835
-1.05743 1.72007
-1.01467 1.58776
-1.11718 1.68835
-1.22087 1.77944
-1.13076 1.83072
-1.09234 1.84418
-1.01601 1.86054
-0.99007 1.74129
-1.09234 1.84418
-1.01601 1.86054
-0.93301 1.86601
-0.91594 1.75193
-1.01601 1.86054
-1.09234 1.84418
-0.99007 1.74129
-0.91594 1.75193
-0.88953 1.62970
-0.99007 1.74129
-1.09234 1.84418
-1.18927 1.80126
-1.22087 1.77944
-1.07049 1.64384
-1.01467 1.58776
-0.95551 1.61396
-0.91229 1.47682
-1.01467 1.58776
-0.95551 1.61396
-0.88953 1.62970
-0.85393 1.49785
-0.95551 1.61396
-1.01467 1.58776
-0.91229 1.47682
-0.85393 1.49785
-0.80869 1.35398
-0.91229 1.47682
-1.01467 1.58776
-1.16412 1.73090
-1.22087 1.77944
-1.13076 1.83072
-1.02325 1.85950
-0.93301 1.86601
-0.84453 1.86054
-0.83599 1.75193
-0.93301 1.86601
-0.84453 1.86054
-0.75185 1.84418
-0.75122 1.74129
-0.84453 1.86054
-0.93301 1.86601
-0.83599 1.75193
-0.75122 1.74129
-0.74017 1.62970
-0.83599 1.75193
-0.93301 1.86601
-0.80285 1.85445
-0.75185 1.84418
-0.65617 1.81708
-0.66264 1.72007
-0.75185 1.84418
-0.65617 1.81708
-0.55856 1.77944
-0.57117 1.68835
-0.65617 1.81708
-0.75185 1.84418
-0.66264 1.72007
-0.57117 1.68835
-0.57309 1.58776
-0.66264 1.72007
-0.75185 1.84418
-0.88534 1.86438
-0.93301 1.86601
-0.77498 1.67517
-0.74017 1.62970
-0.65845 1.61396
-0.64392 1.49785
-0.74017 1.62970
-0.65845 1.61396
-0.57309 1.58776
-0.56452 1.47682
-0.65845 1.61396
-0.74017 1.62970
-0.64392 1.49785
-0.56452 1.47682
-0.54529 1.35398
-0.64392 1.49785
-0.74017 1.62970
-0.89749 1.82541
-0.93301 1.86601
-1.05160 1.85445
-1.15502 1.81998
-1.22087 1.77944
-1.07049 1.64384
-0.92163 1.48737
-0.80869 1.35398
-0.75116 1.37005
-0.70197 1.21656
-0.80869 1.35398
-0.75116 1.37005
-0.68770 1.37539
-0.64516 1.22771
-0.75116 1.37005
-0.80869 1.35398
-0.70197 1.21656
-0.64516 1.22771
-0.58921 1.05973
-0.70197 1.21656
-0.80869 1.35398
-0.71142 1.37469
-0.68770 1.37539
-0.61889 1.37005
-0.58255 1.22771
-0.68770 1.37539
-0.61889 1.37005
-0.54529 1.35398
-0.51460 1.21656
-0.61889 1.37005
-0.68770 1.37539
-0.58255 1.22771
-0.51460 1.21656
-0.47052 1.05973
-0.58255 1.22771
-0.68770 1.37539
-0.78850 1.36107
-0.80869 1.35398
-0.63117 1.11946
-0.58921 1.05973
-0.53286 1.06573
-0.46521 0.87394
-0.58921 1.05973
-0.53286 1.06573
-0.47052 1.05973
-0.40872 0.87394
-0.53286 1.06573
-0.58921 1.05973
-0.46521 0.87394
-0.40872 0.87394
-0.31756 0.63512
-0.46521 0.87394
-0.58921 1.05973
-0.77037 1.30589
-0.80869 1.35398
-0.97749 1.54868
-1.12655 1.69702
-1.22087 1.77944
-1.35894 1.88434
-1.50135 1.97356
-1.64818 2.04623
-1.79818 2.10101
-1.94848 2.13642
-2.09465 2.15124
-2.11489 2.15163
-2.09647 2.27847
-2.05685 2.37815
-2.00214 2.45368
-1.92282 2.52079
-1.81423 2.57729
-1.67336 2.62042
-1.50167 2.64715
-1.30752 2.65503
-1.10507 2.64325
-0.90888 2.61302
-0.72849 2.56697
-0.56725 2.50813
-0.42430 2.43919
-0.27303 2.34593
-0.13887 2.24333
-0.03674 2.15163
-0.02734 2.24989
0.07333 2.14632
-0.03674 2.15163
-0.02734 2.24989
-0.00192 2.34197
0.09614 2.23750
-0.02734 2.24989
-0.03674 2.15163
0.07333 2.14632
0.09614 2.23750
0.18735 2.12863
0.07333 2.14632
-0.03674 2.15163
-0.02215 2.27564
-0.00192 2.34197
0.04369 2.42705
0.13614 2.32137
-0.00192 2.34197
0.04369 2.42705
0.11488 2.50367
0.19682 2.39680
0.04369 2.42705
-0.00192 2.34197
0.13614 2.32137
0.19682 2.39680
0.27322 2.28717
0.13614 2.32137
-0.00192 2.34197
-0.03134 2.22368
-0.03674 2.15163
0.10414 2.14271
0.18735 2.12863
0.22167 2.21210
0.30298 2.09895
0.18735 2.12863
0.22167 2.21210
0.27322 2.28717
0.34650 2.17438
0.22167 2.21210
0.18735 2.12863
0.30298 2.09895
0.34650 2.17438
0.41830 2.05789
0.30298 2.09895
0.18735 2.12863
0.04282 2.14900
-0.03674 2.15163
-0.02215 2.27564
0.01207 2.37378
0.07252 2.46304
0.11488 2.50367
0.21781 2.56954
0.28197 2.46216
0.11488 2.50367
0.21781 2.56954
0.33176 2.61397
0.35778 2.62151
0.39472 2.51521
0.24862 2.56150
0.21781 2.56954
0.11488 2.50367
0.28197 2.46216
0.39472 2.51521
0.43726 2.40692
0.28197 2.46216
0.11488 2.50367
0.20699 2.56408
0.32945 2.61326
0.35778 2.62151
0.50359 2.65143
0.53566 2.65575
0.53592 2.55331
0.38948 2.61103
0.35778 2.62151
0.50359 2.65143
0.53566 2.65575
0.70743 2.66822
0.74350 2.66882
0.70207 2.57394
0.56581 2.64279
0.53566 2.65575
0.38488 2.62855
0.35778 2.62151
0.50816 2.56551
0.53592 2.55331
0.70207 2.57394
0.68833 2.47436
0.53592 2.55331
0.38948 2.61103
0.35778 2.62151
0.22895 2.57490
0.13105 2.51652
0.11488 2.50367
0.26723 2.46654
0.40999 2.41788
0.43726 2.40692
0.55244 2.44812
0.57961 2.34018
0.43726 2.40692
0.55244 2.44812
0.68833 2.47436
0.69275 2.37091
0.55244 2.44812
0.43726 2.40692
0.57961 2.34018
0.69275 2.37091
0.70985 2.26381
0.57961 2.34018
0.43726 2.40692
0.29661 2.45767
0.14600 2.49725
0.11488 2.50367
0.04902 2.43440
-0.00192 2.34197
-0.03134 2.22368
-0.03674 2.15163
0.10414 2.14271
0.25036 2.11389
0.39743 2.06618
0.41830 2.05789
0.46864 2.12525
0.53196 2.00612
0.41830 2.05789
0.46864 2.12525
0.53387 2.18269
0.58697 2.06563
0.46864 2.12525
0.41830 2.05789
0.53196 2.00612
0.58697 2.06563
0.64319 1.94429
0.53196 2.00612
0.41830 2.05789
0.48492 2.14194
0.53387 2.18269
0.61441 2.22923
0.65520 2.11482
0.53387 2.18269
0.61441 2.22923
0.70985 2.26381
0.73642 2.15292
0.61441 2.22923
0.53387 2.18269
0.65520 2.11482
0.73642 2.15292
0.77054 2.03786
0.65520 2.11482
0.53387 2.18269
0.45347 2.10783
0.41830 2.05789
0.56256 1.99023
0.64319 1.94429
0.70109 1.99633
0.75173 1.87293
0.64319 1.94429
0.70109 1.99633
0.77054 2.03786
0.81115 1.91799
0.70109 1.99633
0.64319 1.94429
0.75173 1.87293
0.81115 1.91799
0.85773 1.79238
0.75173 1.87293
0.64319 1.94429
0.50118 2.02127
0.41830 2.05789
0.27141 2.10820
0.12482 2.13979
-0.01714 2.15159
-0.03674 2.15163
-0.02151 2.27841
0.01443 2.37851
0.06531 2.45484
0.14015 2.52325
0.24392 2.58169
0.38040 2.62744
0.54934 2.65738
0.74350 2.66882
0.92740 2.66232
0.96422 2.65915
0.89502 2.58995
0.88456 2.57541
0.74350 2.66882
0.92740 2.66232
0.96422 2.65915
1.14399 2.63448
1.17863 2.62790
1.08668 2.57012
1.07166 2.55760
0.96422 2.65915
0.77994 2.66879
0.74350 2.66882
0.88456 2.57541
1.07166 2.55760
1.00149 2.47692
0.88456 2.57541
0.74350 2.66882
0.94416 2.66095
1.14081 2.63506
1.17863 2.62790
1.34300 2.58772
1.37397 2.57836
1.27043 2.53233
1.25259 2.52198
1.17863 2.62790
1.34300 2.58772
1.37397 2.57836
1.51908 2.52588
1.54621 2.51436
1.42063 2.47101
1.37397 2.57836
1.21271 2.62081
1.17863 2.62790
1.25259 2.52198
1.42063 2.47101
1.32156 2.41402
1.25259 2.52198
1.17863 2.62790
0.98423 2.65716
0.78327 2.66876
0.74350 2.66882
0.87291 2.58413
1.00149 2.47692
1.16402 2.45308
1.10328 2.37432
1.00149 2.47692
1.16402 2.45308
1.32156 2.41402
1.24749 2.34569
1.16402 2.45308
1.00149 2.47692
1.10328 2.37432
1.24749 2.34569
1.19541 2.26793
1.10328 2.37432
1.00149 2.47692
0.87291 2.58413
0.74350 2.66882
0.94416 2.66095
1.14081 2.63506
1.32295 2.59346
1.48623 2.53908
1.54621 2.51436
1.69695 2.43920
1.57343 2.40736
1.54621 2.51436
1.69695 2.43920
1.82996 2.35528
1.71160 2.33332
1.69695 2.43920
1.54621 2.51436
1.57343 2.40736
1.71160 2.33332
1.60846 2.29769
1.57343 2.40736
1.54621 2.51436
1.68404 2.44642
1.82996 2.35528
1.94922 2.26419
1.83715 2.25064
1.82996 2.35528
1.94922 2.26419
2.05818 2.16683
1.95249 2.16051
1.94922 2.26419
1.82996 2.35528
1.83715 2.25064
1.95249 2.16051
1.85555 2.14172
1.83715 2.25064
1.82996 2.35528
1.68404 2.44642
1.54621 2.51436
1.60846 2.29769
1.73652 2.22398
1.64937 2.18498
1.60846 2.29769
1.73652 2.22398
1.85555 2.14172
1.76934 2.11089
1.73652 2.22398
1.60846 2.29769
1.64937 2.18498
1.76934 2.11089
1.69516 2.06865
1.64937 2.18498
1.60846 2.29769
1.54621 2.51436
1.39059 2.57308
1.21578 2.62014
1.02402 2.65265
0.82334 2.66793
0.74350 2.66882
0.87291 2.58413
1.00149 2.47692
1.12919 2.34568
1.19541 2.26793
1.32568 2.23523
1.28138 2.15766
1.19541 2.26793
1.32568 2.23523
1.45332 2.19043
1.40087 2.12129
1.32568 2.23523
1.19541 2.26793
1.28138 2.15766
1.40087 2.12129
1.36362 2.04318
1.28138 2.15766
1.19541 2.26793
1.33742 2.23165
1.45332 2.19043
1.57671 2.13457
1.51865 2.07372
1.45332 2.19043
1.57671 2.13457
1.69516 2.06865
1.63364 2.01573
1.57671 2.13457
1.45332 2.19043
1.51865 2.07372
1.63364 2.01573
1.58482 1.95279
1.51865 2.07372
1.45332 2.19043
1.31391 2.23872
1.19541 2.26793
1.34886 2.06433
1.36362 2.04318
1.47467 2.00328
1.44392 1.92388
1.36362 2.04318
1.47467 2.00328
1.58482 1.95279
1.54838 1.88039
1.47467 2.00328
1.36362 2.04318
1.44392 1.92388
1.54838 1.88039
1.52375 1.79886
1.44392 1.92388
1.36362 2.04318
1.21141 2.24817
1.19541 2.26793
1.05848 2.42144
0.91838 2.54899
0.77152 2.65229
0.74350 2.66882
0.54934 2.65738
0.38040 2.62744
0.24392 2.58169
0.14015 2.52325
0.06531 2.45484
0.00671 2.36243
-0.02527 2.26093
-0.03674 2.15163
0.10750 2.14226
0.25721 2.11208
0.40763 2.06218
0.55546 1.99399
0.69906 1.90895
0.83818 1.80805
0.85773 1.79238
0.91768 1.83095
0.96167 1.70268
0.85773 1.79238
0.91768 1.83095
0.98641 1.85898
1.02149 1.73526
0.91768 1.83095
0.85773 1.79238
0.96167 1.70268
1.02149 1.73526
1.06430 1.60356
0.96167 1.70268
0.85773 1.79238
0.94788 1.84502
0.98641 1.85898
1.06306 1.87624
1.08904 1.75735
0.98641 1.85898
1.06306 1.87624
1.14655 1.88257
1.16350 1.76883
1.06306 1.87624
0.98641 1.85898
1.08904 1.75735
1.16350 1.76883
1.18976 1.64712
1.08904 1.75735
0.98641 1.85898
0.88930 1.81471
0.85773 1.79238
1.00843 1.65883
1.06430 1.60356
1.12357 1.63058
1.16662 1.49426
1.06430 1.60356
1.12357 1.63058
1.18976 1.64712
1.22511 1.51606
1.12357 1.63058
1.06430 1.60356
1.16662 1.49426
1.22511 1.51606
1.26993 1.37336
1.16662 1.49426
1.06430 1.60356
0.91464 1.74460
0.85773 1.79238
0.94788 1.84502
1.05579 1.87513
1.14655 1.88257
1.23565 1.87790
1.24389 1.76963
1.14655 1.88257
1.23565 1.87790
1.32902 1.86228
1.32918 1.75976
1.23565 1.87790
1.14655 1.88257
1.24389 1.76963
1.32918 1.75976
1.33978 1.64871
1.24389 1.76963
1.14655 1.88257
1.27764 1.87215
1.32902 1.86228
1.42542 1.83586
1.41832 1.73927
1.32902 1.86228
1.42542 1.83586
1.52375 1.79886
1.51035 1.70827
1.42542 1.83586
1.32902 1.86228
1.41832 1.73927
1.51035 1.70827
1.50771 1.60831
1.41832 1.73927
1.32902 1.86228
1.19454 1.88139
1.14655 1.88257
1.30498 1.69368
1.33978 1.64871
1.42192 1.63374
1.43586 1.51843
1.33978 1.64871
1.42192 1.63374
1.50771 1.60831
1.51556 1.49823
1.42192 1.63374
1.33978 1.64871
1.43586 1.51843
1.51556 1.49823
1.53399 1.37658
1.43586 1.51843
1.33978 1.64871
1.18221 1.84237
1.14655 1.88257
1.02730 1.86975
0.92358 1.83394
0.85773 1.79238
1.00843 1.65883
1.15730 1.50465
1.26993 1.37336
1.32759 1.39017
1.37603 1.23838
1.26993 1.37336
1.32759 1.39017
1.39121 1.39629
1.43293 1.25027
1.32759 1.39017
1.26993 1.37336
1.37603 1.23838
1.43293 1.25027
1.48763 1.08492
1.37603 1.23838
1.26993 1.37336
1.36742 1.39530
1.39121 1.39629
1.46020 1.39177
1.49565 1.25111
1.39121 1.39629
1.46020 1.39177
1.53399 1.37658
1.56368 1.24089
1.46020 1.39177
1.39121 1.39629
1.49565 1.25111
1.56368 1.24089
1.60635 1.08671
1.49565 1.25111
1.39121 1.39629
1.29017 1.38071
1.26993 1.37336
1.44618 1.14327
1.48763 1.08492
1.54402 1.09173
1.60942 0.90446
1.48763 1.08492
1.54402 1.09173
1.60635 1.08671
1.66583 0.90546
1.54402 1.09173
1.48763 1.08492
1.60942 0.90446
1.66583 0.90546
1.75201 0.67658
1.60942 0.90446
1.48763 1.08492
1.30808 1.32608
1.26993 1.37336
1.10148 1.56505
0.95229 1.71122
0.85773 1.79238
0.71920 1.89549
0.57625 1.98285
0.42896 2.05352
0.27875 2.10613
0.12867 2.13920
-0.01668 2.15159
-0.03674 2.15163
-0.02117 2.27984
0.01568 2.38095
0.06796 2.45791
0.14498 2.52669
0.25188 2.58513
0.39240 2.63037
0.56585 2.65919
0.76404 2.66888
0.97200 2.65840
1.17377 2.62886
1.35875 2.58304
1.52327 2.52414
1.66835 2.45499
1.82107 2.36146
1.95588 2.25863
2.05818 2.16683
2.06978 2.26419
2.17019 2.16051
2.05818 2.16683
2.06978 2.26419
2.09794 2.35528
2.19539 2.25064
2.06978 2.26419
2.05818 2.16683
2.17019 2.16051
2.19539 2.25064
2.28592 2.14172
2.17019 2.16051
2.05818 2.16683
2.07565 2.28968
2.09794 2.35528
2.14704 2.43920
2.23827 2.33332
2.09794 2.35528
2.14704 2.43920
2.22262 2.51436
2.30240 2.40736
2.14704 2.43920
2.09794 2.35528
2.23827 2.33332
2.30240 2.40736
2.37704 2.29769
2.23827 2.33332
2.09794 2.35528
2.06810 2.25559
2.05818 2.16683
2.20149 2.15661
2.28592 2.14172
2.32268 2.22398
2.40296 2.11089
2.28592 2.14172
2.32268 2.22398
2.37704 2.29769
2.44884 2.18498
2.32268 2.22398
2.28592 2.14172
2.40296 2.11089
2.44884 2.18498
2.51937 2.06865
2.40296 2.11089
2.28592 2.14172
2.13916 2.16348
2.05818 2.16683
2.07565 2.28968
2.11311 2.38669
2.17774 2.47457
2.22262 2.51436
2.31030 2.56860
2.33085 2.57836
2.39155 2.47101
2.22262 2.51436
2.31030 2.56860
2.33085 2.57836
2.44966 2.62081
2.47666 2.62790
2.50862 2.52198
2.36191 2.56997
2.33085 2.57836
2.23822 2.52588
2.22262 2.51436
2.39155 2.47101
2.50862 2.52198
2.54761 2.41402
2.39155 2.47101
2.22262 2.51436
2.31951 2.57308
2.44726 2.62014
2.47666 2.62790
2.62697 2.65537
2.65982 2.65915
2.65393 2.55760
2.50830 2.61705
2.47666 2.62790
2.62697 2.65537
2.65982 2.65915
2.83445 2.66879
2.87086 2.66882
2.82321 2.57541
2.68948 2.64583
2.65982 2.65915
2.50472 2.63448
2.47666 2.62790
2.62639 2.57012
2.65393 2.55760
2.82321 2.57541
2.80478 2.47692
2.65393 2.55760
2.50830 2.61705
2.47666 2.62790
2.34251 2.58352
2.23969 2.52691
2.22262 2.51436
2.37669 2.47555
2.52026 2.42529
2.54761 2.41402
2.66609 2.45308
2.69000 2.34569
2.54761 2.41402
2.66609 2.45308
2.80478 2.47692
2.80559 2.37432
2.66609 2.45308
2.54761 2.41402
2.69000 2.34569
2.80559 2.37432
2.81985 2.26793
2.69000 2.34569
2.54761 2.41402
2.40630 2.46636
2.25416 2.50760
2.22262 2.51436
2.15272 2.44642
2.09794 2.35528
2.06810 2.25559
2.05818 2.16683
2.20149 2.15661
2.34973 2.12636
2.49832 2.07715
2.51937 2.06865
2.57190 2.13457
2.63382 2.01573
2.51937 2.06865
2.57190 2.13457
2.63944 2.19043
2.69081 2.07372
2.57190 2.13457
2.51937 2.06865
2.63382 2.01573
2.69081 2.07372
2.74557 1.95279
2.63382 2.01573
2.51937 2.06865
2.58881 2.15084
2.63944 2.19043
2.72227 2.23523
2.76102 2.12129
2.63944 2.19043
2.72227 2.23523
2.81985 2.26793
2.84414 2.15766
2.72227 2.23523
2.63944 2.19043
2.76102 2.12129
2.84414 2.15766
2.87639 2.04318
2.76102 2.12129
2.63944 2.19043
2.55612 2.11755
2.51937 2.06865
2.66458 1.99953
2.74557 1.95279
2.80523 2.00328
2.85442 1.88039
2.74557 1.95279
2.80523 2.00328
2.87639 2.04318
2.91539 1.92388
2.80523 2.00328
2.74557 1.95279
2.85442 1.88039
2.91539 1.92388
2.96058 1.79886
2.85442 1.88039
2.74557 1.95279
2.60285 2.03118
2.51937 2.06865
2.37103 2.12046
2.22248 2.15349
2.07815 2.16662
2.05818 2.16683
2.07637 2.29242
2.11565 2.39136
2.17008 2.46651
2.24928 2.53347
2.35816 2.59005
2.50008 2.63345
2.67381 2.66055
2.87086 2.66882
3.05512 2.65947
3.09177 2.65575
3.01842 2.58820
3.00718 2.57394
2.87086 2.66882
3.05512 2.65947
3.09177 2.65575
3.26975 2.62855
3.30389 2.62151
3.20951 2.56551
3.19396 2.55331
3.09177 2.65575
2.90754 2.66822
2.87086 2.66882
3.00718 2.57394
3.19396 2.55331
3.12049 2.47436
3.00718 2.57394
2.87086 2.66882
3.07181 2.65786
3.26662 2.62916
3.30389 2.62151
3.46545 2.57927
3.49583 2.56954
3.39137 2.52523
3.37325 2.51521
3.30389 2.62151
3.46545 2.57927
3.49583 2.56954
3.66464 2.50367
3.53905 2.46216
3.49583 2.56954
3.33746 2.61397
3.30389 2.62151
3.37325 2.51521
3.53905 2.46216
3.43900 2.40692
3.37325 2.51521
3.30389 2.62151
3.11166 2.65347
2.91089 2.66813
2.87086 2.66882
2.99591 2.58277
3.12049 2.47436
3.28262 2.44812
3.21952 2.37091
3.12049 2.47436
3.28262 2.44812
3.43900 2.40692
3.36339 2.34018
3.28262 2.44812
3.12049 2.47436
3.21952 2.37091
3.36339 2.34018
3.30953 2.26381
3.21952 2.37091
3.12049 2.47436
2.99591 2.58277
2.87086 2.66882
3.07181 2.65786
3.26662 2.62916
3.44578 2.58525
3.60586 2.52901
3.66464 2.50367
3.81244 2.42705
3.68956 2.39680
3.66464 2.50367
3.81244 2.42705
3.94313 2.34197
3.82568 2.32137
3.81244 2.42705
3.66464 2.50367
3.68956 2.39680
3.82568 2.32137
3.72280 2.28717
3.68956 2.39680
3.66464 2.50367
3.79977 2.43440
3.94313 2.34197
4.06063 2.24989
3.94954 2.23750
3.94313 2.34197
4.06063 2.24989
4.16830 2.15163
4.06354 2.14632
4.06063 2.24989
3.94313 2.34197
3.94954 2.23750
4.06354 2.14632
3.96721 2.12863
3.94954 2.23750
3.94313 2.34197
3.79977 2.43440
3.66464 2.50367
3.71624 2.30732
3.72280 2.28717
3.84941 2.21210
3.76231 2.17438
3.72280 2.28717
3.84941 2.21210
3.96721 2.12863
3.88125 2.09895
3.84941 2.21210
3.72280 2.28717
3.76231 2.17438
3.88125 2.09895
3.80699 2.05789
3.76231 2.17438
3.72280 2.28717
3.66841 2.48443
3.66464 2.50367
3.51212 2.56408
3.34048 2.61326
3.15115 2.64839
2.95112 2.66668
2.87086 2.66882
2.99591 2.58277
3.13937 2.45583
3.27760 2.30318
3.30953 2.26381
3.43955 2.22923
3.39384 2.15292
3.30953 2.26381
3.43955 2.22923
3.56663 2.18269
3.51317 2.11482
3.43955 2.22923
3.30953 2.26381
3.39384 2.15292
3.51317 2.11482
3.47478 2.03786
3.39384 2.15292
3.30953 2.26381
3.45125 2.22547
3.56663 2.18269
3.68930 2.12525
3.63059 2.06563
3.56663 2.18269
3.68930 2.12525
3.80699 2.05789
3.74510 2.00612
3.68930 2.12525
3.56663 2.18269
3.63059 2.06563
3.74510 2.00612
3.69570 1.94429
3.63059 2.06563
3.56663 2.18269
3.42782 2.23288
3.30953 2.26381
3.46023 2.05912
3.47478 2.03786
3.58576 1.99633
3.55405 1.91799
3.47478 2.03786
3.58576 1.99633
3.69570 1.94429
3.65853 1.87293
3.58576 1.99633
3.47478 2.03786
3.55405 1.91799
3.65853 1.87293
3.63308 1.79238
3.55405 1.91799
3.47478 2.03786
3.32520 2.24394
3.30953 2.26381
3.17588 2.41839
3.03991 2.54720
2.89793 2.65199
2.87086 2.66882
2.67381 2.66055
2.50008 2.63345
2.35816 2.59005
2.24928 2.53347
2.17008 2.46651
2.10731 2.37548
2.07213 2.27512
2.05818 2.16683
2.20490 2.15613
2.35666 2.12448
2.50861 2.07305
2.65744 2.00336
2.80162 1.91690
2.94101 1.81471
2.96058 1.79886
3.02190 1.83586
3.06457 1.70827
2.96058 1.79886
3.02190 1.83586
3.09188 1.86228
3.12560 1.73927
3.02190 1.83586
2.96058 1.79886
3.06457 1.70827
3.12560 1.73927
3.16717 1.60831
3.06457 1.70827
2.96058 1.79886
3.05268 1.84920
3.09188 1.86228
3.16964 1.87790
3.19425 1.75976
3.09188 1.86228
3.16964 1.87790
3.25406 1.88257
3.26966 1.76963
3.16964 1.87790
3.09188 1.86228
3.19425 1.75976
3.26966 1.76963
3.29469 1.64871
3.19425 1.75976
3.09188 1.86228
2.99291 1.82034
2.96058 1.79886
3.11132 1.66402
3.16717 1.60831
3.22752 1.63374
3.26940 1.49823
3.16717 1.60831
3.22752 1.63374
3.29469 1.64871
3.32889 1.51843
3.22752 1.63374
3.16717 1.60831
3.26940 1.49823
3.32889 1.51843
3.37262 1.37658
3.26940 1.49823
3.16717 1.60831
3.01752 1.75058
2.96058 1.79886
3.05268 1.84920
3.16227 1.87693
3.25406 1.88257
3.34388 1.87624
3.35086 1.76883
3.25406 1.88257
3.34388 1.87624
3.43779 1.85898
3.43680 1.75735
3.34388 1.87624
3.25406 1.88257
3.35086 1.76883
3.43680 1.75735
3.44630 1.64712
3.35086 1.76883
3.25406 1.88257
3.38614 1.86975
3.43779 1.85898
3.53455 1.83095
3.52643 1.73526
3.43779 1.85898
3.53455 1.83095
3.63308 1.79238
3.61883 1.70268
3.53455 1.83095
3.43779 1.85898
3.52643 1.73526
3.61883 1.70268
3.61532 1.60356
3.52643 1.73526
3.43779 1.85898
3.30247 1.88048
3.25406 1.88257
3.41165 1.69237
3.44630 1.64712
3.52904 1.63058
3.54202 1.51606
3.44630 1.64712
3.52904 1.63058
3.61532 1.60356
3.62230 1.49426
3.52904 1.63058
3.44630 1.64712
3.54202 1.51606
3.62230 1.49426
3.63989 1.37336
3.54202 1.51606
3.44630 1.64712
3.28952 1.84207
3.25406 1.88257
3.13340 1.87215
3.02791 1.83870
2.96058 1.79886
3.11132 1.66402
3.26009 1.50868
3.37262 1.37658
3.43121 1.39177
3.47862 1.24089
3.37262 1.37658
3.43121 1.39177
3.49568 1.39629
3.53643 1.25111
3.43121 1.39177
3.37262 1.37658
3.47862 1.24089
3.53643 1.25111
3.59013 1.08671
3.47862 1.24089
3.37262 1.37658
3.47160 1.39588
3.49568 1.39629
3.56543 1.39017
3.59998 1.25027
3.49568 1.39629
3.56543 1.39017
3.63989 1.37336
3.66877 1.23838
3.56543 1.39017
3.49568 1.39629
3.59998 1.25027
3.66877 1.23838
3.71064 1.08492
3.59998 1.25027
3.49568 1.39629
3.39320 1.38335
3.37262 1.37658
3.54871 1.14532
3.59013 1.08671
3.64744 1.09173
3.71189 0.90546
3.59013 1.08671
3.64744 1.09173
3.71064 1.08492
3.76931 0.90446
3.64744 1.09173
3.59013 1.08671
3.71189 0.90546
3.76931 0.90446
3.85459 0.67658
3.71189 0.90546
3.59013 1.08671
3.41072 1.32904
3.37262 1.37658
3.20432 1.56951
3.05518 1.71688
2.96058 1.79886
2.82181 1.90325
2.67834 1.99201
2.53011 2.06417
2.37846 2.11831
2.22640 2.15287
2.07862 2.16661
2.05818 2.16683
1.57080 3.14159
1.57080 3.14159