# sss file
-1.57080 3.14159
-1.57080 3.14159
-1.56130 3.12259
-0.78615 1.60046
-0.30578 0.63512
-0.27829 0.63512
-0.79600 1.68609
-1.03140 2.14086
-1.52820 3.06673
-1.54559 3.12259
-1.52988 3.12259
-0.85030 1.84635
-0.50503 1.15128
-0.25081 0.63512
-0.22334 0.63512
-0.68035 1.57337
-0.87648 1.95762
-1.16660 2.47299
-1.50870 3.09438
-1.51417 3.12259
-1.49846 3.12259
-1.02057 2.26742
-0.80619 1.87505
-0.58261 1.42875
-0.19588 0.63512
-0.16844 0.63512
-0.58662 1.50325
-0.76371 1.85518
-0.93597 2.16477
-1.38575 2.92404
-1.48276 3.12259
-1.46705 3.12259
-1.04660 2.39690
-0.80601 1.98369
-0.63787 1.66126
-0.37888 1.12796
-0.14101 0.63512
-0.11360 0.63512
-0.49815 1.44239
-0.66730 1.78364
-0.81424 2.05130
-1.33679 2.89976
-1.45134 3.12259
-1.43563 3.12259
-1.04155 2.46494
-0.77761 2.03463
-0.62983 1.76257
-0.44865 1.39483
-0.08622 0.63512
-0.05886 0.63512
-0.41606 1.39333
-0.57972 1.72846
-0.71255 1.97400
-0.88411 2.25232
-1.25847 2.82955
-1.41992 3.12259
-1.40422 3.12259
-1.03048 2.51808
-0.73590 2.05944
-0.59764 1.81389
-0.44778 1.51544
-0.19411 0.97800
-0.03153 0.63512
-0.00424 0.63512
-0.34128 1.35843
-0.49669 1.68128
-0.62360 1.91926
-0.76376 2.14901
-1.20747 2.80717
-1.38851 3.12259
-1.37280 3.12259
-1.01106 2.55479
-0.69011 2.07579
-0.56004 1.85285
-0.42759 1.59527
-0.24575 1.21038
0.02303 0.63512
0.05025 0.63512
-0.27441 1.33952
-0.42498 1.65580
-0.54383 1.88065
-0.67204 2.09205
-1.17056 2.80741
-1.35709 3.12259
-1.34138 3.12259
-0.98766 2.58312
-0.64515 2.09210
-0.51749 1.88088
-0.39881 1.65613
-0.24804 1.33986
0.07744 0.63512
0.10458 0.63512
-0.19955 1.30222
-0.34077 1.60415
-0.45764 1.83021
-0.57835 2.03303
-0.74750 2.27756
-1.10333 2.76387
-1.32568 3.12259
-1.30997 3.12259
-0.95926 2.60253
-0.59558 2.10019
-0.47007 1.89881
-0.35722 1.68994
-0.22741 1.42050
-0.01217 0.94741
0.13167 0.63512
0.15872 0.63512
-0.13293 1.28188
-0.27500 1.58908
-0.38754 1.80823
-0.49973 1.99777
-0.64310 2.20585
-1.05790 2.75356
-1.29426 3.12259
-1.27855 3.12259
-0.93926 2.63186
-0.55226 2.11655
-0.42879 1.92579
-0.32140 1.73359
-0.20347 1.49370
-0.03421 1.12038
0.18571 0.63512
0.21265 0.63512
-0.06652 1.26102
-0.20302 1.56031
-0.31151 1.77487
-0.42025 1.96118
-0.54861 2.14933
-1.02005 2.75400
-1.26142 3.10842
-1.26284 3.12259
-1.24714 3.12259
-0.90611 2.64220
-0.50402 2.12473
-0.37703 1.93394
-0.26828 1.74270
-0.15780 1.51975
-0.01463 1.20317
0.23954 0.63512
0.26636 0.63512
-0.00036 1.23963
-0.13110 1.53049
-0.23522 1.74008
-0.34005 1.92310
-0.45859 2.09962
-0.65664 2.35268
-0.98230 2.75447
-1.22991 3.10842
-1.23143 3.12259
-1.21572 3.12259
-0.88135 2.66245
-0.45641 2.13297
-0.33158 1.95125
-0.22717 1.77329
-0.12469 1.57158
0.00106 1.29582
0.23918 0.75452
0.29312 0.63512
0.31982 0.63512
0.06553 1.21772
-0.05929 1.49961
-0.15876 1.70379
-0.25928 1.88333
-0.37349 2.05677
-0.53371 2.26396
-0.91967 2.72365
-1.19841 3.10842
-1.20001 3.12259
-1.18431 3.12259
-0.84973 2.67302
-0.40945 2.14129
-0.28098 1.95930
-0.18071 1.79250
-0.07856 1.59495
0.03584 1.34541
0.22299 0.91376
0.34644 0.63512
0.37300 0.63512
0.12269 1.21503
-0.00083 1.49659
-0.10033 1.70119
-0.19605 1.87178
-0.30622 2.03881
-0.45634 2.23204
-0.88146 2.72427
-1.16019 3.09440
-1.16860 3.12259
-1.15289 3.12259
-0.82706 2.69367
-0.36315 2.14969
-0.23706 1.97649
-0.13480 1.81137
-0.03869 1.63004
0.06488 1.40763
0.21186 1.06656
0.39948 0.63512
0.42589 0.63512
0.18787 1.19252
0.07043 1.46445
-0.02401 1.66304
-0.12080 1.83967
-0.22600 2.00242
-0.35743 2.17483
-0.86087 2.74561
-1.13540 3.10842
-1.13718 3.12259
-1.12147 3.12259
-0.79694 2.70444
-0.31084 2.14981
-0.18153 1.97539
-0.07747 1.80920
0.01935 1.62713
0.12255 1.40451
0.25793 1.08721
0.45222 0.63512
0.47846 0.63512
0.24433 1.18960
0.12818 1.46110
0.03384 1.66004
-0.05772 1.82722
-0.15813 1.98314
-0.28493 2.14992
-0.50549 2.39829
-0.82335 2.74623
-1.10390 3.10842
-1.10577 3.12259
-1.09006 3.12259
-0.76744 2.71527
-0.26574 2.15836
-0.13916 1.99264
-0.03887 1.83812
0.05254 1.67279
0.14647 1.47655
0.26131 1.20998
0.46969 0.71515
0.50463 0.63512
0.53070 0.63512
0.30867 1.16655
0.19212 1.44279
0.09745 1.64475
0.00513 1.81445
-0.09672 1.97267
-0.21895 2.13300
-0.41231 2.34964
-0.76760 2.72632
-1.06523 3.09442
-1.07435 3.12259
-1.05864 3.12259
-0.73854 2.72617
-0.22138 2.16700
-0.09121 2.00077
0.01122 1.84623
0.10361 1.68165
0.19718 1.48751
0.30161 1.24481
0.47850 0.81761
0.55669 0.63512
0.58258 0.63512
0.37258 1.14306
0.26226 1.40885
0.17309 1.60403
0.08647 1.76891
-0.00908 1.92355
-0.12434 2.08069
-0.27904 2.25961
-0.72993 2.72706
-1.02469 3.08058
-1.04293 3.12259
-1.02723 3.12259
-0.71024 2.73711
-0.36274 2.37547
-0.15590 2.15022
-0.03052 1.99050
0.07335 1.83370
0.16653 1.66666
0.25399 1.48399
0.35746 1.24156
0.51864 0.84724
0.60838 0.63512
0.63409 0.63512
0.42769 1.13995
0.31869 1.40512
0.22978 1.60052
0.14261 1.76613
0.04570 1.92186
-0.06472 2.07137
-0.21465 2.24372
-0.69240 2.72783
-0.99289 3.08059
-1.01152 3.12259
-0.99581 3.12259
-0.68253 2.74810
-0.35044 2.41017
-0.12738 2.17606
0.00254 2.01722
0.10951 1.86242
0.19804 1.71059
0.28503 1.53598
0.37677 1.32599
0.50600 1.00707
0.65969 0.63512
0.68520 0.63512
0.48237 1.13676
0.37467 1.40131
0.28600 1.59693
0.19829 1.76328
0.10678 1.91020
-0.00524 2.06185
-0.14996 2.22760
-0.66479 2.73876
-0.96110 3.08060
-0.98010 3.12259
-0.96439 3.12259
-0.64560 2.74880
-0.31453 2.41992
-0.08510 2.18496
0.04831 2.02555
0.15104 1.88071
0.24118 1.73051
0.32848 1.55910
0.41853 1.35522
0.53205 1.07384
0.71060 0.63512
0.73589 0.63512
0.54470 1.11285
0.44329 1.36617
0.36043 1.55417
0.27899 1.71491
0.18785 1.86765
0.08333 2.01499
-0.04519 2.16810
-0.24459 2.37128
-0.61780 2.72942
-0.91929 3.06694
-0.94869 3.12259
-0.93298 3.12259
-0.61880 2.75981
-0.29718 2.44666
-0.05156 2.20254
0.08600 2.04321
0.19157 1.89897
0.28352 1.75018
0.36524 1.59450
0.44727 1.41397
0.54490 1.17453
0.71460 0.74716
0.76107 0.63512
0.78615 0.63512
0.59835 1.10962
0.49818 1.36223
0.41566 1.55034
0.33387 1.71170
0.24171 1.86545
0.13547 2.01401
0.00435 2.16838
-0.19062 2.36422
-0.58073 2.73024
-0.87683 3.05347
-0.91727 3.12259
-0.90156 3.12259
-0.59257 2.77086
-0.27239 2.46508
-0.01928 2.22026
0.12251 2.06097
0.23104 1.91724
0.32501 1.76967
0.40765 1.61627
0.48921 1.43995
0.58369 1.20923
0.72751 0.84089
0.81111 0.63512
0.83595 0.63512
0.65951 1.08537
0.55908 1.34228
0.47658 1.53306
0.39462 1.69670
0.30875 1.84212
0.20943 1.98415
0.08599 2.13311
-0.08300 2.30651
-0.54384 2.73107
-0.84478 3.05350
-0.88585 3.12259
-0.87015 3.12259
-0.55647 2.77153
-0.23938 2.47505
0.02018 2.22952
0.16553 2.06966
0.27651 1.92554
0.37218 1.77797
0.45567 1.62523
0.53714 1.45066
0.62283 1.24211
0.74628 0.92211
0.86068 0.63512
0.88528 0.63512
0.71201 1.08217
0.61936 1.32208
0.53692 1.51554
0.45486 1.68145
0.36857 1.82897
0.26840 1.97309
0.14346 2.12408
-0.01917 2.29061
-0.51763 2.74191
-0.81274 3.05353
-0.85444 3.12259
-0.83873 3.12259
-0.53111 2.78258
-0.21675 2.49363
0.05882 2.23887
0.20772 2.07844
0.32119 1.93394
0.41860 1.78632
0.50304 1.63413
0.58456 1.46115
0.66896 1.25607
0.77826 0.97013
0.90977 0.63512
0.93412 0.63512
0.76397 1.07894
0.67248 1.31808
0.59042 1.51157
0.51456 1.66596
0.42793 1.81557
0.32701 1.96180
0.20893 2.10565
0.05385 2.26586
-0.49197 2.75277
-0.79171 3.06702
-0.82302 3.12259
-0.80731 3.12259
-0.49548 2.78323
-0.18539 2.50366
0.09665 2.24829
0.24907 2.08733
0.36503 1.94242
0.46424 1.79471
0.54973 1.64299
0.62519 1.48557
0.70808 1.28661
0.81157 1.01455
0.95836 0.63512
0.98246 0.63512
0.82319 1.05452
0.73146 1.29767
0.65576 1.47984
0.58012 1.63790
0.49371 1.79081
0.40028 1.92989
0.28251 2.07734
0.13610 2.23186
-0.10116 2.44590
-0.45593 2.75354
-0.74875 3.05359
-0.79161 3.12259
-0.77590 3.12259
-0.47096 2.79428
-0.16486 2.52235
0.13365 2.25780
0.28957 2.09633
0.40803 1.95102
0.50215 1.81420
0.58923 1.66408
0.66523 1.50938
0.74067 1.33202
0.83027 1.09788
0.97722 0.70867
1.00643 0.63512
1.03027 0.63512
0.87387 1.05141
0.78329 1.29370
0.70797 1.47584
0.63218 1.63434
0.55205 1.77681
0.45816 1.91786
0.34769 2.05777
0.20948 2.20590
0.00079 2.39645
-0.40900 2.74433
-0.70534 3.04035
-0.76019 3.12259
-0.74448 3.12259
-0.43579 2.79488
-0.12478 2.52376
0.16982 2.26737
0.32920 2.10543
0.45017 1.95972
0.54605 1.82275
0.63436 1.67290
0.71086 1.51919
0.78590 1.34402
0.87342 1.11483
1.01237 0.74141
1.05398 0.63512
1.07754 0.63512
0.92393 1.04831
0.83448 1.28976
0.75952 1.47186
0.68357 1.63081
0.60287 1.77405
0.50794 1.91614
0.39595 2.05719
0.25557 2.20644
0.05339 2.38934
-0.37313 2.74513
-0.66159 3.02730
-0.72877 3.12259
-0.71307 3.12259
-0.41207 2.80592
-0.10604 2.54247
0.20517 2.27699
0.35933 2.12398
0.48355 1.97865
0.58188 1.84235
0.67205 1.69381
0.74951 1.54234
0.82432 1.37122
0.90227 1.16924
1.01581 0.85857
1.10097 0.63512
1.12426 0.63512
0.97337 1.04524
0.88499 1.28586
0.81036 1.46792
0.73427 1.62732
0.65300 1.77133
0.55708 1.91443
0.44362 2.05662
0.30115 2.20698
0.10589 2.38217
-0.33745 2.74593
-0.62943 3.02735
-0.69736 3.12259
-0.68165 3.12259
-0.37735 2.80648
-0.07763 2.55251
0.23969 2.28667
0.39704 2.13331
0.52377 1.98761
0.62392 1.85111
0.71548 1.70271
0.79367 1.55197
0.86846 1.38259
0.94518 1.18418
1.04480 0.90880
1.14741 0.63512
1.17041 0.63512
1.02216 1.04222
0.94110 1.26547
0.86670 1.44986
0.79078 1.61122
0.70951 1.75706
0.61333 1.90207
0.49926 2.04618
0.36500 2.18919
0.17879 2.35773
-0.30194 2.74671
-0.59729 3.02741
-0.66594 3.12259
-0.65023 3.12259
-0.35439 2.81750
-0.06082 2.57126
0.27338 2.29639
0.43386 2.14273
0.56309 1.99669
0.66508 1.85999
0.75121 1.72358
0.83068 1.57470
0.90576 1.40866
0.98110 1.21641
1.07514 0.95508
1.19326 0.63512
1.21597 0.63512
1.07770 1.01807
0.99644 1.24496
0.92227 1.43169
0.85305 1.58204
0.77240 1.73081
0.68445 1.86769
0.57994 2.00521
0.44726 2.15222
0.28233 2.30670
-0.28997 2.76724
-0.57723 3.04051
-0.63453 3.12259
-0.61882 3.12259
-0.32009 2.81801
-0.02277 2.57253
0.30625 2.30614
0.46981 2.15222
0.60149 2.00589
0.70532 1.86899
0.79282 1.73264
0.87321 1.58429
0.94857 1.41962
1.02319 1.23025
1.11430 0.97569
1.23853 0.63512
1.26094 0.63512
1.12503 1.01527
1.04471 1.24133
0.97705 1.41342
0.90808 1.56553
0.82757 1.71608
0.73956 1.85469
0.63473 1.99400
0.51060 2.13329
0.35537 2.28109
0.10048 2.48863
-0.25510 2.76793
-0.54528 3.04055
-0.60311 3.12259
-0.58740 3.12259
-0.28593 2.81851
0.01497 2.57377
0.34850 2.30713
0.51420 2.15237
0.64746 2.00501
0.75237 1.86715
0.84058 1.72997
0.92139 1.58098
0.99064 1.43051
1.06471 1.24381
1.14568 1.01718
1.28319 0.63512
1.30529 0.63512
1.17164 1.01255
1.09223 1.23780
1.02490 1.40977
0.95589 1.56216
0.87499 1.71333
0.78630 1.85276
0.68045 1.99304
0.55492 2.13330
0.39775 2.28197
0.15071 2.48145
-0.20845 2.75873
-0.50111 3.02756
-0.57169 3.12259
-0.55599 3.12259
-0.26394 2.82948
0.02957 2.59241
0.37992 2.31690
0.54855 2.16200
0.67555 2.02463
0.78304 1.88740
0.87333 1.75112
0.95572 1.60366
1.02575 1.45561
1.09326 1.28986
1.17050 1.07626
1.27893 0.76622
1.32723 0.63512
1.34901 0.63512
1.21754 1.00991
1.13899 1.23438
1.07197 1.40623
1.00291 1.55890
0.92870 1.69851
0.84008 1.83960
0.73407 1.98161
0.60807 2.12358
0.44995 2.27379
0.22330 2.45718
-0.17380 2.75941
-0.45670 3.01478
-0.54028 3.12259
-0.52457 3.12259
-0.23019 2.82991
0.06644 2.59354
0.41053 2.32668
0.58201 2.17169
0.71119 2.03416
0.82050 1.89680
0.91220 1.76055
0.99565 1.61347
1.06622 1.46636
1.13362 1.30250
1.20950 1.09305
1.31292 0.79392
1.37064 0.63512
1.39210 0.63512
1.26270 1.00736
1.18496 1.23108
1.11823 1.40282
1.04912 1.55576
0.97460 1.69589
0.88538 1.83774
0.77846 1.98065
0.65123 2.12354
0.49139 2.27457
0.26211 2.45843
-0.13934 2.76007
-0.42465 3.01484
-0.50886 3.12259
-0.49315 3.12259
-0.19657 2.83034
0.10300 2.59463
0.45099 2.32763
0.62435 2.17193
0.75483 2.03356
0.86511 1.89534
0.95748 1.75833
1.04137 1.61062
1.11208 1.46315
1.17933 1.29925
1.25460 1.09028
1.35661 0.79271
1.41341 0.63512
1.43454 0.63512
1.30710 1.00491
1.23014 1.22792
1.16367 1.39956
1.09451 1.55275
1.01969 1.69339
0.92991 1.83595
0.82214 1.97973
0.69373 2.12349
0.54278 2.26617
0.32337 2.44253
-0.10505 2.76070
-0.39264 3.01490
-0.47745 3.12259
-0.46174 3.12259
-0.16309 2.83074
0.12742 2.60438
0.48016 2.33739
0.65620 2.18171
0.78876 2.04328
0.90079 1.90500
0.99456 1.76806
1.07955 1.62072
1.15088 1.47409
1.21818 1.31191
1.28593 1.12537
1.37249 0.87038
1.45552 0.63512
1.47633 0.63512
1.35775 0.98149
1.28054 1.20808
1.21435 1.38172
1.14557 1.53651
1.07108 1.67860
0.98153 1.82270
0.87383 1.96809
0.75485 2.10347
0.60428 2.24835
0.40732 2.40922
-0.07096 2.76129
-0.34797 3.00233
-0.44603 3.12259
-0.43032 3.12259
-0.14221 2.84160
0.15129 2.61409
0.50855 2.34712
0.68717 2.19153
0.82176 2.05309
0.93551 1.91479
1.03068 1.77793
1.11678 1.63094
1.18879 1.48509
1.25624 1.32450
1.32326 1.14103
1.40692 0.89319
1.49697 0.63512
1.51744 0.63512
1.40053 0.97936
1.33006 1.18820
1.26415 1.36388
1.19576 1.52025
1.12163 1.66376
1.03238 1.80935
0.93352 1.94538
0.81536 2.08301
0.67577 2.22071
0.49105 2.37539
-0.04954 2.77157
-0.32874 3.01500
-0.41461 3.12259
-0.39891 3.12259
-0.10909 2.84194
0.17462 2.62374
0.54723 2.34799
0.72743 2.19182
0.86311 2.05269
0.97769 1.91366
1.07344 1.77613
1.15994 1.62857
1.23212 1.48238
1.29950 1.32169
1.36615 1.13849
1.44893 0.89158
1.53774 0.63512
1.55787 0.63512
1.44251 0.97737
1.37267 1.18557
1.30703 1.36110
1.23863 1.51764
1.16428 1.66155
1.07460 1.80773
0.97513 1.94443
0.85614 2.08277
0.71545 2.22112
0.52917 2.37630
-0.01590 2.77208
-0.29685 3.01505
-0.38320 3.12259
-0.36749 3.12259
-0.07611 2.84226
0.20965 2.62457
0.58538 2.34880
0.75680 2.20168
0.89439 2.06266
1.01061 1.92370
1.10771 1.78632
1.19534 1.63912
1.26825 1.49366
1.33590 1.33442
1.40204 1.15400
1.48242 0.91349
1.57783 0.63512
1.59761 0.63512
1.48370 0.97550
1.41444 1.18311
1.34903 1.35850
1.28063 1.51521
1.20608 1.65948
1.11599 1.80622
1.01596 1.94355
0.89620 2.08255
0.75451 2.22151
0.56678 2.37716
0.01757 2.77256
-0.26500 3.01510
-0.35178 3.12259
-0.33608 3.12259
-0.04325 2.84256
0.24439 2.62534
0.61175 2.35842
0.78532 2.21155
0.92475 2.07269
1.04257 1.93386
1.14101 1.79665
1.22977 1.64982
1.30344 1.50506
1.37143 1.34717
1.43721 1.16931
1.51553 0.93463
1.61722 0.63512
1.63666 0.63512
1.52407 0.97377
1.45534 1.18083
1.39015 1.35610
1.32174 1.51295
1.24700 1.65758
1.16446 1.79293
1.06477 1.93157
0.94522 2.07195
0.80353 2.21225
0.62691 2.36022
0.27795 2.60985
-0.01311 2.82264
-0.29636 3.08080
-0.32037 3.12259
-0.30466 3.12259
-0.01053 2.84283
0.27884 2.62606
0.64874 2.35914
0.82348 2.21185
0.96378 2.07245
1.08226 1.93304
1.18118 1.79529
1.27028 1.64799
1.34411 1.50292
1.41210 1.34490
1.47764 1.16720
1.55535 0.93316
1.65592 0.63512
1.67500 0.63512
1.56362 0.97219
1.49537 1.17875
1.43038 1.35389
1.36195 1.51089
1.28704 1.65583
1.20420 1.79161
1.10406 1.93078
0.98388 2.07172
0.84137 2.21255
0.66363 2.36092
0.32492 2.60196
0.03255 2.81283
-0.25266 3.06729
-0.28895 3.12259
-0.27324 3.12259
0.02206 2.84307
0.31298 2.62670
0.68519 2.35978
0.86099 2.21213
1.00207 2.07224
1.12115 1.93230
1.22050 1.79406
1.30282 1.65903
1.37744 1.51465
1.44586 1.35789
1.51122 1.18252
1.58034 0.97504
1.69391 0.63512
1.71264 0.63512
1.60234 0.97076
1.53452 1.17686
1.46970 1.35190
1.40127 1.50903
1.32620 1.65426
1.24309 1.79042
1.14253 1.93006
1.02180 2.07152
0.87855 2.21281
0.69981 2.36154
0.37169 2.59405
0.06524 2.81312
-0.22111 3.06729
-0.25754 3.12259
-0.24183 3.12259
0.04161 2.85377
0.32176 2.64475
0.70959 2.36925
0.88722 2.22199
1.02992 2.08244
1.15045 1.94279
1.25104 1.80485
1.34153 1.65757
1.41630 1.51291
1.48473 1.35604
1.54992 1.18077
1.61864 0.97372
1.73119 0.63512
1.74955 0.63512
1.64022 0.96948
1.57278 1.17518
1.50812 1.35013
1.43967 1.50737
1.36446 1.65285
1.28111 1.78936
1.18020 1.92942
1.05896 2.07133
0.91506 2.21305
0.73544 2.36210
0.41825 2.58611
0.11077 2.80341
-0.17692 3.05400
-0.22612 3.12259
-0.21041 3.12259
0.07389 2.85395
0.35520 2.64524
0.74489 2.36977
0.92335 2.22224
1.06667 2.08230
1.18767 1.94224
1.28861 1.80391
1.37216 1.66896
1.44773 1.52500
1.51666 1.36930
1.58182 1.19617
1.64942 0.99326
1.75626 0.66804
1.76774 0.63512
1.78575 0.63512
1.67725 0.96837
1.61015 1.17372
1.54561 1.34858
1.47715 1.50592
1.40182 1.65163
1.31826 1.78843
1.21704 1.92887
1.09538 2.07117
0.95091 2.21326
0.77052 2.36259
0.46456 2.57812
0.14320 2.80365
-0.14537 3.05401
-0.19470 3.12259
-0.17900 3.12259
0.10605 2.85411
0.38834 2.64567
0.77964 2.37023
0.95882 2.22244
1.10267 2.08218
1.22407 1.94176
1.32531 1.80309
1.40906 1.66787
1.48475 1.52369
1.55370 1.36790
1.61875 1.19482
1.68606 0.99221
1.79218 0.66791
1.80357 0.63512
1.82121 0.63512
1.71343 0.96742
1.64660 1.17246
1.58815 1.33221
1.52662 1.47704
1.45259 1.62476
1.37042 1.76332
1.27071 1.90554
1.15061 2.04975
1.01827 2.18388
0.85168 2.32679
0.61104 2.50217
0.21462 2.77462
-0.06151 3.00277
-0.16329 3.12259
-0.14758 3.12259
0.13808 2.85424
0.42120 2.64602
0.81384 2.37061
0.99362 2.22262
1.13791 2.08208
1.25965 1.94136
1.36113 1.80241
1.44505 1.66695
1.52084 1.52260
1.58981 1.36671
1.65476 1.19368
1.72183 0.99132
1.82735 0.66781
1.83867 0.63512
1.85595 0.63512
1.74875 0.96663
1.68215 1.17143
1.62378 1.33112
1.56226 1.47600
1.48816 1.62387
1.40585 1.76263
1.30594 1.90511
1.18554 2.04960
1.05285 2.18397
0.88578 2.32710
0.64440 2.50258
0.24684 2.77482
-0.02990 3.00279
-0.13187 3.12259
-0.11616 3.12259
0.16999 2.85435
0.45377 2.64631
0.83576 2.37980
1.01692 2.23240
1.16250 2.09243
1.28545 1.95224
1.38801 1.81380
1.47285 1.67889
1.54942 1.53527
1.61894 1.38053
1.68401 1.20945
1.75029 1.01076
1.84139 0.72808
1.87304 0.63512
1.88995 0.63512
1.78321 0.96602
1.71679 1.17063
1.65849 1.33027
1.59697 1.47519
1.52280 1.62317
1.44039 1.76209
1.34032 1.90477
1.21970 2.04948
1.08673 2.18405
0.91928 2.32734
0.67733 2.50289
0.27888 2.77498
0.00166 3.00281
-0.10046 3.12259
-0.08475 3.12259
0.20178 2.85443
0.48605 2.64653
0.86882 2.38003
1.05035 2.23251
1.19620 2.09238
1.31936 1.95201
1.42207 1.81339
1.50701 1.67834
1.58364 1.53462
1.65318 1.37982
1.71820 1.20875
1.78435 1.01020
1.87514 0.72790
1.90668 0.63512
1.92322 0.63512
1.81680 0.96558
1.75051 1.17005
1.69225 1.32966
1.63073 1.47461
1.55653 1.62267
1.47405 1.76170
1.37386 1.90453
1.25308 2.04939
1.11991 2.18410
0.95220 2.32751
0.70983 2.50312
0.31074 2.77509
0.03318 3.00282
-0.06904 3.12259
-0.05333 3.12259
0.23344 2.85448
0.51805 2.64667
0.90134 2.38019
1.08311 2.23259
1.22914 2.09235
1.35244 1.95185
1.45525 1.81313
1.54025 1.67798
1.61693 1.53418
1.68648 1.37934
1.75147 1.20829
1.81753 1.00983
1.90812 0.72778
1.93957 0.63512
1.95574 0.63512
1.84952 0.96532
1.78331 1.16970
1.72508 1.32930
1.66356 1.47426
1.58933 1.62237
1.50680 1.76147
1.40655 1.90438
1.28567 2.04934
1.15239 2.18413
0.98451 2.32761
0.74190 2.50326
0.34242 2.77516
0.06466 3.00283
-0.03762 3.12259
-0.02192 3.12259
0.26498 2.85451
0.54975 2.64675
0.93331 2.38027
1.11520 2.23263
1.26132 2.09233
1.38468 1.95178
1.48754 1.81299
1.57259 1.67780
1.64929 1.53396
1.71884 1.37910
1.78382 1.20806
1.84983 1.00964
1.94032 0.72773
1.97173 0.63512
1.98753 0.63512
1.88137 0.96523
1.81518 1.16959
1.75697 1.32918
1.69545 1.47414
1.62121 1.62227
1.53867 1.76139
1.43839 1.90433
1.32723 2.03853
1.19484 2.17413
1.02785 2.31845
0.79855 2.48626
0.37393 2.77518
0.09610 3.00283
-0.00621 3.12259
0.00950 3.12259
0.29639 2.85451
0.58117 2.64675
0.96472 2.38027
1.14661 2.23263
1.29274 2.09233
1.41610 1.95178
1.51896 1.81299
1.60400 1.67780
1.68070 1.53396
1.75025 1.37910
1.81523 1.20806
1.88125 1.00964
1.97173 0.72773
2.00314 0.63512
2.01857 0.63512
1.91235 0.96532
1.84614 1.16970
1.78791 1.32930
1.72639 1.47426
1.65217 1.62237
1.56964 1.76147
1.46938 1.90438
1.34850 2.04934
1.21522 2.18413
1.04734 2.32761
0.80473 2.50326
0.40525 2.77516
0.12750 3.00283
0.02521 3.12259
0.04092 3.12259
0.32769 2.85448
0.61229 2.64667
0.99559 2.38019
1.17736 2.23259
1.32339 2.09235
1.44669 1.95185
1.54949 1.81313
1.63450 1.67798
1.71118 1.53418
1.78073 1.37934
1.84572 1.20829
1.91178 1.00983
2.00237 0.72778
2.03382 0.63512
2.04888 0.63512
1.94246 0.96558
1.87617 1.17005
1.81792 1.32966
1.75640 1.47461
1.68219 1.62267
1.59971 1.76170
1.49952 1.90453
1.37874 2.04939
1.24558 2.18410
1.07786 2.32751
0.83549 2.50312
0.43640 2.77509
0.15885 3.00282
0.05662 3.12259
0.07233 3.12259
0.35886 2.85443
0.64313 2.64653
1.02590 2.38003
1.20743 2.23251
1.35328 2.09238
1.47644 1.95201
1.57915 1.81339
1.66409 1.67834
1.74072 1.53462
1.81026 1.37982
1.87528 1.20875
1.94143 1.01020
2.03222 0.72790
2.06376 0.63512
2.07845 0.63512
1.97170 0.96602
1.90529 1.17063
1.84698 1.33027
1.78546 1.47519
1.71130 1.62317
1.62889 1.76209
1.52882 1.90477
1.40820 2.04948
1.27523 2.18405
1.10778 2.32734
0.86583 2.50289
0.46737 2.77498
0.19016 3.00281
0.08804 3.12259
0.10375 3.12259
0.38990 2.85435
0.67368 2.64631
1.05567 2.37980
1.23683 2.23240
1.38241 2.09243
1.50537 1.95224
1.60792 1.81380
1.69276 1.67889
1.76933 1.53527
1.83885 1.38053
1.90392 1.20945
1.97021 1.01076
2.06130 0.72808
2.09295 0.63512
2.10728 0.63512
2.00008 0.96663
1.93348 1.17143
1.87511 1.33112
1.81359 1.47600
1.73948 1.62387
1.65718 1.76263
1.55727 1.90511
1.43687 2.04960
1.30418 2.18397
1.13710 2.32710
0.89573 2.50258
0.49817 2.77482
0.22142 3.00279
0.11946 3.12259
0.13516 3.12259
0.42082 2.85424
0.70394 2.64602
1.09658 2.37061
1.27636 2.22262
1.42065 2.08208
1.54240 1.94136
1.64388 1.80241
1.72780 1.66695
1.80358 1.52260
1.87255 1.36671
1.93751 1.19368
2.00458 0.99132
2.11010 0.66781
2.12142 0.63512
2.13537 0.63512
2.02759 0.96742
1.96076 1.17246
1.90231 1.33221
1.84078 1.47704
1.76675 1.62476
1.68458 1.76332
1.58487 1.90554
1.46477 2.04975
1.33242 2.18388
1.16583 2.32679
0.92520 2.50217
0.52878 2.77462
0.25265 3.00277
0.15087 3.12259
0.16658 3.12259
0.45162 2.85411
0.73392 2.64567
1.12521 2.37023
1.30440 2.22244
1.44824 2.08218
1.56965 1.94176
1.67088 1.80309
1.75464 1.66787
1.83032 1.52369
1.89927 1.36790
1.96432 1.19482
2.03163 0.99221
2.13775 0.66791
2.14915 0.63512
2.16274 0.63512
2.05424 0.96837
1.98714 1.17372
1.92261 1.34858
1.85414 1.50592
1.77882 1.65163
1.69525 1.78843
1.59403 1.92887
1.47237 2.07117
1.32790 2.21326
1.14751 2.36259
0.84155 2.57812
0.52020 2.80365
0.23162 3.05401
0.18229 3.12259
0.19800 3.12259
0.48230 2.85395
0.76360 2.64524
1.15329 2.36977
1.33176 2.22224
1.47508 2.08230
1.59608 1.94224
1.69701 1.80391
1.78057 1.66896
1.85614 1.52500
1.92507 1.36930
1.99023 1.19617
2.05783 0.99326
2.16467 0.66804
2.17615 0.63512
2.18938 0.63512
2.08004 0.96948
2.01261 1.17518
1.94794 1.35013
1.87949 1.50737
1.80428 1.65285
1.72093 1.78936
1.62002 1.92942
1.49879 2.07133
1.35488 2.21305
1.17526 2.36210
0.85807 2.58611
0.55059 2.80341
0.26290 3.05400
0.21370 3.12259
0.22941 3.12259
0.51285 2.85377
0.79300 2.64475
1.18083 2.36925
1.35846 2.22199
1.50116 2.08244
1.62169 1.94279
1.72228 1.80485
1.81277 1.65757
1.88754 1.51291
1.95597 1.35604
2.02116 1.18077
2.08988 0.97372
2.20242 0.63512
2.21529 0.63512
2.10499 0.97076
2.03718 1.17686
1.97236 1.35190
1.90392 1.50903
1.82885 1.65426
1.74574 1.79042
1.64519 1.93006
1.52445 2.07152
1.38120 2.21281
1.20247 2.36154
0.87435 2.59405
0.56790 2.81312
0.28154 3.06729
0.24512 3.12259
0.26083 3.12259
0.55613 2.84307
0.84705 2.62670
1.21926 2.35978
1.39506 2.21213
1.53614 2.07224
1.65522 1.93230
1.75457 1.79406
1.83689 1.65903
1.91151 1.51465
1.97993 1.35789
2.04529 1.18252
2.11442 0.97504
2.22798 0.63512
2.24049 0.63512
2.12911 0.97219
2.06086 1.17875
1.99587 1.35389
1.92744 1.51089
1.85253 1.65583
1.76969 1.79161
1.66954 1.93078
1.54937 2.07172
1.40685 2.21255
1.22912 2.36092
0.89040 2.60196
0.59804 2.81283
0.31282 3.06729
0.27654 3.12259
0.29224 3.12259
0.58637 2.84283
0.87574 2.62606
1.24564 2.35914
1.42038 2.21185
1.56068 2.07245
1.67916 1.93304
1.77808 1.79529
1.86718 1.64799
1.94101 1.50292
2.00900 1.34490
2.07455 1.16720
2.15225 0.93316
2.25282 0.63512
2.26498 0.63512
2.15239 0.97377
2.08366 1.18083
2.01847 1.35610
1.95006 1.51295
1.87532 1.65758
1.79278 1.79293
1.69309 1.93157
1.57354 2.07195
1.43185 2.21225
1.25523 2.36022
0.90627 2.60985
0.61521 2.82264
0.33196 3.08080
0.30795 3.12259
0.32366 3.12259
0.61648 2.84256
0.90413 2.62534
1.27148 2.35842
1.44505 2.21155
1.58448 2.07269
1.70230 1.93386
1.80074 1.79665
1.88950 1.64982
1.96317 1.50506
2.03117 1.34717
2.09695 1.16931
2.17526 0.93463
2.27696 0.63512
2.28876 0.63512
2.17485 0.97550
2.10559 1.18311
2.04018 1.35850
1.97178 1.51521
1.89723 1.65948
1.80714 1.80622
1.70711 1.94355
1.58735 2.08255
1.44566 2.22151
1.25793 2.37716
0.70872 2.77256
0.42615 3.01510
0.33937 3.12259
0.35508 3.12259
0.64646 2.84226
0.93222 2.62457
1.30794 2.34880
1.47937 2.20168
1.61696 2.06266
1.73318 1.92370
1.83028 1.78632
1.91791 1.63912
1.99081 1.49366
2.05846 1.33442
2.12461 1.15400
2.20499 0.91349
2.30039 0.63512
2.31185 0.63512
2.19649 0.97737
2.12666 1.18557
2.06101 1.36110
1.99261 1.51764
1.91827 1.66155
1.82858 1.80773
1.72911 1.94443
1.61012 2.08277
1.46944 2.22112
1.28315 2.37630
0.73809 2.77208
0.45713 3.01505
0.37078 3.12259
0.38649 3.12259
0.67631 2.84194
0.96002 2.62374
1.33263 2.34799
1.51283 2.19182
1.64851 2.05269
1.76309 1.91366
1.85884 1.77613
1.94534 1.62857
2.01751 1.48238
2.08489 1.32169
2.15154 1.13849
2.23433 0.89158
2.32314 0.63512
2.33425 0.63512
2.21734 0.97936
2.14687 1.18820
2.08096 1.36388
2.01258 1.52025
1.93845 1.66376
1.84919 1.80935
1.75033 1.94538
1.63217 2.08301
1.49258 2.22071
1.30786 2.37539
0.76728 2.77157
0.48807 3.01500
0.40220 3.12259
0.41791 3.12259
0.70602 2.84160
0.99952 2.61409
1.35678 2.34712
1.53540 2.19153
1.66999 2.05309
1.78374 1.91479
1.87891 1.77793
1.96501 1.63094
2.03702 1.48509
2.10447 1.32450
2.17149 1.14103
2.25515 0.89319
2.34520 0.63512
2.35597 0.63512
2.23740 0.98149
2.16018 1.20808
2.09400 1.38172
2.02522 1.53651
1.95072 1.67860
1.86117 1.82270
1.75348 1.96809
1.63450 2.10347
1.48392 2.24835
1.28697 2.40922
0.80869 2.76129
0.53168 3.00233
0.43362 3.12259
0.44932 3.12259
0.74798 2.83074
1.03848 2.60438
1.39123 2.33739
1.56726 2.18171
1.69983 2.04328
1.81185 1.90500
1.90562 1.76806
1.99061 1.62072
2.06194 1.47409
2.12924 1.31191
2.19699 1.12537
2.28355 0.87038
2.36658 0.63512
2.37702 0.63512
2.24958 1.00491
2.17261 1.22792
2.10614 1.39956
2.03699 1.55275
1.96217 1.69339
1.87239 1.83595
1.76462 1.97973
1.63621 2.12349
1.48526 2.26617
1.26585 2.44253
0.83742 2.76070
0.54983 3.01490
0.46503 3.12259
0.48074 3.12259
0.77733 2.83034
1.07689 2.59463
1.42488 2.32763
1.59824 2.17193
1.72873 2.03356
1.83900 1.89534
1.93138 1.75833
2.01527 1.61062
2.08598 1.46315
2.15322 1.29925
2.22849 1.09028
2.33051 0.79271
2.38730 0.63512
2.39741 0.63512
2.26801 1.00736
2.19027 1.23108
2.12354 1.40282
2.05443 1.55576
1.97991 1.69589
1.89069 1.83774
1.78377 1.98065
1.65654 2.12354
1.49670 2.27457
1.26742 2.45843
0.86597 2.76007
0.58066 3.01484
0.49645 3.12259
0.51215 3.12259
0.80654 2.82991
1.10316 2.59354
1.44725 2.32668
1.61873 2.17169
1.74792 2.03416
1.85722 1.89680
1.94892 1.76055
2.03238 1.61347
2.10295 1.46636
2.17035 1.30250
2.24622 1.09305
2.34965 0.79392
2.40736 0.63512
2.41716 0.63512
2.28568 1.00991
2.20713 1.23438
2.14011 1.40623
2.07105 1.55890
1.99685 1.69851
1.90822 1.83960
1.80221 1.98161
1.67621 2.12358
1.51809 2.27379
1.29144 2.45718
0.89434 2.75941
0.61144 3.01478
0.52786 3.12259
0.54357 3.12259
0.83561 2.82948
1.12913 2.59241
1.47947 2.31690
1.64811 2.16200
1.77511 2.02463
1.88260 1.88740
1.97288 1.75112
2.05528 1.60366
2.12531 1.45561
2.19282 1.28986
2.27006 1.07626
2.37848 0.76622
2.42679 0.63512
2.43626 0.63512
2.30262 1.01255
2.22321 1.23780
2.15588 1.40977
2.08686 1.56216
2.00597 1.71333
1.91728 1.85276
1.81142 1.99304
1.68589 2.13330
1.52873 2.28197
1.28168 2.48145
0.92253 2.75873
0.62987 3.02756
0.55928 3.12259
0.57499 3.12259
0.87646 2.81851
1.17736 2.57377
1.51088 2.30713
1.67659 2.15237
1.80985 2.00501
1.91476 1.86715
2.00297 1.72997
2.08378 1.58098
2.15303 1.43051
2.22710 1.24381
2.30807 1.01718
2.44558 0.63512
2.45474 0.63512
2.31883 1.01527
2.23852 1.24133
2.17086 1.41342
2.10188 1.56553
2.02137 1.71608
1.93337 1.85469
1.82853 1.99400
1.70441 2.13329
1.54917 2.28109
1.29429 2.48863
0.93871 2.76793
0.64853 3.04055
0.59069 3.12259
0.60640 3.12259
0.90513 2.81801
1.20245 2.57253
1.53148 2.30614
1.69503 2.15222
1.82671 2.00589
1.93054 1.86899
2.01804 1.73264
2.09843 1.58429
2.17379 1.41962
2.24841 1.23025
2.33952 0.97569
2.46375 0.63512
2.47261 0.63512
2.33434 1.01807
2.25308 1.24496
2.17890 1.43169
2.10969 1.58204
2.02904 1.73081
1.94109 1.86769
1.83658 2.00521
1.70389 2.15222
1.53897 2.30670
0.96667 2.76724
0.67941 3.04051
0.62211 3.12259
0.63782 3.12259
0.93367 2.81750
1.22723 2.57126
1.56143 2.29639
1.72192 2.14273
1.85114 1.99669
1.95313 1.85999
2.03926 1.72358
2.11873 1.57470
2.19382 1.40866
2.26915 1.21641
2.36319 0.95508
2.48132 0.63512
2.48988 0.63512
2.34163 1.04222
2.26057 1.26547
2.18617 1.44986
2.11025 1.61122
2.02898 1.75706
1.93280 1.90207
1.81873 2.04618
1.68447 2.18919
1.49825 2.35773
1.01753 2.74671
0.72218 3.02741
0.65353 3.12259
0.66923 3.12259
0.97354 2.80648
1.27325 2.55251
1.59057 2.28667
1.74792 2.13331
1.87466 1.98761
1.97481 1.85111
2.06637 1.70271
2.14456 1.55197
2.21934 1.38259
2.29606 1.18418
2.39569 0.90880
2.49829 0.63512
2.50656 0.63512
2.35567 1.04524
2.26729 1.28586
2.19267 1.46792
2.11657 1.62732
2.03530 1.77133
1.93938 1.91443
1.82592 2.05662
1.68345 2.20698
1.48819 2.38217
1.04485 2.74593
0.75287 3.02735
0.68494 3.12259
0.70065 3.12259
1.00164 2.80592
1.30768 2.54247
1.61888 2.27699
1.77305 2.12398
1.89727 1.97865
1.99559 1.84235
2.08577 1.69381
2.16323 1.54234
2.23804 1.37122
2.31599 1.16924
2.42953 0.85857
2.51469 0.63512
2.52268 0.63512
2.36907 1.04831
2.27961 1.28976
2.20465 1.47186
2.12870 1.63081
2.04800 1.77405
1.95307 1.91614
1.84108 2.05719
1.70070 2.20644
1.49852 2.38934
1.07200 2.74513
0.78354 3.02730
0.71636 3.12259
0.73207 3.12259
1.04076 2.79488
1.35177 2.52376
1.64637 2.26737
1.80575 2.10543
1.92671 1.95972
2.02260 1.82275
2.11090 1.67290
2.18741 1.51919
2.26245 1.34402
2.34997 1.11483
2.48892 0.74141
2.53053 0.63512
2.53824 0.63512
2.38183 1.05141
2.29126 1.29370
2.21594 1.47584
2.14015 1.63434
2.06002 1.77681
1.96612 1.91786
1.85565 2.05777
1.71745 2.20590
1.50876 2.39645
1.09897 2.74433
0.80262 3.04035
0.74777 3.12259
0.76348 3.12259
1.06842 2.79428
1.37452 2.52235
1.67303 2.25780
1.82895 2.09633
1.94741 1.95102
2.04153 1.81420
2.12861 1.66408
2.20461 1.50938
2.28005 1.33202
2.36965 1.09788
2.51660 0.70867
2.54581 0.63512
2.55326 0.63512
2.39398 1.05452
2.30226 1.29767
2.22656 1.47984
2.15091 1.63790
2.06450 1.79081
1.97108 1.92989
1.85331 2.07734
1.70690 2.23186
1.46964 2.44590
1.11487 2.75354
0.82205 3.05359
0.77919 3.12259
0.79490 3.12259
1.10673 2.78323
1.41682 2.50366
1.69886 2.24829
1.85129 2.08733
1.96724 1.94242
2.06646 1.79471
2.15194 1.64299
2.22740 1.48557
2.31030 1.28661
2.41378 1.01455
2.56057 0.63512
2.56775 0.63512
2.39760 1.07894
2.30611 1.31808
2.22405 1.51157
2.14819 1.66596
2.06156 1.81557
1.96063 1.96180
1.84256 2.10565
1.68747 2.26586
1.14166 2.75277
0.84191 3.06702
0.81061 3.12259
0.82631 3.12259
1.13393 2.78258
1.44829 2.49363
1.72386 2.23887
1.87277 2.07844
1.98623 1.93394
2.08364 1.78632
2.16809 1.63413
2.24961 1.46115
2.33401 1.25607
2.44330 0.97013
2.57481 0.63512
2.58174 0.63512
2.40847 1.08217
2.31582 1.32208
2.23338 1.51554
2.15132 1.68145
2.06503 1.82897
1.96486 1.97309
1.83992 2.12408
1.67729 2.29061
1.17883 2.74191
0.88372 3.05353
0.84202 3.12259
0.85773 3.12259
1.17141 2.77153
1.48850 2.47505
1.74805 2.22952
1.89341 2.06966
2.00439 1.92554
2.10006 1.77797
2.18355 1.62523
2.26502 1.45066
2.35071 1.24211
2.47416 0.92211
2.58855 0.63512
2.59524 0.63512
2.41880 1.08537
2.31837 1.34228
2.23587 1.53306
2.15391 1.69670
2.06804 1.84212
1.96872 1.98415
1.84529 2.13311
1.67629 2.30651
1.21546 2.73107
0.91451 3.05350
0.87344 3.12259
0.88915 3.12259
1.19813 2.77086
1.51832 2.46508
1.77142 2.22026
1.91322 2.06097
2.02174 1.91724
2.11572 1.76967
2.19835 1.61627
2.27991 1.43995
2.37440 1.20923
2.51821 0.84089
2.60181 0.63512
2.60827 0.63512
2.42047 1.10962
2.32031 1.36223
2.23778 1.55034
2.15599 1.71170
2.06383 1.86545
1.95759 2.01401
1.82648 2.16838
1.63151 2.36422
1.24139 2.73024
0.94529 3.05347
0.90485 3.12259
0.92056 3.12259
1.23474 2.75981
1.55636 2.44666
1.80198 2.20254
1.93954 2.04321
2.04511 1.89897
2.13706 1.75018
2.21878 1.59450
2.30081 1.41397
2.39844 1.17453
2.56814 0.74716
2.61461 0.63512
2.62084 0.63512
2.42966 1.11285
2.32824 1.36617
2.24539 1.55417
2.16395 1.71491
2.07280 1.86765
1.96829 2.01499
1.83977 2.16810
1.64037 2.37128
1.26716 2.72942
0.96567 3.06694
0.93627 3.12259
0.95198 3.12259
1.27078 2.74880
1.60184 2.41992
1.83127 2.18496
1.96468 2.02555
2.06741 1.88071
2.15755 1.73051
2.24485 1.55910
2.33490 1.35522
2.44842 1.07384
2.62697 0.63512
2.63298 0.63512
2.43016 1.13676
2.32246 1.40131
2.23379 1.59693
2.14607 1.76328
2.05457 1.91020
1.94255 2.06185
1.79782 2.22760
1.28300 2.73876
0.98668 3.08060
0.96769 3.12259
0.98339 3.12259
1.29668 2.74810
1.62876 2.41017
1.85182 2.17606
1.98175 2.01722
2.08871 1.86242
2.17724 1.71059
2.26423 1.53598
2.35597 1.32599
2.48520 1.00707
2.63890 0.63512
2.64471 0.63512
2.43831 1.13995
2.32931 1.40512
2.24040 1.60052
2.15323 1.76613
2.05632 1.92186
1.94590 2.07137
1.79597 2.24372
1.31822 2.72783
1.01773 3.08059
0.99910 3.12259
1.01481 3.12259
1.33180 2.73711
1.67930 2.37547
1.88614 2.15022
2.01152 1.99050
2.11538 1.83370
2.20856 1.66666
2.29603 1.48399
2.39949 1.24156
2.56068 0.84724
2.65042 0.63512
2.65603 0.63512
2.44603 1.14306
2.33571 1.40885
2.24654 1.60403
2.15992 1.76891
2.06437 1.92355
1.94911 2.08069
1.79441 2.25961
1.34352 2.72706
1.04876 3.08058
1.03052 3.12259
1.04623 3.12259
1.36633 2.72617
1.88349 2.16700
2.01365 2.00077
2.11608 1.84623
2.20848 1.68165
2.30205 1.48751
2.40648 1.24481
2.58336 0.81761
2.66156 0.63512
2.66698 0.63512
2.44495 1.16655
2.32840 1.44279
2.23374 1.64475
2.14141 1.81445
2.03957 1.97267
1.91733 2.13300
1.72397 2.34964
1.36868 2.72632
1.07106 3.09442
1.06193 3.12259
1.07764 3.12259
1.40026 2.71527
1.90196 2.15836
2.02854 1.99264
2.12883 1.83812
2.22023 1.67279
2.31417 1.47655
2.42901 1.20998
2.63738 0.71515
2.67232 0.63512
2.67758 0.63512
2.44344 1.18960
2.32729 1.46110
2.23295 1.66004
2.14139 1.82722
2.04098 1.98314
1.91418 2.14992
1.69362 2.39829
1.37577 2.74623
1.09522 3.10842
1.09335 3.12259
1.10906 3.12259
1.43359 2.70444
1.91969 2.14981
2.04900 1.97539
2.15306 1.80920
2.24989 1.62713
2.35308 1.40451
2.48846 1.08721
2.68275 0.63512
2.68784 0.63512
2.44982 1.19252
2.33238 1.46445
2.23794 1.66304
2.14115 1.83967
2.03595 2.00242
1.90451 2.17483
1.40107 2.74561
1.12655 3.10842
1.12477 3.12259
1.14047 3.12259
1.46630 2.69367
1.93021 2.14969
2.05631 1.97649
2.15856 1.81137
2.25467 1.63004
2.35825 1.40763
2.50522 1.06656
2.69285 0.63512
2.69778 0.63512
2.44747 1.21503
2.32395 1.49659
2.22445 1.70119
2.12872 1.87178
2.01856 2.03881
1.86844 2.23204
1.44332 2.72427
1.16459 3.09440
1.15618 3.12259
1.17189 3.12259
1.50646 2.67302
1.94675 2.14129
2.07522 1.95930
2.17549 1.79250
2.27764 1.59495
2.39203 1.34541
2.57919 0.91376
2.70264 0.63512
2.70743 0.63512
2.45314 1.21772
2.32832 1.49961
2.22885 1.70379
2.12833 1.88333
2.01412 2.05677
1.85390 2.26396
1.46794 2.72365
1.18920 3.10842
1.18760 3.12259
1.20331 3.12259
1.53767 2.66245
1.96261 2.13297
2.08745 1.95125
2.19185 1.77329
2.29434 1.57158
2.42009 1.29582
2.65820 0.75452
2.71215 0.63512
2.71680 0.63512
2.45008 1.23963
2.31935 1.53049
2.21522 1.74008
2.11039 1.92310
1.99185 2.09962
1.79380 2.35268
1.46814 2.75447
1.22053 3.10842
1.21901 3.12259
1.23472 3.12259
1.57575 2.64220
1.97783 2.12473
2.10483 1.93394
2.21358 1.74270
2.32406 1.51975
2.46723 1.20317
2.72140 0.63512
2.72593 0.63512
2.44675 1.26102
2.31026 1.56031
2.20176 1.77487
2.09303 1.96118
1.96466 2.14933
1.49322 2.75400
1.25185 3.10842
1.25043 3.12259
1.26614 3.12259
1.60543 2.63186
1.99243 2.11655
2.11590 1.92579
2.22329 1.73359
2.34122 1.49370
2.51048 1.12038
2.73040 0.63512
2.73482 0.63512
2.44318 1.28188
2.30110 1.58908
2.18857 1.80823
2.07638 1.99777
1.93301 2.20585
1.51820 2.75356
1.28185 3.12259
1.29755 3.12259
1.64826 2.60253
2.01195 2.10019
2.13745 1.89881
2.25031 1.68994
2.38011 1.42050
2.59535 0.94741
2.73919 0.63512
2.74351 0.63512
2.43939 1.30222
2.29817 1.60415
2.18130 1.83021
2.06058 2.03303
1.89144 2.27756
1.53560 2.76387
1.31326 3.12259
1.32897 3.12259
1.68269 2.58312
2.02520 2.09210
2.15287 1.88088
2.27155 1.65613
2.42231 1.33986
2.74779 0.63512
2.75202 0.63512
2.42736 1.33952
2.27679 1.65580
2.15794 1.88065
2.02973 2.09205
1.53121 2.80741
1.34468 3.12259
1.36038 3.12259
1.72212 2.55479
2.04307 2.07579
2.17314 1.85285
2.30559 1.59527
2.48743 1.21038
2.75621 0.63512
2.76036 0.63512
2.42333 1.35843
2.26791 1.68128
2.14100 1.91926
2.00084 2.14901
1.55713 2.80717
1.37609 3.12259
1.39180 3.12259
1.76554 2.51808
2.06012 2.05944
2.19838 1.81389
2.34824 1.51544
2.60191 0.97800
2.76448 0.63512
2.76857 0.63512
2.41138 1.39333
2.24771 1.72846
2.11488 1.97400
1.94333 2.25232
1.56896 2.82955
1.40751 3.12259
1.42322 3.12259
1.81730 2.46494
2.08124 2.03463
2.22902 1.76257
2.41020 1.39483
2.77263 0.63512
2.77666 0.63512
2.39212 1.44239
2.22296 1.78364
2.07603 2.05130
1.55348 2.89976
1.43892 3.12259
1.45463 3.12259
1.87508 2.39690
2.11568 1.98369
2.28381 1.66126
2.54280 1.12796
2.78067 0.63512
2.78466 0.63512
2.36648 1.50325
2.18939 1.85518
2.01712 2.16477
1.56735 2.92404
1.47034 3.12259
1.48605 3.12259
1.96395 2.26742
2.17832 1.87505
2.40190 1.42875
2.78863 0.63512
2.79259 0.63512
2.33557 1.57337
2.13945 1.95762
1.84933 2.47299
1.50723 3.09438
1.50176 3.12259
1.51746 3.12259
2.19704 1.84635
2.54232 1.15128
2.79653 0.63512
2.80047 0.63512
2.28276 1.68609
2.04737 2.14086
1.55056 3.06673
1.53317 3.12259
1.54888 3.12259
2.32402 1.60046
2.80440 0.63512
2.80832 0.63512
2.16088 1.93457
1.56955 3.09424
1.56459 3.12259
1.58030 3.12259
2.32729 1.60046
2.81225 0.63512
2.81618 0.63512
2.05573 2.15674
1.59635 3.10841
1.59600 3.12259
1.61171 3.12259
2.20837 1.84635
2.55818 1.15128
2.82012 0.63512
2.82406 0.63512
2.26968 1.73177
2.02008 2.25147
1.62742 3.12259
1.64313 3.12259
2.02041 2.26742
2.19839 1.87505
2.42112 1.42875
2.82802 0.63512
2.83199 0.63512
2.33899 1.59981
2.14342 2.00123
1.65898 3.10841
1.65884 3.12259
1.67454 3.12259
1.97979 2.39690
2.15241 1.98369
2.30670 1.66126
2.58101 1.12796
2.83598 0.63512
2.83999 0.63512
2.38406 1.51788
2.20294 1.88420
2.05483 2.22015
1.69025 3.12259
1.70596 3.12259
1.96953 2.46494
2.13590 2.03463
2.26018 1.76257
2.44674 1.39483
2.84402 0.63512
2.84808 0.63512
2.41863 1.45814
2.24472 1.80474
2.11945 2.08437
1.72167 3.12259
1.73738 3.12259
1.96815 2.51808
2.13221 2.05944
2.23950 1.81389
2.38809 1.51544
2.67186 0.97800
2.85217 0.63512
2.85628 0.63512
2.44788 1.41004
2.27984 1.73998
2.16469 1.99169
2.04960 2.29204
1.75308 3.12259
1.76879 3.12259
1.97485 2.55479
2.13290 2.07579
2.22577 1.85285
2.35091 1.59527
2.55395 1.21038
2.86044 0.63512
2.86463 0.63512
2.47045 1.37586
2.30654 1.69351
2.19315 1.93790
2.09914 2.18103
1.88723 2.81834
1.78450 3.12259
1.80021 3.12259
1.98596 2.58312
2.13447 2.09210
2.21803 1.88088
2.32409 1.65613
2.48960 1.33986
2.86886 0.63512
2.87313 0.63512
2.49436 1.34020
2.32906 1.65646
2.21877 1.89063
2.13320 2.10856
1.91320 2.81856
1.81592 3.12259
1.83162 3.12259
2.00098 2.60253
2.13964 2.10019
2.21551 1.89881
2.31153 1.68994
2.45115 1.42050
2.70901 0.94741
2.87745 0.63512
2.88182 0.63512
2.51003 1.32085
2.34662 1.63016
2.24137 1.85075
2.16150 2.05025
2.07967 2.31762
1.94620 2.79649
1.84733 3.12259
1.86304 3.12259
2.01449 2.63186
2.14279 2.11655
2.21008 1.92579
2.29490 1.73359
2.41685 1.49370
2.62091 1.12038
2.88625 0.63512
2.89072 0.63512
2.52642 1.30096
2.36512 1.60289
2.26057 1.81919
2.18111 2.01555
2.11298 2.23788
1.98113 2.76414
1.87875 3.12259
1.89446 3.12259
2.03382 2.64220
2.14921 2.12473
2.21300 1.93394
2.29550 1.74270
2.40796 1.51975
2.58136 1.20317
2.89525 0.63512
2.89985 0.63512
2.54357 1.28056
2.38462 1.57463
2.28071 1.78633
2.20436 1.97067
2.14261 2.16567
2.00600 2.76453
1.91016 3.12259
1.92587 3.12259
2.05165 2.66245
2.15618 2.13297
2.21308 1.95125
2.28662 1.77329
2.38585 1.57158
2.53586 1.29582
2.83905 0.75452
2.90450 0.63512
2.90922 0.63512
2.56150 1.25964
2.40522 1.54535
2.30199 1.75208
2.22521 1.93305
2.16547 2.11646
2.10402 2.40194
2.02304 2.79750
1.94158 3.12259
1.95729 3.12259
2.07228 2.67302
2.16373 2.14129
2.21725 1.95930
2.28378 1.79250
2.37918 1.59495
2.51432 1.34541
2.75883 0.91376
2.91401 0.63512
2.91887 0.63512
2.58023 1.23822
2.41956 1.52895
2.31396 1.73885
2.23972 1.91295
2.18155 2.09117
2.13283 2.32059
2.06044 2.74426
1.97300 3.12259
1.98870 3.12259
2.09180 2.69367
2.17187 2.14969
2.21897 1.97649
2.28184 1.81137
2.36706 1.63004
2.48590 1.40763
2.67998 1.06656
2.92380 0.63512
2.92881 0.63512
2.59979 1.21629
2.44221 1.49802
2.33732 1.70245
2.26238 1.87267
2.20506 2.03920
2.16074 2.23187
2.08698 2.73438
2.00441 3.12259
2.02012 3.12259
2.11374 2.70444
2.18226 2.14981
2.22737 1.97539
2.28951 1.80920
2.37475 1.62713
2.49418 1.40451
2.67609 1.08721
2.93390 0.63512
2.93907 0.63512
2.62020 1.19388
2.45817 1.48062
2.35068 1.68818
2.27428 1.86093
2.21920 2.02087
2.17814 2.19960
2.11143 2.73498
2.03583 3.12259
2.05154 3.12259
2.13623 2.71527
2.19146 2.15836
2.23060 1.99264
2.28482 1.83812
2.35874 1.67279
2.46105 1.47655
2.61279 1.20998
2.89924 0.71515
2.94432 0.63512
2.94966 0.63512
2.62979 1.19109
2.47488 1.46283
2.37053 1.66162
2.29494 1.82841
2.23915 1.98380
2.19836 2.14997
2.16759 2.40616
2.13302 2.75644
2.06724 3.12259
2.08295 3.12259
2.15927 2.72617
2.20128 2.16700
2.23735 2.00077
2.28945 1.84623
2.36164 1.68165
2.46220 1.48751
2.60047 1.24481
2.85080 0.81761
2.95509 0.63512
2.96061 0.63512
2.65161 1.16815
2.49237 1.44468
2.38534 1.64649
2.30803 1.81578
2.25140 1.97343
2.21259 2.13312
2.18687 2.35743
2.16064 2.73626
2.09866 3.12259
2.11437 3.12259
2.18286 2.73711
2.19700 2.37547
2.21541 2.15022
2.24976 1.99050
2.30268 1.83370
2.37655 1.66666
2.47175 1.48399
2.61072 1.24156
2.84385 0.84724
2.96623 0.63512
2.97194 0.63512
2.66224 1.16521
2.51066 1.42618
2.40715 1.61859
2.33074 1.78138
2.27304 1.93423
2.23199 2.08980
2.20696 2.27585
2.18635 2.72672
2.13008 3.12259
2.14578 3.12259
2.20700 2.74810
2.21283 2.41017
2.22389 2.17606
2.25281 2.01722
2.30064 1.86242
2.36393 1.71059
2.45156 1.53598
2.56980 1.32599
2.75950 1.00707
2.97775 0.63512
2.98366 0.63512
2.68551 1.14179
2.52976 1.40735
2.42357 1.60264
2.34526 1.76784
2.28633 1.92296
2.24497 2.08065
2.22196 2.26010
2.21103 2.72745
2.16149 3.12259
2.17720 3.12259
2.23220 2.74880
2.23001 2.41992
2.23553 2.18496
2.26154 2.02555
2.30365 1.88071
2.36372 1.73051
2.44782 1.55910
2.56165 1.35522
2.72951 1.07384
2.98968 0.63512
2.99580 0.63512
2.69721 1.13876
2.54079 1.40371
2.43414 1.59922
2.35565 1.76513
2.29697 1.92131
2.25830 2.07132
2.23687 2.24416
2.23536 2.73837
2.19291 3.12259
2.20861 3.12259
2.25722 2.75981
2.24875 2.44666
2.24725 2.20254
2.26902 2.04321
2.30769 1.89897
2.36453 1.75018
2.43849 1.59450
2.53699 1.41397
2.67880 1.17453
2.93647 0.74716
3.00204 0.63512
3.00838 0.63512
2.72199 1.11494
2.57047 1.36875
2.45871 1.56986
2.38137 1.72854
2.32137 1.87941
2.27970 2.02505
2.25480 2.18530
2.25201 2.41248
2.26055 2.73910
2.22432 3.12259
2.24003 3.12259
2.28278 2.77086
2.26837 2.46508
2.26008 2.22026
2.27758 2.06097
2.31278 1.91724
2.36638 1.76967
2.43715 1.61627
2.53190 1.43995
2.66815 1.20923
2.89266 0.84089
3.01483 0.63512
3.02141 0.63512
2.73481 1.11188
2.58274 1.36500
2.47747 1.55306
2.39811 1.71401
2.33655 1.86709
2.29394 2.01482
2.26987 2.16834
2.26737 2.37184
2.28591 2.72975
2.25574 3.12259
2.27145 3.12259
2.30883 2.77153
2.28823 2.47505
2.27420 2.22952
2.28871 2.06966
2.32184 1.92554
2.37374 1.77797
2.44299 1.62523
2.53610 1.45066
2.65895 1.24211
2.85550 0.92211
3.02810 0.63512
3.03491 0.63512
2.74818 1.10877
2.59560 1.36121
2.48992 1.54938
2.41030 1.71093
2.35238 1.85452
2.30870 2.00438
2.28447 2.15983
2.28293 2.34792
2.31117 2.73054
2.28715 3.12259
2.30286 3.12259
2.33525 2.78258
2.30985 2.49363
2.28904 2.23887
2.30056 2.07844
2.33160 1.93394
2.38181 1.78632
2.44956 1.63413
2.54101 1.46115
2.66169 1.25607
2.83834 0.97013
3.04184 0.63512
3.04890 0.63512
2.77509 1.08469
2.61851 1.34144
2.51015 1.53227
2.42842 1.69606
2.36889 1.84171
2.32629 1.98402
2.30106 2.13328
2.29732 2.30692
2.33661 2.73134
2.31857 3.12259
2.33428 3.12259
2.36181 2.78323
2.33129 2.50366
2.30462 2.24829
2.31315 2.08733
2.34210 1.94242
2.39060 1.79471
2.45684 1.64299
2.53880 1.48557
2.65487 1.28661
2.82344 1.01455
3.05608 0.63512
3.06339 0.63512
2.78963 1.08164
2.64230 1.32145
2.53122 1.51494
2.44734 1.68097
2.38612 1.82867
2.34225 1.97301
2.31642 2.12423
2.31300 2.29096
2.36281 2.74213
2.34999 3.12259
2.36569 3.12259
2.38907 2.79428
2.35490 2.52235
2.32095 2.25780
2.32649 2.09633
2.35334 1.95102
2.39603 1.81420
2.45909 1.66408
2.53777 1.50938
2.63970 1.33202
2.78423 1.09788
3.02650 0.70867
3.07084 0.63512
3.07841 0.63512
2.80476 1.07860
2.65708 1.31766
2.55314 1.49741
2.47282 1.65346
2.40818 1.80441
2.36136 1.95175
2.33425 2.09654
2.32805 2.25749
2.36278 2.53915
2.39235 2.80455
2.38140 3.12259
2.39711 3.12259
2.41613 2.79488
2.37624 2.52376
2.33804 2.26737
2.34058 2.10543
2.36534 1.95972
2.40642 1.82275
2.46796 1.67290
2.54517 1.51919
2.64531 1.34402
2.78697 1.11483
3.02144 0.74141
3.08612 0.63512
3.09397 0.63512
2.83385 1.05437
2.68242 1.29750
2.57593 1.47970
2.49352 1.63780
2.42703 1.79079
2.38141 1.92995
2.35182 2.07748
2.34390 2.23208
2.36756 2.44615
2.41590 2.75367
2.41282 3.12259
2.42853 3.12259
2.44421 2.80592
2.40162 2.54247
2.35589 2.27699
2.35474 2.12398
2.37585 1.97865
2.41383 1.84235
2.47219 1.69381
2.54620 1.54234
2.64251 1.37122
2.76654 1.16924
2.96367 0.85857
3.10196 0.63512
3.11009 0.63512
2.85020 1.05147
2.69848 1.29379
2.59168 1.47596
2.50898 1.63448
2.44666 1.77697
2.39954 1.91803
2.37015 2.05795
2.36031 2.20608
2.37863 2.39661
2.44131 2.74442
2.44423 3.12259
2.45994 3.12259
2.47175 2.80648
2.42600 2.55251
2.37452 2.28667
2.37054 2.13331
2.38950 1.98761
2.42585 1.85111
2.48269 1.70271
2.55524 1.55197
2.64984 1.38259
2.77153 1.18418
2.94728 0.90880
3.11836 0.63512
3.12677 0.63512
2.86716 1.04859
2.71519 1.29014
2.60809 1.47227
2.52512 1.63121
2.46261 1.77441
2.41549 1.91643
2.38645 2.05742
2.37758 2.20658
2.39685 2.38941
2.46785 2.74516
2.47523 3.06708
2.47565 3.12259
2.49136 3.12259
2.50060 2.81750
2.45327 2.57126
2.39394 2.29639
2.38713 2.14273
2.40394 1.99669
2.43865 1.85999
2.48893 1.72358
2.55834 1.57470
2.64929 1.40866
2.76621 1.21641
2.93350 0.95508
3.13533 0.63512
3.14404 0.63512
2.88474 1.04577
2.73255 1.28654
2.62516 1.46864
2.54192 1.62800
2.47923 1.77191
2.43209 1.91486
2.40336 2.05689
2.39541 2.20708
2.41529 2.38214
2.49458 2.74590
2.50699 3.05368
2.50707 3.12259
2.52277 3.12259
2.52862 2.81801
2.47679 2.57253
2.41415 2.30614
2.40451 2.15222
2.41917 2.00589
2.45223 1.86899
2.50109 1.73264
2.56905 1.58429
2.65836 1.41962
2.77311 1.23025
2.93656 0.97569
3.15290 0.63512
3.16191 0.63512
2.90295 1.04300
2.76081 1.26647
2.65089 1.45091
2.56554 1.61219
2.50103 1.75788
2.45225 1.90267
2.42220 2.04652
2.41334 2.18929
2.43070 2.35761
2.52152 2.74662
2.53850 3.04047
2.53848 3.12259
2.55419 3.12259
2.55680 2.81851
2.50064 2.57377
2.43376 2.30713
2.42281 2.15237
2.43691 2.00501
2.46986 1.86715
2.51883 1.72997
2.58701 1.58098
2.66823 1.43051
2.78086 1.24381
2.92653 1.01718
3.17107 0.63512
3.18039 0.63512
2.93555 1.01908
2.78998 1.24629
2.67751 1.43309
2.59003 1.59628
2.52367 1.74371
2.47632 1.87945
2.44485 2.01586
2.43199 2.16175
2.44495 2.32403
2.55046 2.75716
2.56892 3.05373
2.56990 3.12259
2.58561 3.12259
2.58668 2.82948
2.53023 2.59241
2.45539 2.31690
2.44166 2.16200
2.45204 2.02463
2.48177 1.88740
2.52777 1.75112
2.59284 1.60366
2.67085 1.45561
2.76909 1.28986
2.90545 1.07626
3.10707 0.76622
3.18986 0.63512
3.19949 0.63512
2.95505 1.01656
2.80935 1.24302
2.70503 1.41519
2.62201 1.56720
2.55209 1.71749
2.50157 1.85574
2.46710 1.99463
2.45180 2.13347
2.46002 2.28978
2.51012 2.50525
2.57987 2.76772
2.59915 3.08073
2.60131 3.12259
2.61702 3.12259
2.61532 2.82991
2.55507 2.59354
2.47783 2.32668
2.46135 2.17169
2.46969 2.03416
2.49775 1.89680
2.54230 1.76055
2.60592 1.61347
2.68247 1.46636
2.77892 1.30250
2.91250 1.09305
3.10820 0.79392
3.20928 0.63512
3.21924 0.63512
2.97518 1.01413
2.82939 1.23987
2.72488 1.41193
2.64164 1.56419
2.57151 1.71503
2.52087 1.85402
2.48646 1.99377
2.47155 2.13349
2.47956 2.28168
2.52584 2.48087
2.60567 2.75844
2.63118 3.04058
2.63273 3.12259
2.64844 3.12259
2.64411 2.83034
2.58025 2.59463
2.49925 2.32763
2.48160 2.17193
2.48948 2.03356
2.51743 1.89534
2.56206 1.75833
2.62588 1.61062
2.70265 1.46315
2.79930 1.29925
2.93300 1.09028
3.12855 0.79271
3.22935 0.63512
3.23963 0.63512
2.99598 1.01179
2.85011 1.23684
2.74541 1.40880
2.66197 1.56130
2.59164 1.71268
2.54088 1.85237
2.50651 1.99295
2.49196 2.13351
2.50087 2.28243
2.54949 2.48203
2.63358 2.75904
2.66213 3.04061
2.66415 3.12259
2.67985 3.12259
2.67305 2.83074
2.60890 2.60438
2.52315 2.33739
2.50280 2.18171
2.50866 2.04328
2.53491 1.90500
2.57809 1.76806
2.64044 1.62072
2.71574 1.47409
2.81063 1.31191
2.92941 1.12537
3.09783 0.87038
3.25007 0.63512
3.26068 0.63512
3.01743 1.00956
2.87149 1.23395
2.76664 1.40581
2.68300 1.55855
2.61758 1.69826
2.56511 1.83949
2.52915 1.98166
2.51329 2.12378
2.52144 2.27412
2.56526 2.45756
2.66171 2.75962
2.69311 3.04064
2.69556 3.12259
2.71127 3.12259
2.70415 2.84160
2.63816 2.61409
2.54786 2.34712
2.52484 2.19153
2.52868 2.05309
2.55323 1.91479
2.59493 1.77793
2.65581 1.63094
2.72966 1.48509
2.82280 1.32450
2.93925 1.14103
3.10343 0.89319
3.27145 0.63512
3.28240 0.63512
3.03955 1.00744
2.89356 1.23121
2.78856 1.40298
2.70474 1.55594
2.63914 1.69609
2.58654 1.83794
2.55058 1.98086
2.53499 2.12374
2.54389 2.27477
2.58949 2.45861
2.69005 2.76016
2.72401 3.02768
2.72698 3.12259
2.74269 3.12259
2.73352 2.84194
2.66801 2.62374
2.57115 2.34799
2.54712 2.19182
2.55057 2.05269
2.57502 1.91366
2.61680 1.77613
2.67785 1.62857
2.75188 1.48238
2.84519 1.32169
2.96173 1.13849
3.12586 0.89158
3.29351 0.63512
3.30480 0.63512
3.06234 1.00545
2.91630 1.22863
2.81117 1.40032
2.72718 1.55348
2.66141 1.69404
2.60869 1.83649
2.57272 1.98011
2.55736 2.12371
2.56559 2.26624
2.60848 2.44249
2.71861 2.76068
2.75498 3.02771
2.75839 3.12259
2.77410 3.12259
2.76305 2.84226
2.69498 2.62457
2.59502 2.34880
2.57072 2.20168
2.57215 2.06266
2.59489 1.92370
2.63517 1.78632
2.69474 1.63912
2.76730 1.49366
2.85889 1.33442
2.97316 1.15400
3.13330 0.91349
3.31625 0.63512
3.32788 0.63512
3.09989 0.98244
2.95052 1.20937
2.84312 1.38310
2.75720 1.53782
2.68969 1.67975
2.63523 1.82359
2.59759 1.96867
2.58116 2.10374
2.58668 2.24832
2.62234 2.40898
2.74739 2.76116
2.78598 3.02775
2.78981 3.12259
2.80552 3.12259
2.79273 2.84256
2.72230 2.62534
2.62186 2.35842
2.59516 2.21155
2.59460 2.07269
2.61561 1.93386
2.65438 1.79665
2.71245 1.64982
2.78354 1.50506
2.87344 1.34717
2.98551 1.16931
3.14187 0.93463
3.33969 0.63512
3.35167 0.63512
3.12403 0.98079
2.97464 1.20716
2.86714 1.38079
2.78107 1.53568
2.71342 1.67794
2.65884 1.82229
2.62329 1.95714
2.60540 2.09353
2.60971 2.23944
2.64488 2.40113
2.77639 2.76160
2.81658 3.01500
2.82123 3.12259
2.83693 3.12259
2.82257 2.84283
2.74997 2.62606
2.64699 2.35914
2.61953 2.21185
2.61864 2.07245
2.63956 1.93304
2.67840 1.79529
2.73660 1.64799
2.80784 1.50292
2.89787 1.34490
3.01002 1.16720
3.16635 0.93316
3.36382 0.63512
3.37616 0.63512
3.14885 0.97927
3.01047 1.18809
2.90069 1.36379
2.81271 1.52019
2.74332 1.66375
2.68699 1.80941
2.64985 1.94551
2.63044 2.08320
2.63244 2.22096
2.66271 2.37567
2.80845 2.77172
2.84849 3.04077
2.85264 3.12259
2.86835 3.12259
2.85257 2.84307
2.77801 2.62670
2.67273 2.35978
2.64458 2.21213
2.64339 2.07224
2.66425 1.93230
2.70314 1.79406
2.75585 1.65903
2.82562 1.51465
2.91395 1.35789
3.02396 1.18252
3.16231 0.97504
3.38867 0.63512
3.40136 0.63512
3.17435 0.97789
3.03598 1.18628
2.92612 1.36187
2.83802 1.51840
2.76852 1.66223
2.71207 1.80830
2.67488 1.94486
2.65556 2.08304
2.65787 2.22124
2.68887 2.37630
2.83798 2.77207
2.87920 3.02784
2.88406 3.12259
2.89977 3.12259
2.88515 2.85377
2.81402 2.64475
2.70169 2.36925
2.67132 2.22199
2.66817 2.08244
2.68729 1.94279
2.72464 1.80485
2.78143 1.65757
2.85132 1.51291
2.93977 1.35604
3.04984 1.18077
3.18818 0.97372
3.41422 0.63512
3.42727 0.63512
3.20054 0.97667
3.06218 1.18466
2.95225 1.36016
2.86405 1.51680
2.79443 1.66088
2.73789 1.80731
2.70066 1.94428
2.68141 2.08289
2.68398 2.22150
2.71563 2.37686
2.86773 2.77238
2.91035 3.02786
2.91547 3.12259
2.93118 3.12259
2.91552 2.85395
2.84293 2.64524
2.72870 2.36977
2.69777 2.22224
2.69439 2.08230
2.71346 1.94224
2.75085 1.80391
2.80224 1.66896
2.87064 1.52500
2.95740 1.36930
3.06538 1.19617
3.20068 0.99326
3.41906 0.66804
3.44050 0.63512
3.45391 0.63512
3.22743 0.97559
3.08907 1.18325
2.97909 1.35867
2.89080 1.51540
2.82108 1.65969
2.76445 1.80644
2.72719 1.94377
2.70800 2.08277
2.71079 2.22172
2.74300 2.37735
2.89770 2.77266
2.94153 3.02788
2.94689 3.12259
2.96260 3.12259
2.94603 2.85411
2.87219 2.64567
2.75633 2.37023
2.72493 2.22244
2.72134 2.08218
2.74036 1.94176
2.77780 1.80309
2.82927 1.66787
2.89775 1.52369
2.98460 1.36790
3.09263 1.19482
3.22793 0.99221
3.44610 0.66791
3.46750 0.63512
3.48127 0.63512
3.25500 0.97468
3.11666 1.18204
3.00663 1.35740
2.91826 1.51421
2.84846 1.65868
2.79176 1.80570
2.75446 1.94334
2.73531 2.08266
2.73830 2.22191
2.77098 2.37777
2.92789 2.77289
2.97275 3.02790
2.97831 3.12259
2.99401 3.12259
2.97670 2.85424
2.90180 2.64602
2.78458 2.37061
2.75279 2.22262
2.74904 2.08208
2.76802 1.94136
2.80549 1.80241
2.85702 1.66695
2.92559 1.52260
3.01251 1.36671
3.12058 1.19368
3.25587 0.99132
3.47387 0.66781
3.49523 0.63512
3.50937 0.63512
3.28327 0.97393
3.14494 1.18105
3.03487 1.35635
2.94644 1.51323
2.87657 1.65785
2.82378 1.79320
2.78486 1.93183
2.76407 2.07219
2.76552 2.21246
2.79426 2.36040
2.89389 2.60997
2.97287 2.82271
3.00972 3.12259
3.02543 3.12259
3.00752 2.85435
2.93178 2.64631
2.81630 2.37980
2.78254 2.23240
2.77693 2.09243
2.79417 1.95224
2.83005 1.81380
2.88013 1.67889
2.94717 1.53527
3.03239 1.38053
3.13840 1.20945
3.27080 1.01076
3.46240 0.72808
3.52369 0.63512
3.53820 0.63512
3.31224 0.97334
3.17391 1.18028
3.06381 1.35553
2.97534 1.51246
2.90542 1.65720
2.85258 1.79271
2.81363 1.93153
2.79287 2.07210
2.79443 2.21257
2.82343 2.36066
2.92003 2.60162
3.00367 2.82283
3.04114 3.12259
3.05685 3.12259
3.03848 2.85443
2.96211 2.64653
2.84583 2.38003
2.81183 2.23251
2.80611 2.09238
2.82332 1.95201
2.85923 1.81339
2.90934 1.67834
2.97643 1.53462
3.06169 1.37982
3.16773 1.20875
3.30014 1.01020
3.49165 0.72790
3.55289 0.63512
3.56777 0.63512
3.34191 0.97292
3.20359 1.17972
3.09347 1.35494
3.00495 1.51191
2.93500 1.65674
2.88213 1.79236
2.84316 1.93132
2.82241 2.07204
2.82405 2.21265
2.85325 2.36084
2.95042 2.60182
3.03464 2.82291
3.07255 3.12259
3.08826 3.12259
3.06960 2.85448
2.99280 2.64667
2.87599 2.38019
2.84182 2.23259
2.83603 2.09235
2.85323 1.95185
2.88915 1.81313
2.93929 1.67798
3.00641 1.53418
3.09170 1.37934
3.19776 1.20829
3.33016 1.00983
3.52162 0.72778
3.58283 0.63512
3.59807 0.63512
3.37228 0.97266
3.23396 1.17939
3.12382 1.35459
3.03529 1.51158
2.96531 1.65646
2.91242 1.79215
2.87344 1.93120
2.85270 2.07200
2.85439 2.21270
2.88370 2.36095
2.98122 2.60194
3.06579 2.82296
3.10397 3.12259
3.11968 3.12259
3.10086 2.85451
3.02386 2.64675
2.90677 2.38027
2.87253 2.23263
2.86670 2.09233
2.88389 1.95178
2.91982 1.81299
2.96997 1.67780
3.03711 1.53396
3.12241 1.37910
3.22848 1.20806
3.36088 1.00964
3.55231 0.72773
3.61351 0.63512
3.62912 0.63512
3.40334 0.97258
3.26502 1.17927
3.15489 1.35447
3.06635 1.51147
2.99636 1.65637
2.94346 1.79207
2.90448 1.93115
2.88374 2.07199
2.88545 2.21271
2.91480 2.36099
3.01243 2.60198
3.09712 2.82297
3.13538 3.12259
3.15109 3.12259
3.13228 2.85451
3.05527 2.64675
2.93819 2.38027
2.90394 2.23263
2.89812 2.09233
2.91531 1.95178
2.95123 1.81299
3.00139 1.67780
3.06852 1.53396
3.15383 1.37910
3.25989 1.20806
3.39230 1.00964
3.58373 0.72773
3.64492 0.63512
3.66091 0.63512
3.43511 0.97266
3.29679 1.17939
3.18666 1.35459
3.09812 1.51158
3.02814 1.65646
2.97525 1.79215
2.93627 1.93120
2.91553 2.07200
2.91722 2.21270
2.94653 2.36095
3.04405 2.60194
3.12862 2.82296
3.16680 3.12259
3.18251 3.12259
3.16385 2.85448
3.08705 2.64667
2.97024 2.38019
2.93607 2.23259
2.93028 2.09235
2.94748 1.95185
2.98340 1.81313
3.03354 1.67798
3.10066 1.53418
3.18595 1.37934
3.29200 1.20829
3.42441 1.00983
3.61587 0.72778
3.67708 0.63512
3.69343 0.63512
3.46757 0.97292
3.32925 1.17972
3.21913 1.35494
3.13062 1.51191
3.06066 1.65674
3.00779 1.79236
2.96882 1.93132
2.94807 2.07204
2.94972 2.21265
2.97891 2.36084
3.07609 2.60182
3.16030 2.82291
3.19822 3.12259
3.21392 3.12259
3.19556 2.85443
3.11919 2.64653
3.00291 2.38003
2.96891 2.23251
2.96319 2.09238
2.98040 1.95201
3.01631 1.81339
3.06642 1.67834
3.13351 1.53462
3.21877 1.37982
3.32481 1.20875
3.45722 1.01020
3.64873 0.72790
3.70997 0.63512
3.72670 0.63512
3.50074 0.97334
3.36241 1.18028
3.25231 1.35553
3.16383 1.51246
3.09391 1.65720
3.04108 1.79271
3.00213 1.93153
2.98136 2.07210
2.98292 2.21257
3.01193 2.36066
3.10853 2.60162
3.19216 2.82283
3.22963 3.12259
3.24534 3.12259
3.22743 2.85435
3.15169 2.64631
3.03621 2.37980
3.00245 2.23240
2.99684 2.09243
3.01408 1.95224
3.04996 1.81380
3.10004 1.67889
3.16708 1.53527
3.25230 1.38053
3.35831 1.20945
3.49072 1.01076
3.68231 0.72808
3.74361 0.63512
3.76070 0.63512
3.53460 0.97393
3.39626 1.18105
3.28620 1.35635
3.19777 1.51323
3.12790 1.65785
3.07511 1.79320
3.03619 1.93183
3.01540 2.07219
3.01685 2.21246
3.04558 2.36040
3.14522 2.60997
3.22420 2.82271
3.26105 3.12259
3.27676 3.12259
3.25944 2.85424
3.18455 2.64602
3.06732 2.37061
3.03553 2.22262
3.03178 2.08208
3.05076 1.94136
3.08823 1.80241
3.13976 1.66695
3.20833 1.52260
3.29525 1.36671
3.40332 1.19368
3.53862 0.99132
3.75661 0.66781
3.77797 0.63512
3.79543 0.63512
3.56916 0.97468
3.43082 1.18204
3.32079 1.35740
3.23242 1.51421
3.16262 1.65868
3.10592 1.80570
3.06862 1.94334
3.04947 2.08266
3.05246 2.22191
3.08514 2.37777
3.24205 2.77289
3.28691 3.02790
3.29246 3.12259
3.30817 3.12259
3.29161 2.85411
3.21776 2.64567
3.10190 2.37023
3.07050 2.22244
3.06692 2.08218
3.08594 1.94176
3.12337 1.80309
3.17484 1.66787
3.24333 1.52369
3.33018 1.36790
3.43821 1.19482
3.57351 0.99221
3.79168 0.66791
3.81308 0.63512
3.83090 0.63512
3.60442 0.97559
3.46606 1.18325
3.35608 1.35867
3.26779 1.51540
3.19807 1.65969
3.14144 1.80644
3.10418 1.94377
3.08499 2.08277
3.08779 2.22172
3.11999 2.37735
3.27469 2.77266
3.31852 3.02788
3.32388 3.12259
3.33959 3.12259
3.32392 2.85395
3.25133 2.64524
3.13711 2.36977
3.10618 2.22224
3.10280 2.08230
3.12186 1.94224
3.15926 1.80391
3.21065 1.66896
3.27904 1.52500
3.36580 1.36930
3.47378 1.19617
3.60909 0.99326
3.82747 0.66804
3.84891 0.63512
3.86709 0.63512
3.64036 0.97667
3.50200 1.18466
3.39208 1.36016
3.30387 1.51680
3.23426 1.66088
3.17772 1.80731
3.14049 1.94428
3.12124 2.08289
3.12381 2.22150
3.15545 2.37686
3.30756 2.77238
3.35017 3.02786
3.35530 3.12259
3.37100 3.12259
3.35639 2.85377
3.28526 2.64475
3.17293 2.36925
3.14255 2.22199
3.13941 2.08244
3.15853 1.94279
3.19588 1.80485
3.25267 1.65757
3.32256 1.51291
3.41100 1.35604
3.52108 1.18077
3.65942 0.97372
3.88546 0.63512
3.90401 0.63512
3.67700 0.97789
3.53864 1.18628
3.42878 1.36187
3.34068 1.51840
3.27117 1.66223
3.21473 1.80830
3.17754 1.94486
3.15822 2.08304
3.16052 2.22124
3.19152 2.37630
3.34064 2.77207
3.38186 3.02784
3.38671 3.12259
3.40242 3.12259
3.38664 2.84307
3.31208 2.62670
3.20680 2.35978
3.17865 2.21213
3.17746 2.07224
3.19832 1.93230
3.23721 1.79406
3.28992 1.65903
3.35969 1.51465
3.44802 1.35789
3.55803 1.18252
3.69638 0.97504
3.92274 0.63512
3.94164 0.63512
3.71433 0.97927
3.57596 1.18809
3.46618 1.36379
3.37819 1.52019
3.30881 1.66375
3.25248 1.80941
3.21533 1.94551
3.19593 2.08320
3.19793 2.22096
3.22819 2.37567
3.37394 2.77172
3.41397 3.04077
3.41813 3.12259
3.43384 3.12259
3.41947 2.84283
3.34688 2.62606
3.24389 2.35914
3.21643 2.21185
3.21554 2.07245
3.23647 1.93304
3.27530 1.79529
3.33350 1.64799
3.40474 1.50292
3.49477 1.34490
3.60693 1.16720
3.76326 0.93316
3.96073 0.63512
3.97999 0.63512
3.75235 0.98079
3.60296 1.20716
3.49546 1.38079
3.40939 1.53568
3.34174 1.67794
3.28715 1.82229
3.25161 1.95714
3.23372 2.09353
3.23803 2.23944
3.27320 2.40113
3.40471 2.76160
3.44490 3.01500
3.44954 3.12259
3.46525 3.12259
3.45247 2.84256
3.38203 2.62534
3.28160 2.35842
3.25490 2.21155
3.25434 2.07269
3.27534 1.93386
3.31411 1.79665
3.37218 1.64982
3.44328 1.50506
3.53317 1.34717
3.64524 1.16931
3.80161 0.93463
3.99942 0.63512
4.01904 0.63512
3.79104 0.98244
3.64167 1.20937
3.53427 1.38310
3.44835 1.53782
3.38084 1.67975
3.32638 1.82359
3.28874 1.96867
3.27231 2.10374
3.27783 2.24832
3.31349 2.40898
3.43854 2.76116
3.47713 3.02775
3.48096 3.12259
3.49667 3.12259
3.48562 2.84226
3.41755 2.62457
3.31759 2.34880
3.29328 2.20168
3.29472 2.06266
3.31746 1.92370
3.35774 1.78632
3.41730 1.63912
3.48986 1.49366
3.58145 1.33442
3.69573 1.15400
3.85586 0.91349
4.03882 0.63512
4.05878 0.63512
3.81632 1.00545
3.67029 1.22863
3.56515 1.40032
3.48116 1.55348
3.41540 1.69404
3.36267 1.83649
3.32671 1.98011
3.31135 2.12371
3.31957 2.26624
3.36246 2.44249
3.47259 2.76068
3.50896 3.02771
3.51238 3.12259
3.52808 3.12259
3.51892 2.84194
3.45341 2.62374
3.35655 2.34799
3.33252 2.19182
3.33597 2.05269
3.36042 1.91366
3.40220 1.77613
3.46325 1.62857
3.53727 1.48238
3.63059 1.32169
3.74713 1.13849
3.91125 0.89158
4.07891 0.63512
4.09921 0.63512
3.85636 1.00744
3.71037 1.23121
3.60537 1.40298
3.52155 1.55594
3.45595 1.69609
3.40335 1.83794
3.36740 1.98086
3.35180 2.12374
3.36070 2.27477
3.40631 2.45861
3.50687 2.76016
3.54083 3.02768
3.54379 3.12259
3.55950 3.12259
3.55238 2.84160
3.48639 2.61409
3.39609 2.34712
3.37307 2.19153
3.37691 2.05309
3.40146 1.91479
3.44316 1.77793
3.50404 1.63094
3.57789 1.48509
3.67103 1.32450
3.78748 1.14103
3.95166 0.89319
4.11968 0.63512
4.14032 0.63512
3.89708 1.00956
3.75114 1.23395
3.64629 1.40581
3.56265 1.55855
3.49723 1.69826
3.44475 1.83949
3.40880 1.98166
3.39293 2.12378
3.40109 2.27412
3.44491 2.45756
3.54136 2.75962
3.57276 3.04064
3.57521 3.12259
3.59092 3.12259
3.58411 2.83074
3.51996 2.60438
3.43421 2.33739
3.41386 2.18171
3.41972 2.04328
3.44598 1.90500
3.48915 1.76806
3.55151 1.62072
3.62680 1.47409
3.72169 1.31191
3.84047 1.12537
4.00890 0.87038
4.16113 0.63512
4.18210 0.63512
3.93845 1.01179
3.79258 1.23684
3.68789 1.40880
3.60445 1.56130
3.53412 1.71268
3.48335 1.85237
3.44899 1.99295
3.43443 2.13351
3.44335 2.28243
3.49196 2.48203
3.57606 2.75904
3.60461 3.04061
3.60662 3.12259
3.62233 3.12259
3.61800 2.83034
3.55414 2.59463
3.47315 2.32763
3.45549 2.17193
3.46337 2.03356
3.49132 1.89534
3.53596 1.75833
3.59978 1.61062
3.67654 1.46315
3.77319 1.29925
3.90690 1.09028
4.10245 0.79271
4.20324 0.63512
4.22455 0.63512
3.98049 1.01413
3.83470 1.23987
3.73019 1.41193
3.64695 1.56419
3.57682 1.71503
3.52618 1.85402
3.49177 1.99377
3.47686 2.13349
3.48487 2.28168
3.53115 2.48087
3.61098 2.75844
3.63649 3.04058
3.63804 3.12259
3.65375 3.12259
3.65204 2.82991
3.59179 2.59354
3.51456 2.32668
3.49807 2.17169
3.50642 2.03416
3.53447 1.89680
3.57902 1.76055
3.64264 1.61347
3.71919 1.46636
3.81565 1.30250
3.94923 1.09305
4.14492 0.79392
4.24601 0.63512
4.26763 0.63512
4.02319 1.01656
3.87750 1.24302
3.77317 1.41519
3.69015 1.56720
3.62023 1.71749
3.56971 1.85574
3.53524 1.99463
3.51994 2.13347
3.52817 2.28978
3.57826 2.50525
3.64801 2.76772
3.66729 3.08073
3.66946 3.12259
3.68516 3.12259
3.68624 2.82948
3.62978 2.59241
3.55495 2.31690
3.54122 2.16200
3.55159 2.02463
3.58133 1.88740
3.62732 1.75112
3.69239 1.60366
3.77041 1.45561
3.86865 1.28986
4.00501 1.07626
4.20663 0.76622
4.28942 0.63512
4.31136 0.63512
4.06653 1.01908
3.92095 1.24629
3.80849 1.43309
3.72100 1.59628
3.65465 1.74371
3.60730 1.87945
3.57582 2.01586
3.56296 2.16175
3.57592 2.32403
3.68144 2.75716
3.69989 3.05373
3.70087 3.12259
3.71658 3.12259
3.71919 2.81851
3.66303 2.57377
3.59615 2.30713
3.58520 2.15237
3.59930 2.00501
3.63225 1.86715
3.68122 1.72997
3.74940 1.58098
3.83061 1.43051
3.94325 1.24381
4.08892 1.01718
4.33346 0.63512
4.35571 0.63512
4.09676 1.04300
3.95461 1.26647
3.84470 1.45091
3.75935 1.61219
3.69484 1.75788
3.64605 1.90267
3.61601 2.04652
3.60714 2.18929
3.62450 2.35761
3.71532 2.74662
3.73231 3.04047
3.73229 3.12259
3.74800 3.12259
3.75384 2.81801
3.70201 2.57253
3.63937 2.30614
3.62974 2.15222
3.64439 2.00589
3.67745 1.86899
3.72631 1.73264
3.79428 1.58429
3.88358 1.41962
3.99833 1.23025
4.16178 0.97569
4.37812 0.63512
4.40068 0.63512
4.14138 1.04577
3.98919 1.28654
3.88180 1.46864
3.79856 1.62800
3.73587 1.77191
3.68873 1.91486
3.65999 2.05689
3.65205 2.20708
3.67193 2.38214
3.75122 2.74590
3.76363 3.05368
3.76370 3.12259
3.77941 3.12259
3.78865 2.81750
3.74133 2.57126
3.68199 2.29639
3.67518 2.14273
3.69199 1.99669
3.72671 1.85999
3.77698 1.72358
3.84639 1.57470
3.93735 1.40866
4.05426 1.21641
4.22155 0.95508
4.42338 0.63512
4.44624 0.63512
4.18663 1.04859
4.03466 1.29014
3.92756 1.47227
3.84459 1.63121
3.78208 1.77441
3.73496 1.91643
3.70591 2.05742
3.69705 2.20658
3.71632 2.38941
3.78732 2.74516
3.79470 3.06708
3.79512 3.12259
3.81083 3.12259
3.82263 2.80648
3.77689 2.55251
3.72541 2.28667
3.72142 2.13331
3.74039 1.98761
3.77674 1.85111
3.83358 1.70271
3.90613 1.55197
4.00073 1.38259
4.12241 1.18418
4.29816 0.90880
4.46924 0.63512
4.49239 0.63512
4.23250 1.05147
4.08079 1.29379
3.97398 1.47596
3.89129 1.63448
3.82896 1.77697
3.78184 1.91803
3.75245 2.05795
3.74261 2.20608
3.76093 2.39661
3.82361 2.74442
3.82654 3.12259
3.84224 3.12259
3.85792 2.80592
3.81533 2.54247
3.76961 2.27699
3.76846 2.12398
3.78956 1.97865
3.82754 1.84235
3.88591 1.69381
3.95991 1.54234
4.05623 1.37122
4.18026 1.16924
4.37739 0.85857
4.51567 0.63512
4.53910 0.63512
4.27899 1.05437
4.12755 1.29750
4.02106 1.47970
3.93865 1.63780
3.87216 1.79079
3.82654 1.92995
3.79695 2.07748
3.78903 2.23208
3.81270 2.44615
3.86103 2.75367
3.85795 3.12259
3.87366 3.12259
3.89267 2.79488
3.85279 2.52376
3.81458 2.26737
3.81713 2.10543
3.84188 1.95972
3.88297 1.82275
3.94451 1.67290
4.02172 1.51919
4.12185 1.34402
4.26352 1.11483
4.49799 0.74141
4.56267 0.63512
4.58638 0.63512
4.31273 1.07860
4.16504 1.31766
4.06111 1.49741
3.98078 1.65346
3.91614 1.80441
3.86932 1.95175
3.84222 2.09654
3.83602 2.25749
3.87075 2.53915
3.90032 2.80455
3.88937 3.12259
3.90508 3.12259
3.92845 2.79428
3.89428 2.52235
3.86033 2.25780
3.86587 2.09633
3.89273 1.95102
3.93541 1.81420
3.99847 1.66408
4.07716 1.50938
4.17908 1.33202
4.32361 1.09788
4.56588 0.70867
4.61022 0.63512
4.63419 0.63512
4.36043 1.08164
4.21310 1.32145
4.10201 1.51494
4.01813 1.68097
3.95692 1.82867
3.91305 1.97301
3.88722 2.12423
3.88380 2.29096
3.93361 2.74213
3.92078 3.12259
3.93649 3.12259
3.96402 2.78323
3.93350 2.50366
3.90683 2.24829
3.91536 2.08733
3.94432 1.94242
3.99281 1.79471
4.05905 1.64299
4.14102 1.48557
4.25708 1.28661
4.42565 1.01455
4.65829 0.63512
4.68252 0.63512
4.40871 1.08469
4.25214 1.34144
4.14377 1.53227
4.06205 1.69606
4.00252 1.84171
3.95991 1.98402
3.93468 2.13328
3.93095 2.30692
3.97024 2.73134
3.95220 3.12259
3.96791 3.12259
4.00030 2.78258
3.97490 2.49363
3.95408 2.23887
3.96560 2.07844
3.99665 1.93394
4.04685 1.78632
4.11460 1.63413
4.20605 1.46115
4.32674 1.25607
4.50338 0.97013
4.70688 0.63512
4.73137 0.63512
4.44464 1.10877
4.29206 1.36121
4.18638 1.54938
4.10676 1.71093
4.04884 1.85452
4.00516 2.00438
3.98093 2.15983
3.97939 2.34792
4.00763 2.73054
3.98361 3.12259
3.99932 3.12259
4.03671 2.77153
4.01610 2.47505
4.00207 2.22952
4.01658 2.06966
4.04971 1.92554
4.10161 1.77797
4.17087 1.62523
4.26397 1.45066
4.38683 1.24211
4.58338 0.92211
4.75597 0.63512
4.78070 0.63512
4.49410 1.11188
4.34203 1.36500
4.23676 1.55306
4.15740 1.71401
4.09584 1.86709
4.05323 2.01482
4.02916 2.16834
4.02666 2.37184
4.04520 2.72975
4.01503 3.12259
4.03074 3.12259
4.07348 2.77086
4.05908 2.46508
4.05079 2.22026
4.06828 2.06097
4.10349 1.91724
4.15709 1.76967
4.22785 1.61627
4.32261 1.43995
4.45886 1.20923
4.68337 0.84089
4.80554 0.63512
4.83050 0.63512
4.54411 1.11494
4.39259 1.36875
4.28083 1.56986
4.20349 1.72854
4.14350 1.87941
4.10182 2.02505
4.07692 2.18530
4.07414 2.41248
4.08267 2.73910
4.04645 3.12259
4.06215 3.12259
4.11076 2.75981
4.10229 2.44666
4.10079 2.20254
4.12256 2.04321
4.16123 1.89897
4.21807 1.75018
4.29203 1.59450
4.39053 1.41397
4.53234 1.17453
4.79001 0.74716
4.85558 0.63512
4.88076 0.63512
4.58217 1.13876
4.42575 1.40371
4.31909 1.59922
4.24061 1.76513
4.18192 1.92131
4.14326 2.07132
4.12182 2.24416
4.12032 2.73837
4.07786 3.12259
4.09357 3.12259
4.14857 2.74880
4.14638 2.41992
4.15191 2.18496
4.17791 2.02555
4.22002 1.88071
4.28009 1.73051
4.36419 1.55910
4.47802 1.35522
4.64588 1.07384
4.90605 0.63512
4.93145 0.63512
4.63330 1.14179
4.47755 1.40735
4.37135 1.60264
4.29305 1.76784
4.23412 1.92296
4.19276 2.08065
4.16974 2.26010
4.15882 2.72745
4.10928 3.12259
4.12499 3.12259
4.18620 2.74810
4.19204 2.41017
4.20309 2.17606
4.23201 2.01722
4.27984 1.86242
4.34313 1.71059
4.43076 1.53598
4.54901 1.32599
4.73870 1.00707
4.95696 0.63512
4.98256 0.63512
4.67286 1.16521
4.52128 1.42618
4.41777 1.61859
4.34136 1.78138
4.28366 1.93423
4.24261 2.08980
4.21757 2.27585
4.19697 2.72672
4.14069 3.12259
4.15640 3.12259
4.22490 2.73711
4.23904 2.37547
4.25744 2.15022
4.29179 1.99050
4.34472 1.83370
4.41859 1.66666
4.51379 1.48399
4.65275 1.24156
4.88588 0.84724
5.00826 0.63512
5.03407 0.63512
4.72507 1.16815
4.56582 1.44468
4.45880 1.64649
4.38148 1.81578
4.32485 1.97343
4.28604 2.13312
4.26032 2.35743
4.23409 2.73626
4.17211 3.12259
4.18782 3.12259
4.26414 2.72617
4.30615 2.16700
4.34222 2.00077
4.39432 1.84623
4.46650 1.68165
4.56707 1.48751
4.70534 1.24481
4.95567 0.81761
5.05996 0.63512
5.08595 0.63512
4.76608 1.19109
4.61117 1.46283
4.50681 1.66162
4.43122 1.82841
4.37543 1.98380
4.33464 2.14997
4.30388 2.40616
4.26930 2.75644
4.20353 3.12259
4.21923 3.12259
4.30393 2.71527
4.35915 2.15836
4.39830 1.99264
4.45252 1.83812
4.52644 1.67279
4.62875 1.47655
4.78048 1.20998
5.06694 0.71515
5.11202 0.63512
5.13819 0.63512
4.81932 1.19388
4.65729 1.48062
4.54979 1.68818
4.47340 1.86093
4.41831 2.02087
4.37726 2.19960
4.31054 2.73498
4.23494 3.12259
4.25065 3.12259
4.34427 2.70444
4.41279 2.14981
4.45790 1.97539
4.52004 1.80920
4.60528 1.62713
4.72471 1.40451
4.90663 1.08721
5.16443 0.63512
5.19076 0.63512
4.86174 1.21629
4.70416 1.49802
4.59926 1.70245
4.52433 1.87267
4.46700 2.03920
4.42269 2.23187
4.34893 2.73438
4.26636 3.12259
4.28207 3.12259
4.38516 2.69367
4.46523 2.14969
4.51234 1.97649
4.57520 1.81137
4.66042 1.63004
4.77926 1.40763
4.97335 1.06656
5.21717 0.63512
5.24365 0.63512
4.90501 1.23822
4.74434 1.52895
4.63874 1.73885
4.56450 1.91295
4.50633 2.09117
4.45761 2.32059
4.38522 2.74426
4.29777 3.12259
4.31348 3.12259
4.42848 2.67302
4.51992 2.14129
4.57345 1.95930
4.63998 1.79250
4.73537 1.59495
4.87052 1.34541
5.11502 0.91376
5.27021 0.63512
5.29683 0.63512
4.94911 1.25964
4.79283 1.54535
4.68960 1.75208
4.61282 1.93305
4.55308 2.11646
4.49163 2.40194
4.41066 2.79750
4.32919 3.12259
4.34490 3.12259
4.47067 2.66245
4.57521 2.13297
4.63210 1.95125
4.70565 1.77329
4.80488 1.57158
4.95489 1.29582
5.25807 0.75452
5.32353 0.63512
5.35029 0.63512
4.99401 1.28056
4.83506 1.57463
4.73115 1.78633
4.65480 1.97067
4.59305 2.16567
4.45644 2.76453
4.36061 3.12259
4.37631 3.12259
4.51568 2.64220
4.63106 2.12473
4.69486 1.93394
4.77735 1.74270
4.88981 1.51975
5.06322 1.20317
5.37711 0.63512
5.40399 0.63512
5.03970 1.30096
4.87839 1.60289
4.77384 1.81919
4.69439 2.01555
4.62625 2.23788
4.49440 2.76414
4.39202 3.12259
4.40773 3.12259
4.55918 2.63186
4.68748 2.11655
4.75477 1.92579
4.83959 1.73359
4.96154 1.49370
5.16560 1.12038
5.43094 0.63512
5.45793 0.63512
5.08613 1.32085
4.92273 1.63016
4.81747 1.85075
4.73761 2.05025
4.65578 2.31762
4.52231 2.79649
4.42344 3.12259
4.43915 3.12259
4.60850 2.60253
4.74716 2.10019
4.82303 1.89881
4.91905 1.68994
5.05868 1.42050
5.31653 0.94741
5.48498 0.63512
5.51207 0.63512
5.13330 1.34020
4.96799 1.65646
4.85771 1.89063
4.77213 2.10856
4.55214 2.81856
4.45485 3.12259
4.47056 3.12259
4.65631 2.58312
4.80482 2.09210
4.88838 1.88088
4.99444 1.65613
5.15995 1.33986
5.53921 0.63512
5.56640 0.63512
5.17221 1.37586
5.00831 1.69351
4.89492 1.93790
4.80091 2.18103
4.58900 2.81834
4.48627 3.12259
4.50198 3.12259
4.70804 2.55479
4.86609 2.07579
4.95896 1.85285
5.08409 1.59527
5.28714 1.21038
5.59362 0.63512
5.62089 0.63512
5.21249 1.41004
5.04444 1.73998
4.92929 1.99169
4.81421 2.29204
4.51769 3.12259
4.53339 3.12259
4.76417 2.51808
4.92823 2.05944
5.03552 1.81389
5.18411 1.51544
5.46788 0.97800
5.64818 0.63512
5.67551 0.63512
5.24607 1.45814
5.07215 1.80474
4.94688 2.08437
4.54910 3.12259
4.56481 3.12259
4.82838 2.46494
4.99475 2.03463
5.11903 1.76257
5.30559 1.39483
5.70287 0.63512
5.73025 0.63512
5.27433 1.51788
5.09321 1.88420
4.94510 2.22015
4.58052 3.12259
4.59623 3.12259
4.90147 2.39690
5.07409 1.98369
5.22838 1.66126
5.50269 1.12796
5.75766 0.63512
5.78509 0.63512
5.29208 1.59981
5.09652 2.00123
4.61207 3.10841
4.61193 3.12259
4.62764 3.12259
5.00492 2.26742
5.18290 1.87505
5.40563 1.42875
5.81253 0.63512
5.83999 0.63512
5.28560 1.73177
5.03601 2.25147
4.64335 3.12259
4.65906 3.12259
5.25572 1.84635
5.60552 1.15128
5.86746 0.63512
5.89494 0.63512
5.13449 2.15674
4.67511 3.10841
4.67477 3.12259
4.69047 3.12259
5.43746 1.60046
5.92243 0.63512
5.94992 0.63512
5.30247 1.93457
4.71114 3.09424
4.70618 3.12259
4.72189 3.12259
4.71239 3.14159
4.71239 3.14159