# sss file
-1.57080 3.14159
-1.57080 3.14159
-1.56130 3.12259
-0.31756 0.63512
-0.28614 0.63512
-1.52988 3.12259
-1.49846 3.12259
-1.37856 2.94922
-1.07619 2.28364
-0.67294 1.46139
-0.28296 0.69046
-0.25473 0.63512
-0.22331 0.63512
-0.61199 1.40182
-1.00395 2.19861
-1.31444 2.87537
-1.44241 3.11332
-1.46705 3.12259
-1.43563 3.12259
-1.30938 3.03247
-1.08830 2.46245
-0.85999 1.95982
-0.59427 1.41738
-0.33096 0.90256
-0.19190 0.63512
-0.16048 0.63512
-0.44209 1.17860
-0.70088 1.69404
-0.94155 2.20268
-1.14683 2.68518
-1.30740 3.08252
-1.40422 3.12259
-1.37280 3.12259
-1.21716 3.06044
-0.99663 2.41805
-0.82719 2.01730
-0.63037 1.60107
-0.41738 1.18100
-0.19255 0.75456
-0.12906 0.63512
-0.09765 0.63512
-0.34331 1.09857
-0.55318 1.50702
-0.74571 1.90634
-0.91368 2.29139
-1.06017 2.68828
-1.19220 3.06999
-1.34138 3.12259
-1.30997 3.12259
-1.12960 3.07976
-1.05454 2.90154
-0.94960 2.50069
-0.83332 2.17641
-0.69391 1.85023
-0.53665 1.52168
-0.36249 1.18398
-0.16329 0.81387
-0.06623 0.63512
-0.03482 0.63512
-0.26502 1.05951
-0.45143 1.41327
-0.60789 1.73019
-0.74766 2.04293
-0.87232 2.36800
-0.97872 2.72640
-1.06754 3.04586
-1.18445 3.11183
-1.27855 3.12259
-1.24714 3.12259
-1.04345 3.08941
-0.96302 2.97725
-0.86245 2.47567
-0.77558 2.19444
-0.66748 1.91746
-0.54362 1.64478
-0.39858 1.35678
-0.22662 1.03770
-0.02193 0.66862
-0.00340 0.63512
0.02801 0.63512
-0.19703 1.04050
-0.36799 1.35650
-0.51070 1.63875
-0.63155 1.90427
-0.73642 2.17329
-0.82405 2.45897
-0.94493 3.02089
-1.04242 3.10019
-1.21572 3.12259
-1.18431 3.12259
-0.94001 3.08841
-0.85425 2.98551
-0.77213 2.42940
-0.70371 2.17270
-0.61880 1.93590
-0.51348 1.69286
-0.38816 1.43915
-0.24048 1.16517
-0.06048 0.84649
0.05943 0.63512
0.09085 0.63512
-0.12869 1.02147
-0.28514 1.30236
-0.41671 1.55419
-0.52826 1.79132
-0.62066 2.02039
-0.69664 2.25699
-0.75578 2.52456
-0.82429 2.99482
-0.90767 3.08771
-1.15289 3.12259
-1.12147 3.12259
-0.83678 3.08756
-0.74578 2.99432
-0.71684 2.68528
-0.68653 2.38734
-0.63404 2.15301
-0.56400 1.93916
-0.47395 1.72117
-0.36515 1.49614
-0.23734 1.25820
-0.08661 0.99452
0.12226 0.63512
0.15368 0.63512
-0.07083 1.02118
-0.22878 1.29787
-0.35169 1.52843
-0.45556 1.74643
-0.54055 1.95744
-0.60559 2.16446
-0.65327 2.39189
-0.68330 2.73747
-0.71305 2.99243
-0.80497 3.08692
-1.09006 3.12259
-1.05864 3.12259
-0.78021 3.09883
-0.65876 3.03847
-0.61688 2.87846
-0.61165 2.41015
-0.58078 2.19885
-0.53122 2.00893
-0.46255 1.81764
-0.37694 1.62394
-0.27611 1.42571
-0.14981 1.20003
0.01320 0.92437
0.18509 0.63512
0.21651 0.63512
0.00031 0.99846
-0.15288 1.25886
-0.27215 1.47493
-0.36691 1.66553
-0.44645 1.85203
-0.50902 2.03632
-0.55474 2.23064
-0.58002 2.45572
-0.58862 2.93200
-0.65307 3.06151
-0.83308 3.11071
-1.02723 3.12259
-0.99581 3.12259
-0.68254 3.09838
-0.54951 3.03667
-0.50761 2.88655
-0.53150 2.36900
-0.51112 2.17457
-0.46799 1.98949
-0.40851 1.81539
-0.33339 1.64084
-0.23679 1.44945
-0.12485 1.25051
0.01641 1.01522
0.22711 0.66986
0.24793 0.63512
0.27934 0.63512
0.05923 0.99666
-0.08545 1.23603
-0.19917 1.43572
-0.29678 1.62609
-0.37239 1.79865
-0.43212 1.97006
-0.47352 2.14085
-0.49597 2.33233
-0.48955 2.59400
-0.47537 2.89539
-0.51926 3.03553
-0.65182 3.09801
-0.96439 3.12259
-0.93298 3.12259
-0.58656 3.09818
-0.44196 3.03560
-0.39883 2.89619
-0.42459 2.63974
-0.45526 2.36534
-0.44717 2.17873
-0.41662 2.01205
-0.36617 1.84510
-0.29885 1.67814
-0.21759 1.51089
-0.11533 1.32583
0.01319 1.11242
0.18060 0.84516
0.31076 0.63512
0.34217 0.63512
0.12005 0.99180
-0.02582 1.22710
-0.14006 1.42306
-0.23079 1.59617
-0.30691 1.76660
-0.36245 1.92393
-0.40111 2.08171
-0.42088 2.24993
-0.41521 2.44696
-0.36668 2.83982
-0.38913 2.99792
-0.46605 3.07227
-0.65968 3.11053
-0.90156 3.12259
-0.87015 3.12259
-0.60330 3.11059
-0.39192 3.07195
-0.30573 2.98491
-0.29443 2.81790
-0.38114 2.34510
-0.38211 2.17265
-0.36043 2.02024
-0.32010 1.86880
-0.26454 1.71925
-0.19020 1.55830
-0.10385 1.39746
0.00296 1.21780
0.15031 0.98528
0.37359 0.63512
0.40501 0.63512
0.17988 0.98864
0.03217 1.22116
-0.07448 1.39965
-0.16039 1.55865
-0.23406 1.71714
-0.29264 1.87575
-0.33069 2.02337
-0.35089 2.18206
-0.34674 2.34953
-0.26330 2.80538
-0.27295 2.97156
-0.33872 3.05843
-0.46122 3.09748
-0.57315 3.11042
-0.83873 3.12259
-0.80731 3.12259
-0.51799 3.11059
-0.29097 3.07142
-0.19960 2.98342
-0.18793 2.82710
-0.24062 2.60597
-0.30468 2.35864
-0.31818 2.19235
-0.30609 2.04479
-0.27389 1.89790
-0.22529 1.75303
-0.15769 1.59786
-0.07776 1.44417
0.02167 1.27494
0.14525 1.08083
0.32069 0.81429
0.43642 0.63512
0.46784 0.63512
0.24155 0.98279
0.09279 1.21143
-0.01455 1.38716
-0.10083 1.54405
-0.16909 1.68821
-0.22486 1.83453
-0.26455 1.98238
-0.28447 2.13066
-0.28079 2.28790
-0.24247 2.47985
-0.16575 2.76430
-0.15947 2.93477
-0.21832 3.04483
-0.36811 3.09735
-0.48858 3.11043
-0.77590 3.12259
-0.74448 3.12259
-0.43398 3.11063
-0.19203 3.07105
-0.09562 2.98226
-0.08410 2.82626
-0.13552 2.63664
-0.22904 2.36261
-0.25215 2.21111
-0.24924 2.06791
-0.22487 1.92498
-0.18299 1.78406
-0.12191 1.63373
-0.04817 1.48600
0.04427 1.32542
0.15890 1.14504
0.30337 0.92948
0.49925 0.63512
0.53067 0.63512
0.30404 0.97599
0.16561 1.18353
0.05550 1.35861
-0.03300 1.51484
-0.10309 1.65857
-0.16038 1.80470
-0.19867 1.94149
-0.21952 2.08008
-0.21848 2.22845
-0.18686 2.39262
-0.07129 2.73559
-0.05340 2.91071
-0.10317 3.03131
-0.20846 3.08393
-0.40537 3.11048
-0.71307 3.12259
-0.68165 3.12259
-0.35046 3.11064
-0.09461 3.07056
0.00045 2.99307
0.02027 2.84522
-0.02584 2.67317
-0.15726 2.35445
-0.18701 2.20533
-0.18853 2.06342
-0.16718 1.92135
-0.12736 1.78126
-0.07358 1.64495
-0.00267 1.49996
0.07780 1.35840
0.17567 1.20328
0.30868 1.00651
0.50077 0.72697
0.56209 0.63512
0.59350 0.63512
0.36636 0.96979
0.22719 1.17396
0.11639 1.34672
0.02731 1.50148
-0.04316 1.64440
-0.09650 1.77839
-0.13595 1.91583
-0.15719 2.05509
-0.15606 2.19418
-0.12754 2.34048
0.02418 2.72568
0.04872 2.88664
0.00770 3.01750
-0.11453 3.08365
-0.32274 3.11050
-0.65023 3.12259
-0.61882 3.12259
-0.26851 3.11069
-0.04616 3.08378
0.08217 3.01733
0.12243 2.88660
0.09120 2.72739
-0.00652 2.52377
-0.09007 2.33819
-0.12254 2.19982
-0.12828 2.06930
-0.11334 1.93973
-0.07854 1.80161
-0.02906 1.66750
0.03754 1.52562
0.11375 1.38829
0.20658 1.23970
0.33205 1.05506
0.50923 0.80343
0.62492 0.63512
0.65633 0.63512
0.42936 0.96300
0.28977 1.16365
0.18761 1.31938
0.10366 1.46042
0.02944 1.60437
-0.02732 1.73957
-0.07011 1.87855
-0.09323 2.00907
-0.09653 2.14085
-0.07405 2.28073
-0.01316 2.44231
0.11056 2.69869
0.14621 2.85292
0.12182 2.99123
0.02297 3.06984
-0.09833 3.09715
-0.24173 3.11056
-0.58740 3.12259
-0.55599 3.12259
-0.18828 3.11077
0.04434 3.08368
0.17760 3.01669
0.21927 2.89659
0.19320 2.74578
0.11374 2.58484
-0.01126 2.35733
-0.05346 2.22298
-0.06734 2.09553
-0.05941 1.96847
-0.03111 1.83277
0.01267 1.70116
0.07352 1.56253
0.14412 1.42948
0.23046 1.28747
0.33505 1.13164
0.47754 0.93165
0.68775 0.63512
0.71917 0.63512
0.49205 0.95710
0.35194 1.15476
0.24923 1.30878
0.16475 1.44888
0.09606 1.57981
0.03737 1.71591
-0.00422 1.84481
-0.03022 1.97746
-0.03572 2.11142
-0.01631 2.24408
0.03358 2.38211
0.19551 2.68057
0.23935 2.83015
0.22795 2.96500
0.14627 3.05570
-0.01149 3.09704
-0.16146 3.11058
-0.52457 3.12259
-0.49315 3.12259
-0.10992 3.11088
0.13214 3.08366
0.26998 3.01629
0.31330 2.89594
0.28966 2.75526
0.21722 2.61211
0.06472 2.36745
0.01512 2.23620
-0.00480 2.11097
-0.00195 1.98563
0.02170 1.85153
0.06145 1.72152
0.11828 1.58500
0.18497 1.45478
0.26682 1.31711
0.36577 1.16828
0.49936 0.98196
0.70964 0.69328
0.75058 0.63512
0.78200 0.63512
0.55615 0.94976
0.41618 1.14379
0.31331 1.29559
0.22846 1.43427
0.15926 1.56443
0.09992 1.70023
0.05769 1.82928
0.03115 1.96233
0.02512 2.08682
0.04122 2.21143
0.08620 2.34227
0.28576 2.68207
0.33011 2.81976
0.31958 2.96455
0.23522 3.05558
0.07189 3.09712
-0.08411 3.11068
-0.46174 3.12259
-0.43032 3.12259
-0.03244 3.11094
0.21800 3.08354
0.34594 3.02883
0.40220 2.91735
0.38894 2.78228
0.32404 2.64493
0.13447 2.36605
0.08035 2.23591
0.05741 2.11100
0.05818 1.98560
0.08028 1.85131
0.11892 1.72124
0.17475 1.58499
0.24050 1.45556
0.32119 1.31951
0.41860 1.17357
0.53644 1.01058
0.71712 0.76809
0.81341 0.63512
0.84483 0.63512
0.61976 0.94367
0.47977 1.13473
0.37666 1.28483
0.29144 1.42256
0.22177 1.55235
0.16188 1.68828
0.11917 1.81781
0.09235 1.95162
0.08644 2.07687
0.10343 2.20204
0.15067 2.33282
0.25722 2.50432
0.36844 2.67406
0.41721 2.80887
0.41247 2.95147
0.34559 3.04160
0.23736 3.08313
-0.00769 3.11075
-0.39891 3.12259
-0.36749 3.12259
0.04299 3.11102
0.30086 3.08349
0.43187 3.02847
0.48957 2.91659
0.47617 2.78182
0.41413 2.65392
0.20307 2.36480
0.14814 2.24473
0.12079 2.12104
0.11800 1.99642
0.13699 1.86270
0.17304 1.73316
0.22637 1.59772
0.28974 1.46954
0.36774 1.33566
0.46180 1.19344
0.57510 1.03693
0.73030 0.83188
0.87624 0.63512
0.90766 0.63512
0.68370 0.93777
0.54389 1.12597
0.44067 1.27442
0.35516 1.41118
0.28507 1.54056
0.22940 1.66441
0.18454 1.79488
0.15706 1.91906
0.14735 2.04652
0.16085 2.17406
0.20180 2.29857
0.28088 2.43382
0.43852 2.65078
0.49595 2.77953
0.50600 2.91530
0.44742 3.02782
0.31854 3.08312
0.06663 3.11083
-0.33608 3.12259
-0.30466 3.12259
0.11626 3.11111
0.38058 3.08352
0.51432 3.02830
0.57338 2.91620
0.56008 2.78181
0.49656 2.65524
0.27054 2.36363
0.21275 2.24441
0.18334 2.12107
0.17909 1.99653
0.19694 1.86280
0.23207 1.73333
0.28451 1.59820
0.34693 1.47070
0.42376 1.33811
0.51625 1.19817
0.62728 1.04552
0.77842 0.84823
0.93908 0.63512
0.97049 0.63512
0.74702 0.93337
0.60715 1.11948
0.50373 1.26684
0.41791 1.40310
0.34745 1.53246
0.29141 1.65665
0.24620 1.78777
0.21853 1.91276
0.20895 2.04110
0.22116 2.15997
0.25803 2.27730
0.33166 2.40642
0.51825 2.65061
0.57757 2.77845
0.58797 2.91424
0.52850 3.02731
0.39746 3.08298
0.13991 3.11086
-0.27324 3.12259
-0.24183 3.12259
0.18848 3.11115
0.45799 3.08343
0.59369 3.02789
0.65363 2.91535
0.64012 2.78100
0.58037 2.66302
0.43395 2.48815
0.32492 2.34316
0.26913 2.22175
0.24403 2.10597
0.24151 1.97978
0.25889 1.85607
0.29438 1.72587
0.34724 1.59022
0.41004 1.46255
0.48717 1.33017
0.56982 1.20529
0.67886 1.05559
0.82652 0.86455
1.00191 0.63512
1.03332 0.63512
0.79729 0.94657
0.66075 1.12725
0.55934 1.27177
0.47500 1.40628
0.40569 1.53454
0.35058 1.65804
0.30627 1.78869
0.27945 1.91335
0.27085 2.04139
0.28420 2.15990
0.32256 2.27666
0.39848 2.40465
0.59092 2.64468
0.65325 2.76982
0.66767 2.90292
0.61977 3.01399
0.52584 3.06896
0.38301 3.09725
0.20980 3.11096
-0.21041 3.12259
-0.17900 3.12259
0.25841 3.11120
0.53206 3.08340
0.66938 3.02767
0.73008 2.91487
0.71655 2.78064
0.65586 2.66335
0.51236 2.49757
0.39809 2.35504
0.33766 2.23547
0.30860 2.12101
0.30240 1.99585
0.31670 1.87283
0.34935 1.74320
0.39950 1.60813
0.45983 1.48119
0.53428 1.35006
0.61414 1.22713
0.71927 1.08133
0.86058 0.89886
1.06474 0.63512
1.09616 0.63512
0.86091 0.94309
0.72452 1.12225
0.62310 1.26592
0.53862 1.39997
0.46907 1.52807
0.41365 1.65164
0.36896 1.78257
0.34178 1.90764
0.33289 2.03619
0.34616 2.15516
0.38482 2.27225
0.45629 2.39265
0.66450 2.64525
0.72468 2.76059
0.74322 2.89131
0.69366 3.01383
0.59874 3.06892
0.45419 3.09728
0.27855 3.11100
-0.14758 3.12259
-0.11616 3.12259
0.32600 3.11125
0.60269 3.08344
0.74129 3.02763
0.80267 2.91477
0.78929 2.78073
0.72813 2.66401
0.59581 2.51380
0.47088 2.36653
0.40646 2.24887
0.37380 2.13592
0.36410 2.01205
0.37538 1.89000
0.40519 1.76117
0.45261 1.62684
0.51042 1.50070
0.58220 1.37071
0.65932 1.24945
0.76069 1.10688
0.88256 0.94863
1.08821 0.68697
1.12757 0.63512
1.15899 0.63512
0.92370 0.94147
0.78718 1.11999
0.68561 1.26341
0.60097 1.39747
0.53126 1.52578
0.47573 1.64971
0.43098 1.78113
0.40386 1.90673
0.39525 2.03581
0.40908 2.15521
0.44871 2.27255
0.52171 2.39293
0.73383 2.64459
0.79499 2.75968
0.81391 2.89050
0.76422 3.01340
0.66885 3.06873
0.52335 3.09721
0.34612 3.11100
-0.08475 3.12259
-0.05333 3.12259
0.39243 3.11125
0.67081 3.08335
0.80992 3.02736
0.87145 2.91421
0.85785 2.78006
0.79601 2.66351
0.66202 2.51379
0.53530 2.36681
0.46987 2.24909
0.43661 2.13591
0.42655 2.01167
0.43768 1.88922
0.46748 1.75997
0.51497 1.62526
0.57289 1.49883
0.64479 1.36868
0.72202 1.24742
0.81251 1.11980
0.93212 0.96409
1.11440 0.73399
1.19040 0.63512
1.22182 0.63512
0.98652 0.94064
0.84994 1.11883
0.74829 1.26213
0.67135 1.38308
0.60012 1.51198
0.54312 1.63650
0.49676 1.76865
0.46803 1.89509
0.45769 2.02519
0.46991 2.14566
0.50812 2.26412
0.58019 2.38549
0.79993 2.64427
0.86157 2.75922
0.88069 2.89009
0.83092 3.01318
0.73533 3.06863
0.58936 3.09718
0.41134 3.11099
-0.02192 3.12259
0.00950 3.12259
0.45646 3.11124
0.73540 3.08331
0.87469 3.02726
0.93627 2.91402
0.92259 2.77983
0.86053 2.66334
0.72598 2.51379
0.59866 2.36691
0.53290 2.24917
0.49944 2.13591
0.48925 2.01155
0.50034 1.88896
0.53013 1.75957
0.57764 1.62473
0.63560 1.49820
0.70755 1.36800
0.78481 1.24673
0.87533 1.11916
0.99496 0.96360
1.17725 0.73382
1.25324 0.63512
1.28465 0.63512
1.04935 0.94064
0.91277 1.11883
0.81113 1.26213
0.73418 1.38308
0.66295 1.51198
0.60595 1.63650
0.55959 1.76865
0.53086 1.89509
0.52052 2.02519
0.53275 2.14566
0.57095 2.26412
0.64302 2.38549
0.86276 2.64427
0.92440 2.75922
0.94352 2.89009
0.89375 3.01318
0.79817 3.06863
0.65220 3.09718
0.47417 3.11099
0.04092 3.12259
0.07233 3.12259
0.51809 3.11125
0.79647 3.08335
0.93558 3.02736
0.99712 2.91421
0.98351 2.78006
0.92168 2.66351
0.78768 2.51379
0.66096 2.36681
0.59554 2.24909
0.56227 2.13591
0.55221 2.01167
0.56335 1.88922
0.59314 1.75997
0.64063 1.62526
0.69855 1.49883
0.77045 1.36868
0.84768 1.24742
0.93817 1.11980
1.05778 0.96409
1.24007 0.73399
1.31607 0.63512
1.34748 0.63512
1.11219 0.94147
0.97568 1.11999
0.87410 1.26341
0.78946 1.39747
0.71976 1.52578
0.66422 1.64971
0.61947 1.78113
0.59236 1.90673
0.58374 2.03581
0.59757 2.15521
0.63720 2.27255
0.71021 2.39293
0.92233 2.64459
0.98348 2.75968
1.00241 2.89050
0.95271 3.01340
0.85735 3.06873
0.71185 3.09721
0.53462 3.11100
0.10375 3.12259
0.13516 3.12259
0.57733 3.11125
0.85402 3.08344
0.99262 3.02763
1.05400 2.91477
1.04061 2.78073
0.97946 2.66401
0.84714 2.51380
0.72220 2.36653
0.65779 2.24887
0.62513 2.13592
0.61542 2.01205
0.62671 1.89000
0.65652 1.76117
0.70393 1.62684
0.76175 1.50070
0.83352 1.37071
0.91065 1.24945
1.01202 1.10688
1.13389 0.94863
1.33954 0.68697
1.37890 0.63512
1.41032 0.63512
1.17507 0.94309
1.03868 1.12225
0.93726 1.26592
0.85278 1.39997
0.78323 1.52807
0.72781 1.65164
0.68312 1.78257
0.65594 1.90764
0.64705 2.03619
0.66032 2.15516
0.69898 2.27225
0.77045 2.39265
0.97866 2.64525
1.03884 2.76059
1.05738 2.89131
1.00782 3.01383
0.91290 3.06892
0.76835 3.09728
0.59271 3.11100
0.16658 3.12259
0.19800 3.12259
0.63540 3.11120
0.90905 3.08340
1.04637 3.02767
1.10707 2.91487
1.09354 2.78064
1.03285 2.66335
0.88935 2.49757
0.77508 2.35504
0.71465 2.23547
0.68559 2.12101
0.67939 1.99585
0.69369 1.87283
0.72634 1.74320
0.77650 1.60813
0.83682 1.48119
0.91127 1.35006
0.99113 1.22713
1.09626 1.08133
1.23757 0.89886
1.44173 0.63512
1.47315 0.63512
1.23712 0.94657
1.10057 1.12725
0.99916 1.27177
0.91482 1.40628
0.84551 1.53454
0.79041 1.65804
0.74609 1.78869
0.71927 1.91335
0.71067 2.04139
0.72402 2.15990
0.76238 2.27666
0.83830 2.40465
1.03074 2.64468
1.09307 2.76982
1.10749 2.90292
1.05959 3.01399
0.96566 3.06896
0.82284 3.09725
0.64963 3.11096
0.22941 3.12259
0.26083 3.12259
0.69113 3.11115
0.96065 3.08343
1.09635 3.02789
1.15628 2.91535
1.14277 2.78100
1.08303 2.66302
0.93661 2.48815
0.82757 2.34316
0.77179 2.22175
0.74668 2.10597
0.74416 1.97978
0.76154 1.85607
0.79704 1.72587
0.84989 1.59022
0.91269 1.46255
0.98982 1.33017
1.07248 1.20529
1.18152 1.05559
1.32918 0.86455
1.50456 0.63512
1.53598 0.63512
1.31250 0.93337
1.17263 1.11948
1.06921 1.26684
0.98340 1.40310
0.91294 1.53246
0.85690 1.65665
0.81169 1.78777
0.78402 1.91276
0.77444 2.04110
0.78665 2.15997
0.82351 2.27730
0.89714 2.40642
1.08374 2.65061
1.14305 2.77845
1.15346 2.91424
1.09399 3.02731
0.96295 3.08298
0.70540 3.11086
0.29224 3.12259
0.32366 3.12259
0.74458 3.11111
1.00890 3.08352
1.14263 3.02830
1.20170 2.91620
1.18840 2.78181
1.12488 2.65524
0.89886 2.36363
0.84107 2.24441
0.81166 2.12107
0.80741 1.99653
0.82526 1.86280
0.86039 1.73333
0.91282 1.59820
0.97525 1.47070
1.05207 1.33811
1.14456 1.19817
1.25560 1.04552
1.40673 0.84823
1.56740 0.63512
1.59881 0.63512
1.37485 0.93777
1.23504 1.12597
1.13182 1.27442
1.04631 1.41118
0.97622 1.54056
0.92055 1.66441
0.87569 1.79488
0.84821 1.91906
0.83850 2.04652
0.85200 2.17406
0.89295 2.29857
0.97203 2.43382
1.12967 2.65078
1.18710 2.77953
1.19715 2.91530
1.13857 3.02782
1.00969 3.08312
0.75778 3.11083
0.35508 3.12259
0.38649 3.12259
0.79697 3.11102
1.05484 3.08349
1.18585 3.02847
1.24356 2.91659
1.23015 2.78182
1.16811 2.65392
0.95705 2.36480
0.90212 2.24473
0.87477 2.12104
0.87198 1.99642
0.89097 1.86270
0.92702 1.73316
0.98036 1.59772
1.04372 1.46954
1.12172 1.33566
1.21578 1.19344
1.32908 1.03693
1.48428 0.83188
1.63023 0.63512
1.66164 0.63512
1.43658 0.94367
1.29658 1.13473
1.19348 1.28483
1.10825 1.42256
1.03858 1.55235
0.97870 1.68828
0.93599 1.81781
0.90916 1.95162
0.90326 2.07687
0.92024 2.20204
0.96749 2.33282
1.07403 2.50432
1.18525 2.67406
1.23403 2.80887
1.22928 2.95147
1.16240 3.04160
1.05417 3.08313
0.80912 3.11075
0.41791 3.12259
0.44932 3.12259
0.84721 3.11094
1.09764 3.08354
1.22559 3.02883
1.28185 2.91735
1.26859 2.78228
1.20369 2.64493
1.01412 2.36605
0.95999 2.23591
0.93705 2.11100
0.93782 1.98560
0.95993 1.85131
0.99856 1.72124
1.05440 1.58499
1.12014 1.45556
1.20084 1.31951
1.29824 1.17357
1.41609 1.01058
1.59677 0.76809
1.69306 0.63512
1.72447 0.63512
1.49863 0.94976
1.35866 1.14379
1.25579 1.29559
1.17094 1.43427
1.10174 1.56443
1.04239 1.70023
1.00016 1.82928
0.97363 1.96233
0.96760 2.08682
0.98370 2.21143
1.02868 2.34227
1.22823 2.68207
1.27259 2.81976
1.26205 2.96455
1.17769 3.05558
1.01436 3.09712
0.85837 3.11068
0.48074 3.12259
0.51215 3.12259
0.89539 3.11088
1.13745 3.08366
1.27529 3.01629
1.31861 2.89594
1.29497 2.75526
1.22253 2.61211
1.07003 2.36745
1.02043 2.23620
1.00051 2.11097
1.00336 1.98563
1.02701 1.85153
1.06676 1.72152
1.12359 1.58500
1.19028 1.45478
1.27213 1.31711
1.37108 1.16828
1.50467 0.98196
1.71495 0.69328
1.75589 0.63512
1.78731 0.63512
1.56019 0.95710
1.42008 1.15476
1.31738 1.30878
1.23290 1.44888
1.16420 1.57981
1.10551 1.71591
1.06392 1.84481
1.03792 1.97746
1.03242 2.11142
1.05183 2.24408
1.10172 2.38211
1.26365 2.68057
1.30749 2.83015
1.29610 2.96500
1.21442 3.05570
1.05665 3.09704
0.90668 3.11058
0.54357 3.12259
0.57499 3.12259
0.94269 3.11077
1.17531 3.08368
1.30857 3.01669
1.35025 2.89659
1.32417 2.74578
1.24471 2.58484
1.11971 2.35733
1.07751 2.22298
1.06364 2.09553
1.07157 1.96847
1.09987 1.83277
1.14364 1.70116
1.20449 1.56253
1.27510 1.42948
1.36144 1.28747
1.46602 1.13164
1.60852 0.93165
1.81872 0.63512
1.85014 0.63512
1.62316 0.96300
1.48358 1.16365
1.38141 1.31938
1.29747 1.46042
1.22324 1.60437
1.16648 1.73957
1.12370 1.87855
1.10058 2.00907
1.09727 2.14085
1.11976 2.28073
1.18065 2.44231
1.30436 2.69869
1.34001 2.85292
1.31562 2.99123
1.21677 3.06984
1.09548 3.09715
0.95208 3.11056
0.60640 3.12259
0.63782 3.12259
0.98813 3.11069
1.21047 3.08378
1.33881 3.01733
1.37907 2.88660
1.34784 2.72739
1.25012 2.52377
1.16657 2.33819
1.13409 2.19982
1.12836 2.06930
1.14329 1.93973
1.17810 1.80161
1.22758 1.66750
1.29418 1.52562
1.37039 1.38829
1.46322 1.23970
1.58869 1.05506
1.76587 0.80343
1.88155 0.63512
1.91297 0.63512
1.68583 0.96979
1.54666 1.17396
1.43586 1.34672
1.34678 1.50148
1.27631 1.64440
1.22297 1.77839
1.18352 1.91583
1.16228 2.05509
1.16341 2.19418
1.19193 2.34048
1.34365 2.72568
1.36819 2.88664
1.32717 3.01750
1.20494 3.08365
0.99673 3.11050
0.66923 3.12259
0.70065 3.12259
1.03184 3.11064
1.28769 3.07056
1.38275 2.99307
1.40257 2.84522
1.35646 2.67317
1.22504 2.35445
1.19529 2.20533
1.19377 2.06342
1.21512 1.92135
1.25494 1.78126
1.30872 1.64495
1.37964 1.49996
1.46010 1.35840
1.55797 1.20328
1.69098 1.00651
1.88307 0.72697
1.94439 0.63512
1.97580 0.63512
1.74917 0.97599
1.61074 1.18353
1.50064 1.35861
1.41213 1.51484
1.34204 1.65857
1.28475 1.80470
1.24646 1.94149
1.22561 2.08008
1.22666 2.22845
1.25827 2.39262
1.37385 2.73559
1.39173 2.91071
1.34196 3.03131
1.23667 3.08393
1.03976 3.11048
0.73207 3.12259
0.76348 3.12259
1.07399 3.11063
1.31594 3.07105
1.41234 2.98226
1.42387 2.82626
1.37244 2.63664
1.27893 2.36261
1.25582 2.21111
1.25873 2.06791
1.28310 1.92498
1.32497 1.78406
1.38605 1.63373
1.45979 1.48600
1.55224 1.32542
1.66686 1.14504
1.81133 0.92948
2.00722 0.63512
2.03863 0.63512
1.81234 0.98279
1.66359 1.21143
1.55624 1.38716
1.46997 1.54405
1.40171 1.68821
1.34594 1.83453
1.30625 1.98238
1.28633 2.13066
1.29001 2.28790
1.32832 2.47985
1.40504 2.76430
1.41132 2.93477
1.35248 3.04483
1.20268 3.09735
1.08222 3.11043
0.79490 3.12259
0.82631 3.12259
1.11564 3.11059
1.34266 3.07142
1.43403 2.98342
1.44570 2.82710
1.39301 2.60597
1.32895 2.35864
1.31545 2.19235
1.32754 2.04479
1.35974 1.89790
1.40834 1.75303
1.47594 1.59786
1.55587 1.44417
1.65530 1.27494
1.77888 1.08083
1.95432 0.81429
2.07005 0.63512
2.10147 0.63512
1.87634 0.98864
1.72863 1.22116
1.62198 1.39965
1.53607 1.55865
1.46240 1.71714
1.40382 1.87575
1.36577 2.02337
1.34557 2.18206
1.34972 2.34953
1.43316 2.80538
1.42351 2.97156
1.35774 3.05843
1.23524 3.09748
1.12331 3.11042
0.85773 3.12259
0.88915 3.12259
1.15600 3.11059
1.36737 3.07195
1.45356 2.98491
1.46487 2.81790
1.37815 2.34510
1.37719 2.17265
1.39886 2.02024
1.43919 1.86880
1.49475 1.71925
1.56909 1.55830
1.65544 1.39746
1.76225 1.21780
1.90960 0.98528
2.13288 0.63512
2.16430 0.63512
1.94218 0.99180
1.79630 1.22710
1.68207 1.42306
1.59134 1.59617
1.51522 1.76660
1.45968 1.92393
1.42101 2.08171
1.40124 2.24993
1.40691 2.44696
1.45545 2.83982
1.43299 2.99792
1.35607 3.07227
1.16245 3.11053
0.92056 3.12259
0.95198 3.12259
1.29839 3.09818
1.44299 3.03560
1.48613 2.89619
1.46037 2.63974
1.42969 2.36534
1.43779 2.17873
1.46833 2.01205
1.51879 1.84510
1.58611 1.67814
1.66736 1.51089
1.76962 1.32583
1.89814 1.11242
2.06556 0.84516
2.19571 0.63512
2.22713 0.63512
2.00701 0.99666
1.86234 1.23603
1.74862 1.43572
1.65101 1.62609
1.57540 1.79865
1.51567 1.97006
1.47426 2.14085
1.45181 2.33233
1.45823 2.59400
1.47242 2.89539
1.42852 3.03553
1.29597 3.09801
0.98339 3.12259
1.01481 3.12259
1.32808 3.09838
1.46111 3.03667
1.50301 2.88655
1.47912 2.36900
1.49950 2.17457
1.54263 1.98949
1.60211 1.81539
1.67723 1.64084
1.77383 1.44945
1.88577 1.25051
2.02703 1.01522
2.23773 0.66986
2.25855 0.63512
2.28996 0.63512
2.07376 0.99846
1.92057 1.25886
1.80130 1.47493
1.70654 1.66553
1.62700 1.85203
1.56443 2.03632
1.51871 2.23064
1.49343 2.45572
1.48483 2.93200
1.42038 3.06151
1.24037 3.11071
1.04623 3.12259
1.07764 3.12259
1.35608 3.09883
1.47753 3.03847
1.51940 2.87846
1.52463 2.41015
1.55550 2.19885
1.60506 2.00893
1.67373 1.81764
1.75934 1.62394
1.86017 1.42571
1.98647 1.20003
2.14948 0.92437
2.32138 0.63512
2.35279 0.63512
2.12828 1.02118
1.97033 1.29787
1.84743 1.52843
1.74355 1.74643
1.65856 1.95744
1.59352 2.16446
1.54585 2.39189
1.51581 2.73747
1.48606 2.99243
1.39415 3.08692
1.10906 3.12259
1.14047 3.12259
1.42516 3.08756
1.51616 2.99432
1.54511 2.68528
1.57542 2.38734
1.62790 2.15301
1.69795 1.93916
1.78800 1.72117
1.89679 1.49614
2.02461 1.25820
2.17534 0.99452
2.38421 0.63512
2.41563 0.63512
2.19609 1.02147
2.03964 1.30236
1.90807 1.55419
1.79652 1.79132
1.70411 2.02039
1.62814 2.25699
1.56900 2.52456
1.50049 2.99482
1.41711 3.08771
1.17189 3.12259
1.20331 3.12259
1.44760 3.08841
1.53336 2.98551
1.61548 2.42940
1.68390 2.17270
1.76881 1.93590
1.87413 1.69286
1.99945 1.43915
2.14713 1.16517
2.32713 0.84649
2.44704 0.63512
2.47846 0.63512
2.25341 1.04050
2.08245 1.35650
1.93974 1.63875
1.81890 1.90427
1.71402 2.17329
1.62639 2.45897
1.50551 3.02089
1.40802 3.10019
1.23472 3.12259
1.26614 3.12259
1.46983 3.08941
1.55025 2.97725
1.65082 2.47567
1.73769 2.19444
1.84580 1.91746
1.96965 1.64478
2.11469 1.35678
2.28665 1.03770
2.49135 0.66862
2.50987 0.63512
2.54129 0.63512
2.31108 1.05951
2.12468 1.41327
1.96822 1.73019
1.82844 2.04293
1.70379 2.36800
1.59738 2.72640
1.50856 3.04586
1.39165 3.11183
1.29755 3.12259
1.32897 3.12259
1.50933 3.07976
1.58440 2.90154
1.68934 2.50069
1.80562 2.17641
1.94503 1.85023
2.10229 1.52168
2.27644 1.18398
2.47565 0.81387
2.57270 0.63512
2.60412 0.63512
2.35846 1.09857
2.14859 1.50702
1.95606 1.90634
1.78809 2.29139
1.64160 2.68828
1.50957 3.06999
1.36038 3.12259
1.39180 3.12259
1.54744 3.06044
1.76797 2.41805
1.93741 2.01730
2.13423 1.60107
2.34723 1.18100
2.57205 0.75456
2.63554 0.63512
2.66695 0.63512
2.38534 1.17860
2.12656 1.69404
1.88588 2.20268
1.68060 2.68518
1.52003 3.08252
1.42322 3.12259
1.45463 3.12259
1.58089 3.03247
1.80197 2.46245
2.03028 1.95982
2.29599 1.41738
2.55931 0.90256
2.69837 0.63512
2.72978 0.63512
2.34111 1.40182
1.94915 2.19861
1.63866 2.87537
1.51069 3.11332
1.48605 3.12259
1.51746 3.12259
1.63737 2.94922
1.93974 2.28364
2.34299 1.46139
2.73297 0.69046
2.76120 0.63512
2.79262 0.63512
1.54888 3.12259
1.58030 3.12259
2.82403 0.63512
2.85545 0.63512
2.47570 1.40413
2.03920 2.26325
1.67908 2.92743
1.59703 3.11397
1.61171 3.12259
1.64313 3.12259
1.69659 2.94922
2.05981 2.28364
2.47881 1.46139
2.85976 0.69046
2.88686 0.63512
2.91828 0.63512
2.66963 1.15011
2.39068 1.70946
2.09896 2.26369
1.81963 2.74899
1.61970 3.09439
1.67454 3.12259
1.70596 3.12259
1.66983 3.03247
2.01877 2.46245
2.29308 1.95982
2.56981 1.41738
2.82132 0.90256
2.94970 0.63512
2.98111 0.63512
2.77707 1.06825
2.57027 1.49250
2.35195 1.91506
2.12328 2.32372
1.88024 2.71203
1.64209 3.07241
1.73738 3.12259
1.76879 3.12259
1.67531 3.06044
2.09717 2.41805
2.32848 2.01730
2.54789 1.60107
2.75496 1.18100
2.95657 0.75456
3.01253 0.63512
3.04394 0.63512
2.86325 1.02897
2.69894 1.37543
2.52114 1.72727
2.33019 2.07397
2.12877 2.40310
1.88549 2.75111
1.66364 3.05952
1.71885 3.11234
1.80021 3.12259
1.83162 3.12259
1.69409 3.07976
1.79725 2.90154
2.09315 2.50069
2.30116 2.17641
2.48793 1.85023
2.65922 1.52168
2.82276 1.18398
2.99367 0.81387
3.07536 0.63512
3.10678 0.63512
2.93942 1.01031
2.79835 1.31669
2.65183 1.61393
2.49973 1.89587
2.32775 2.18231
2.13062 2.47209
1.85551 2.82132
1.68461 3.04622
1.75725 3.11195
1.86304 3.12259
1.89446 3.12259
1.72395 3.08941
1.75568 2.97725
2.15669 2.47567
2.35105 2.19444
2.51993 1.91746
2.66875 1.64478
2.81172 1.35678
2.95884 1.03770
3.12322 0.66862
3.13819 0.63512
3.16961 0.63512
3.01609 0.98981
2.88832 1.27672
2.76347 1.53747
2.63253 1.78565
2.49018 2.02692
2.32344 2.27639
2.11756 2.54466
1.71132 3.02142
1.74168 3.10041
1.92587 3.12259
1.95729 3.12259
1.74718 3.08841
1.76431 2.98551
2.23830 2.42940
2.42658 2.17270
2.57847 1.93590
2.71620 1.69286
2.84459 1.43915
2.97088 1.16517
3.10956 0.84649
3.20102 0.63512
3.23244 0.63512
3.08275 0.99208
2.96851 1.25731
2.85599 1.49879
2.73664 1.72868
2.60507 1.95235
2.45723 2.17221
2.28012 2.40127
2.01690 2.69527
1.74170 2.99556
1.73886 3.08803
1.98870 3.12259
2.02012 3.12259
1.77046 3.08756
1.77270 2.99432
2.05280 2.68528
2.32042 2.38734
2.50227 2.15301
2.64608 1.93916
2.77402 1.72117
2.89025 1.49614
3.00038 1.25820
3.11332 0.99452
3.26386 0.63512
3.29527 0.63512
3.15107 0.99079
3.04246 1.25188
2.94261 1.47206
2.83511 1.68301
2.72318 1.87587
2.58702 2.08001
2.43108 2.28200
2.22179 2.51571
1.78348 2.95903
1.73628 3.06342
1.87008 3.11113
2.05154 3.12259
2.08295 3.12259
1.82828 3.09883
1.76718 3.03847
1.88532 2.87846
2.34840 2.41015
2.52883 2.19885
2.66920 2.00893
2.79181 1.81764
2.89990 1.62394
2.99730 1.42571
3.09668 1.20003
3.20933 0.92437
3.32669 0.63512
3.35810 0.63512
3.21950 0.98945
3.12370 1.22916
3.03515 1.43207
2.93872 1.62774
2.83766 1.80662
2.72130 1.98534
2.58667 2.16399
2.41097 2.36424
2.15456 2.61553
1.81997 2.93338
1.75180 3.04991
1.82471 3.09877
2.11437 3.12259
2.14578 3.12259
1.85672 3.09838
1.78540 3.03667
1.89363 2.88655
2.43507 2.36900
2.60912 2.17457
2.75107 1.98949
2.86569 1.81539
2.96512 1.64084
3.05991 1.44945
3.14690 1.25051
3.24093 1.01522
3.37560 0.66986
3.38952 0.63512
3.42093 0.63512
3.29695 0.96413
3.20505 1.20478
3.12032 1.40665
3.03447 1.58629
2.94384 1.75109
2.83823 1.91707
2.71472 2.08391
2.56074 2.26178
2.36101 2.45908
1.88036 2.88624
1.77322 3.02408
1.80906 3.08584
1.94548 3.11083
2.17720 3.12259
2.20861 3.12259
1.88662 3.09818
1.80459 3.03560
1.90087 2.89619
2.18308 2.63974
2.48815 2.36534
2.66667 2.17873
2.80281 2.01205
2.91930 1.84510
3.01894 1.67814
3.10493 1.51089
3.18773 1.32583
3.27263 1.11242
3.37247 0.84516
3.45235 0.63512
3.48377 0.63512
3.36666 0.95853
3.28714 1.17668
3.21344 1.36126
3.13859 1.52622
3.05187 1.69129
2.94975 1.85715
2.83802 2.01198
2.70659 2.16794
2.54278 2.33423
2.29724 2.54818
1.94342 2.84244
1.80232 2.99891
1.80949 3.07283
1.98497 3.11083
2.24003 3.12259
2.27145 3.12259
2.01660 3.11059
1.84386 3.07195
1.84472 2.98491
2.00041 2.81790
2.55994 2.34510
2.73335 2.17265
2.86408 2.02024
2.97519 1.86880
3.06918 1.71925
3.15579 1.55830
3.23029 1.39746
3.30313 1.21780
3.38831 0.98528
3.51518 0.63512
3.54660 0.63512
3.43574 0.95448
3.36075 1.16960
3.29045 1.35176
3.21787 1.51489
3.13986 1.66535
3.04679 1.81864
2.93564 1.97402
2.80364 2.13012
2.64862 2.28557
2.43477 2.46834
2.01269 2.79847
1.84633 2.96104
1.81907 3.05910
1.91344 3.09794
2.02384 3.11075
2.30286 3.12259
2.33428 3.12259
2.05696 3.11059
1.86910 3.07142
1.86573 2.98342
2.01038 2.82710
2.28421 2.60597
2.59560 2.35864
2.77538 2.19235
2.91085 2.04479
3.02554 1.89790
3.12182 1.75303
3.20939 1.59786
3.28315 1.44417
3.35295 1.27494
3.42348 1.08083
3.51458 0.81429
3.57801 0.63512
3.60943 0.63512
3.50555 0.94796
3.43539 1.15894
3.36880 1.33799
3.29891 1.49885
3.22268 1.64772
3.13063 1.79980
3.02858 1.94266
2.90658 2.08769
2.76241 2.23301
2.58320 2.38670
2.05877 2.77811
1.88657 2.93643
1.83615 3.04561
1.94568 3.09784
2.06468 3.11078
2.36569 3.12259
2.39711 3.12259
2.09857 3.11063
1.89620 3.07105
1.88858 2.98226
2.03306 2.82626
2.27410 2.63664
2.64165 2.36261
2.81626 2.21111
2.95655 2.06791
3.07511 1.92498
3.17415 1.78406
3.26341 1.63373
3.33739 1.48600
3.40553 1.32542
3.47128 1.14504
3.54237 0.92948
3.64085 0.63512
3.67226 0.63512
3.56907 0.96129
3.50435 1.16414
3.44704 1.32307
3.38617 1.46786
3.31246 1.61619
3.23033 1.75582
3.13046 1.89957
3.01003 2.04562
2.87730 2.18164
2.71032 2.32656
2.46984 2.50401
2.11901 2.74967
1.93009 2.91270
1.85887 3.03222
1.91885 3.08454
2.10690 3.11085
2.42853 3.12259
2.45994 3.12259
2.14070 3.11064
1.92494 3.07056
1.90736 2.99307
2.03540 2.84522
2.25355 2.67317
2.70370 2.35445
2.88257 2.20533
3.02599 2.06342
3.14672 1.92135
3.24699 1.78126
3.32952 1.64495
3.40359 1.49996
3.46469 1.35840
3.52194 1.20328
3.58569 1.00651
3.67315 0.72697
3.70368 0.63512
3.73509 0.63512
3.63901 0.95408
3.57850 1.15317
3.52401 1.30978
3.46512 1.45310
3.39969 1.58753
3.31900 1.72759
3.21997 1.87216
3.10937 2.00831
2.97690 2.14595
2.82076 2.28258
2.61590 2.43407
2.17101 2.73080
1.97768 2.88899
1.88955 3.00587
1.91658 3.07087
2.01471 3.09775
2.14968 3.11090
2.49136 3.12259
2.52277 3.12259
2.18436 3.11069
1.98893 3.08378
1.92704 3.01733
2.01752 2.88660
2.20796 2.72739
2.50930 2.52377
2.77842 2.33819
2.94927 2.19982
3.08553 2.06930
3.20016 1.93973
3.30347 1.80161
3.38810 1.66750
3.46339 1.52562
3.52451 1.38829
3.58026 1.23970
3.63943 1.05506
3.71388 0.80343
3.76651 0.63512
3.79793 0.63512
3.70881 0.94637
3.65235 1.14154
3.60055 1.29580
3.54358 1.43765
3.47942 1.57134
3.39947 1.71119
3.30930 1.84425
3.19923 1.98157
3.07731 2.11014
2.93281 2.23902
2.75247 2.37468
2.21246 2.72206
2.02842 2.86633
1.92337 2.99248
1.94861 3.07059
2.05188 3.09773
2.19410 3.11097
2.55419 3.12259
2.58561 3.12259
2.22972 3.11077
2.02420 3.08368
1.95792 3.01669
2.03635 2.89659
2.21324 2.74578
2.45363 2.58484
2.80614 2.35733
2.98269 2.22298
3.12402 2.09553
3.24315 1.96847
3.35054 1.83277
3.43839 1.70116
3.51617 1.56253
3.57861 1.42948
3.63428 1.28747
3.68552 1.13164
3.74302 0.93165
3.82934 0.63512
3.86076 0.63512
3.77802 0.93957
3.72516 1.13142
3.67561 1.28383
3.62010 1.42473
3.55671 1.55816
3.47697 1.69831
3.38639 1.83209
3.27527 1.97037
3.15171 2.09981
3.00482 2.22921
2.83371 2.35593
2.56073 2.52708
2.25824 2.71254
2.07174 2.85402
1.96133 2.97877
1.96268 3.05656
2.09041 3.09765
2.23925 3.11101
2.61702 3.12259
2.64844 3.12259
2.27692 3.11088
2.06207 3.08366
1.99161 3.01629
2.06864 2.89594
2.23295 2.75526
2.44854 2.61211
2.84571 2.36745
3.02656 2.23620
3.17171 2.11097
3.29420 1.98563
3.40464 1.85153
3.49491 1.72152
3.57459 1.58500
3.63812 1.45478
3.69395 1.31711
3.74383 1.16828
3.79655 0.98196
3.87496 0.69328
3.89217 0.63512
3.92359 0.63512
3.84717 0.93149
3.79789 1.11936
3.75074 1.26940
3.69702 1.40881
3.63493 1.54147
3.56378 1.66892
3.47479 1.80349
3.37464 1.93172
3.25300 2.06339
3.11918 2.18544
2.96206 2.30621
2.75561 2.43988
2.33003 2.68865
2.14047 2.82337
2.01078 2.95400
1.98818 3.04295
2.05893 3.08396
2.28737 3.11113
2.67985 3.12259
2.71127 3.12259
2.32504 3.11094
2.10200 3.08354
2.02877 3.02883
2.08398 2.91735
2.23232 2.78228
2.43457 2.64493
2.90302 2.36605
3.08728 2.23591
3.23513 2.11100
3.35976 1.98560
3.47194 1.85131
3.56339 1.72124
3.64380 1.58499
3.70748 1.45556
3.76283 1.31951
3.81137 1.17357
3.85652 1.01058
3.91833 0.76809
3.95501 0.63512
3.98642 0.63512
3.91556 0.92470
3.87357 1.09368
3.82893 1.24323
3.77734 1.38243
3.71699 1.51527
3.64720 1.64334
3.55932 1.77901
3.45990 1.90866
3.33862 2.04205
3.20465 2.16578
3.04674 2.28793
2.85174 2.41413
2.38082 2.68099
2.20198 2.80311
2.05701 2.94123
2.02687 3.04258
2.10013 3.08389
2.33642 3.11121
2.74269 3.12259
2.77410 3.12259
2.37519 3.11102
2.14485 3.08349
2.06887 3.02847
2.12304 2.91659
2.27121 2.78182
2.46116 2.65392
2.96133 2.36480
3.13633 2.24473
3.28737 2.12104
3.41479 1.99642
3.52951 1.86270
3.62300 1.73316
3.70511 1.59772
3.76992 1.46954
3.82581 1.33566
3.87396 1.19344
3.91717 1.03693
3.96702 0.83188
4.01784 0.63512
4.04925 0.63512
3.98338 0.91821
3.94392 1.08430
3.90110 1.23199
3.85622 1.35660
3.79771 1.48947
3.72944 1.61797
3.64293 1.75453
3.54458 1.88543
3.42412 2.02046
3.29057 2.14587
3.13256 2.26959
2.94999 2.38871
2.42100 2.68188
2.24204 2.80279
2.10687 2.92896
2.06339 3.02890
2.14436 3.08389
2.38760 3.11130
2.80552 3.12259
2.83693 3.12259
2.42750 3.11111
2.19076 3.08352
2.11225 3.02830
2.16528 2.91620
2.31298 2.78181
2.50306 2.65524
3.02070 2.36363
3.19770 2.24441
3.35045 2.12107
3.47925 1.99653
3.59513 1.86280
3.68946 1.73333
3.77217 1.59820
3.83724 1.47070
3.89300 1.33811
3.94046 1.19817
3.98207 1.04552
4.02822 0.84823
4.08067 0.63512
4.11209 0.63512
4.05033 0.91326
4.01288 1.07721
3.97141 1.22366
3.92729 1.34775
3.86920 1.48055
3.80102 1.60940
3.71427 1.74666
3.61537 1.87846
3.50464 2.00353
3.37094 2.13073
3.22490 2.24698
3.04172 2.36830
2.76654 2.52007
2.47961 2.67379
2.29901 2.79232
2.15134 2.92797
2.10825 3.02840
2.19096 3.08377
2.43982 3.11135
2.86835 3.12259
2.89977 3.12259
2.48090 3.11115
2.23911 3.08343
2.15895 3.02789
2.21156 2.91535
2.35942 2.78100
2.53714 2.66302
2.85842 2.48815
3.11246 2.34316
3.28965 2.22175
3.43053 2.10597
3.55924 1.97978
3.66557 1.85607
3.76028 1.72587
3.84307 1.59022
3.90795 1.46255
3.96319 1.33017
4.00542 1.20529
4.04608 1.05559
4.08946 0.86455
4.14350 0.63512
4.17492 0.63512
4.11680 0.90786
4.08120 1.06936
4.04550 1.20014
4.00322 1.32380
3.95313 1.44326
3.88777 1.57249
3.80397 1.71059
3.70787 1.84370
3.59977 1.97052
3.46866 2.10002
3.32477 2.21873
3.15660 2.33426
2.93776 2.45946
2.55186 2.66023
2.37008 2.77466
2.21835 2.90524
2.15526 3.01518
2.19879 3.06983
2.32286 3.09794
2.49549 3.11145
2.93118 3.12259
2.96260 3.12259
2.53659 3.11120
2.29074 3.08340
2.20915 3.02767
2.26124 2.91487
2.40900 2.78064
2.58698 2.66335
2.89627 2.49757
3.15307 2.35504
3.33307 2.23547
3.47659 2.12101
3.60795 1.99585
3.71666 1.87283
3.81364 1.74320
3.89856 1.60813
3.96518 1.48119
4.02186 1.35006
4.06492 1.22713
4.10560 1.08133
4.14676 0.89886
4.20633 0.63512
4.23775 0.63512
4.18228 0.90424
4.14800 1.06415
4.11315 1.19400
4.07149 1.31711
4.02183 1.43632
3.95677 1.56553
3.88127 1.69147
3.78633 1.82548
3.67922 1.95344
3.54901 2.08436
3.40573 2.20453
3.23777 2.32145
3.03235 2.44017
2.60298 2.66081
2.42114 2.77457
2.26965 2.90496
2.20704 3.01503
2.25144 3.06981
2.37719 3.09798
2.55232 3.11151
2.99401 3.12259
3.02543 3.12259
2.59461 3.11125
2.34573 3.08344
2.26293 3.02763
2.31442 2.91477
2.46184 2.78073
2.63971 2.66401
2.92225 2.51380
3.19445 2.36653
3.37653 2.24887
3.52214 2.13592
3.65571 2.01205
3.76648 1.89000
3.86550 1.76117
3.95241 1.62684
4.02074 1.50070
4.07895 1.37071
4.12309 1.24945
4.16429 1.10688
4.20067 0.94863
4.25668 0.68697
4.26916 0.63512
4.30058 0.63512
4.24677 0.90246
4.21326 1.06165
4.17882 1.19119
4.13734 1.31424
4.08769 1.43360
4.02246 1.56315
3.94663 1.68955
3.85117 1.82413
3.74341 1.95267
3.62375 2.07358
3.48047 2.19513
3.31214 2.31335
3.10576 2.43304
2.65974 2.66020
2.47722 2.77369
2.32529 2.90418
2.26248 3.01461
2.30706 3.06962
2.43362 3.09792
2.61032 3.11151
3.05685 3.12259
3.08826 3.12259
2.65385 3.11125
2.40337 3.08335
2.32025 3.02736
2.37186 2.91421
2.51962 2.78006
2.69800 2.66351
2.98171 2.51379
3.25541 2.36681
3.43856 2.24909
3.58500 2.13591
3.71930 2.01167
3.83062 1.88922
3.93007 1.75997
4.01730 1.62526
4.08580 1.49883
4.14405 1.36868
4.18809 1.24742
4.22521 1.11980
4.26131 0.96409
4.30913 0.73399
4.33200 0.63512
4.36341 0.63512
4.31044 0.90155
4.27732 1.06037
4.24308 1.18975
4.20170 1.31278
4.15204 1.43221
4.08673 1.56194
4.01073 1.68857
3.91502 1.82344
3.80692 1.95227
3.68686 2.07345
3.54305 2.19522
3.38749 2.30496
3.19502 2.41818
2.71952 2.65990
2.53666 2.77325
2.38451 2.90380
2.32160 3.01440
2.36627 3.06953
2.49324 3.09789
2.67073 3.11150
3.11968 3.12259
3.15109 3.12259
2.71664 3.11130
2.46524 3.08351
2.38134 3.02770
2.43218 2.91486
2.57915 2.78104
2.75674 2.66483
3.03941 2.51582
3.31247 2.36991
3.49546 2.25315
3.64196 2.14085
3.77646 2.01752
3.88806 1.89589
3.98790 1.76743
4.07559 1.63350
4.14459 1.50782
4.20338 1.37851
4.24787 1.25821
4.28533 1.13199
4.32139 0.97888
4.36741 0.75561
4.39483 0.63512
4.42624 0.63512
4.37328 0.90155
4.34015 1.06037
4.30591 1.18975
4.26453 1.31278
4.21488 1.43221
4.14956 1.56194
4.07356 1.68857
3.97785 1.82344
3.86975 1.95227
3.74969 2.07345
3.60588 2.19522
3.45032 2.30496
3.25785 2.41818
2.78235 2.65990
2.59949 2.77325
2.44734 2.90380
2.38443 3.01440
2.42910 3.06953
2.55607 3.09789
2.73356 3.11150
3.18251 3.12259
3.21392 3.12259
2.77951 3.11125
2.52903 3.08335
2.44591 3.02736
2.49752 2.91421
2.64528 2.78006
2.82366 2.66351
3.10737 2.51379
3.38107 2.36681
3.56422 2.24909
3.71067 2.13591
3.84496 2.01167
3.95628 1.88922
4.05573 1.75997
4.14296 1.62526
4.21146 1.49883
4.26971 1.36868
4.31375 1.24742
4.35088 1.11980
4.38698 0.96409
4.43479 0.73399
4.45766 0.63512
4.48908 0.63512
4.43527 0.90246
4.40176 1.06165
4.36731 1.19119
4.32584 1.31424
4.27618 1.43360
4.21096 1.56315
4.13513 1.68955
4.03967 1.82413
3.93190 1.95267
3.81225 2.07358
3.66897 2.19513
3.50063 2.31335
3.29426 2.43304
2.84823 2.66020
2.66571 2.77369
2.51378 2.90418
2.45098 3.01461
2.49555 3.06962
2.62212 3.09792
2.79882 3.11151
3.24534 3.12259
3.27676 3.12259
2.84594 3.11125
2.59705 3.08344
2.51426 3.02763
2.56574 2.91477
2.71317 2.78073
2.89104 2.66401
3.17358 2.51380
3.44578 2.36653
3.62785 2.24887
3.77346 2.13592
3.90704 2.01205
4.01781 1.89000
4.11683 1.76117
4.20373 1.62684
4.27207 1.50070
4.33028 1.37071
4.37441 1.24945
4.41561 1.10688
4.45199 0.94863
4.50800 0.68697
4.52049 0.63512
4.55191 0.63512
4.49644 0.90424
4.46216 1.06415
4.42731 1.19400
4.38564 1.31711
4.33598 1.43632
4.27093 1.56553
4.19543 1.69147
4.10049 1.82548
3.99338 1.95344
3.86317 2.08436
3.71989 2.20453
3.55192 2.32145
3.34651 2.44017
2.91714 2.66081
2.73530 2.77457
2.58381 2.90496
2.52120 3.01503
2.56560 3.06981
2.69135 3.09798
2.86648 3.11151
3.30817 3.12259
3.33959 3.12259
2.91358 3.11120
2.66773 3.08340
2.58614 3.02767
2.63823 2.91487
2.78599 2.78064
2.96397 2.66335
3.27326 2.49757
3.53006 2.35504
3.71006 2.23547
3.85358 2.12101
3.98494 1.99585
4.09365 1.87283
4.19063 1.74320
4.27555 1.60813
4.34217 1.48119
4.39885 1.35006
4.44191 1.22713
4.48259 1.08133
4.52375 0.89886
4.58332 0.63512
4.61474 0.63512
4.55662 0.90786
4.52103 1.06936
4.48532 1.20014
4.44304 1.32380
4.39295 1.44326
4.32759 1.57249
4.24379 1.71059
4.14769 1.84370
4.03959 1.97052
3.90848 2.10002
3.76460 2.21873
3.59642 2.33426
3.37758 2.45946
2.99169 2.66023
2.80990 2.77466
2.65817 2.90524
2.59508 3.01518
2.63861 3.06983
2.76269 3.09794
2.93531 3.11145
3.37100 3.12259
3.40242 3.12259
2.98356 3.11115
2.74177 3.08343
2.66161 3.02789
2.71421 2.91535
2.86207 2.78100
3.03979 2.66302
3.36108 2.48815
3.61511 2.34316
3.79230 2.22175
3.93319 2.10597
4.06189 1.97978
4.16823 1.85607
4.26293 1.72587
4.34572 1.59022
4.41060 1.46255
4.46585 1.33017
4.50807 1.20529
4.54874 1.05559
4.59212 0.86455
4.64616 0.63512
4.67757 0.63512
4.61581 0.91326
4.57837 1.07721
4.53690 1.22366
4.49278 1.34775
4.43469 1.48055
4.36651 1.60940
4.27976 1.74666
4.18086 1.87846
4.07013 2.00353
3.93643 2.13073
3.79038 2.24698
3.60720 2.36830
3.33203 2.52007
3.04510 2.67379
2.86450 2.79232
2.71683 2.92797
2.67373 3.02840
2.75645 3.08377
3.00531 3.11135
3.43384 3.12259
3.46525 3.12259
3.05582 3.11111
2.81908 3.08352
2.74057 3.02830
2.79360 2.91620
2.94130 2.78181
3.13138 2.65524
3.64902 2.36363
3.82602 2.24441
3.97877 2.12107
4.10756 1.99653
4.22345 1.86280
4.31778 1.73333
4.40048 1.59820
4.46556 1.47070
4.52132 1.33811
4.56877 1.19817
4.61039 1.04552
4.65654 0.84823
4.70899 0.63512
4.74040 0.63512
4.67453 0.91821
4.63507 1.08430
4.59225 1.23199
4.54737 1.35660
4.48886 1.48947
4.42059 1.61797
4.33408 1.75453
4.23573 1.88543
4.11527 2.02046
3.98173 2.14587
3.82371 2.26959
3.64114 2.38871
3.11215 2.68188
2.93319 2.80279
2.79802 2.92896
2.75454 3.02890
2.83551 3.08389
3.07875 3.11130
3.49667 3.12259
3.52808 3.12259
3.12918 3.11102
2.89883 3.08349
2.82285 3.02847
2.87702 2.91659
3.02519 2.78182
3.21514 2.65392
3.71531 2.36480
3.89032 2.24473
4.04135 2.12104
4.16877 1.99642
4.28349 1.86270
4.37698 1.73316
4.45909 1.59772
4.52391 1.46954
4.57979 1.33566
4.62795 1.19344
4.67116 1.03693
4.72101 0.83188
4.77182 0.63512
4.80324 0.63512
4.73237 0.92470
4.69038 1.09368
4.64574 1.24323
4.59415 1.38243
4.53381 1.51527
4.46402 1.64334
4.37614 1.77901
4.27671 1.90866
4.15543 2.04205
4.02147 2.16578
3.86356 2.28793
3.66855 2.41413
3.19764 2.68099
3.01880 2.80311
2.87382 2.94123
2.84369 3.04258
2.91694 3.08389
3.15324 3.11121
3.55950 3.12259
3.59092 3.12259
3.20468 3.11094
2.98165 3.08354
2.90841 3.02883
2.96363 2.91735
3.11197 2.78228
3.31422 2.64493
3.78266 2.36605
3.96693 2.23591
4.11478 2.11100
4.23940 1.98560
4.35159 1.85131
4.44303 1.72124
4.52344 1.58499
4.58713 1.45556
4.64248 1.31951
4.69101 1.17357
4.73616 1.01058
4.79797 0.76809
4.83465 0.63512
4.86607 0.63512
4.78965 0.93149
4.74036 1.11936
4.69322 1.26940
4.63950 1.40881
4.57741 1.54147
4.50626 1.66892
4.41727 1.80349
4.31712 1.93172
4.19548 2.06339
4.06166 2.18544
3.90453 2.30621
3.69808 2.43988
3.27251 2.68865
3.08295 2.82337
2.95326 2.95400
2.93066 3.04295
3.00140 3.08396
3.22985 3.11113
3.62233 3.12259
3.65375 3.12259
3.28223 3.11088
3.06738 3.08366
2.99692 3.01629
3.07395 2.89594
3.23826 2.75526
3.45385 2.61211
3.85102 2.36745
4.03187 2.23620
4.17702 2.11097
4.29951 1.98563
4.40995 1.85153
4.50021 1.72152
4.57990 1.58500
4.64343 1.45478
4.69926 1.31711
4.74914 1.16828
4.80186 0.98196
4.88027 0.69328
4.89748 0.63512
4.92890 0.63512
4.84616 0.93957
4.79330 1.13142
4.74375 1.28383
4.68824 1.42473
4.62486 1.55816
4.54511 1.69831
4.45453 1.83209
4.34341 1.97037
4.21985 2.09981
4.07296 2.22921
3.90185 2.35593
3.62887 2.52708
3.32638 2.71254
3.13988 2.85402
3.02947 2.97877
3.03082 3.05656
3.15855 3.09765
3.30740 3.11101
3.68516 3.12259
3.71658 3.12259
3.36069 3.11077
3.15517 3.08368
3.08890 3.01669
3.16732 2.89659
3.34421 2.74578
3.58460 2.58484
3.93711 2.35733
4.11366 2.22298
4.25500 2.09553
4.37412 1.96847
4.48152 1.83277
4.56936 1.70116
4.64714 1.56253
4.70958 1.42948
4.76525 1.28747
4.81650 1.13164
4.87400 0.93165
4.96032 0.63512
4.99173 0.63512
4.90261 0.94637
4.84616 1.14154
4.79436 1.29580
4.73738 1.43765
4.67322 1.57134
4.59328 1.71119
4.50310 1.84425
4.39303 1.98157
4.27111 2.11014
4.12662 2.23902
3.94628 2.37468
3.40626 2.72206
3.22222 2.86633
3.11717 2.99248
3.14242 3.07059
3.24568 3.09773
3.38791 3.11097
3.74800 3.12259
3.77941 3.12259
3.44100 3.11069
3.24556 3.08378
3.18368 3.01733
3.27416 2.88660
3.46460 2.72739
3.76594 2.52377
4.03506 2.33819
4.20591 2.19982
4.34216 2.06930
4.45680 1.93973
4.56011 1.80161
4.64474 1.66750
4.72003 1.52562
4.78115 1.38829
4.83690 1.23970
4.89607 1.05506
4.97052 0.80343
5.02315 0.63512
5.05456 0.63512
4.95848 0.95408
4.89797 1.15317
4.84348 1.30978
4.78459 1.45310
4.71916 1.58753
4.63847 1.72759
4.53944 1.87216
4.42884 2.00831
4.29637 2.14595
4.14023 2.28258
3.93537 2.43407
3.49048 2.73080
3.29715 2.88899
3.20902 3.00587
3.23605 3.07087
3.33418 3.09775
3.46915 3.11090
3.81083 3.12259
3.84224 3.12259
3.52300 3.11064
3.30724 3.07056
3.28966 2.99307
3.41770 2.84522
3.63585 2.67317
4.08600 2.35445
4.26487 2.20533
4.40830 2.06342
4.52902 1.92135
4.62929 1.78126
4.71182 1.64495
4.78589 1.49996
4.84699 1.35840
4.90424 1.20328
4.96799 1.00651
5.05545 0.72697
5.08598 0.63512
5.11739 0.63512
5.01421 0.96129
4.94948 1.16414
4.89217 1.32307
4.83130 1.46786
4.75759 1.61619
4.67546 1.75582
4.57559 1.89957
4.45516 2.04562
4.32243 2.18164
4.15545 2.32656
3.91498 2.50401
3.56414 2.74967
3.37523 2.91270
3.30401 3.03222
3.36398 3.08454
3.55203 3.11085
3.87366 3.12259
3.90508 3.12259
3.60654 3.11063
3.40416 3.07105
3.39654 2.98226
3.54103 2.82626
3.78207 2.63664
4.14961 2.36261
4.32422 2.21111
4.46452 2.06791
4.58307 1.92498
4.68211 1.78406
4.77137 1.63373
4.84535 1.48600
4.91349 1.32542
4.97924 1.14504
5.05034 0.92948
5.14881 0.63512
5.18023 0.63512
5.07635 0.94796
5.00619 1.15894
4.93960 1.33799
4.86971 1.49885
4.79347 1.64772
4.70142 1.79980
4.59937 1.94266
4.47738 2.08769
4.33320 2.23301
4.15399 2.38670
3.62957 2.77811
3.45736 2.93643
3.40695 3.04561
3.51647 3.09784
3.63548 3.11078
3.93649 3.12259
3.96791 3.12259
3.69059 3.11059
3.50273 3.07142
3.49936 2.98342
3.64401 2.82710
3.91784 2.60597
4.22922 2.35864
4.40901 2.19235
4.54448 2.04479
4.65917 1.89790
4.75545 1.75303
4.84301 1.59786
4.91677 1.44417
4.98658 1.27494
5.05711 1.08083
5.14821 0.81429
5.21164 0.63512
5.24306 0.63512
5.13220 0.95448
5.05721 1.16960
4.98691 1.35176
4.91433 1.51489
4.83632 1.66535
4.74325 1.81864
4.63210 1.97402
4.50010 2.13012
4.34508 2.28557
4.13123 2.46834
3.70915 2.79847
3.54279 2.96104
3.51553 3.05910
3.60990 3.09794
3.72030 3.11075
3.99932 3.12259
4.03074 3.12259
3.77589 3.11059
3.60315 3.07195
3.60401 2.98491
3.75971 2.81790
4.31923 2.34510
4.49264 2.17265
4.62337 2.02024
4.73448 1.86880
4.82848 1.71925
4.91509 1.55830
4.98958 1.39746
5.06243 1.21780
5.14760 0.98528
5.27447 0.63512
5.30589 0.63512
5.18878 0.95853
5.10926 1.17668
5.03557 1.36126
4.96071 1.52622
4.87399 1.69129
4.77187 1.85715
4.66015 2.01198
4.52872 2.16794
4.36490 2.33423
4.11937 2.54818
3.76555 2.84244
3.62444 2.99891
3.63161 3.07283
3.80709 3.11083
4.06215 3.12259
4.09357 3.12259
3.77157 3.09818
3.68954 3.03560
3.78583 2.89619
4.06803 2.63974
4.37310 2.36534
4.55162 2.17873
4.68776 2.01205
4.80425 1.84510
4.90389 1.67814
4.98988 1.51089
5.07269 1.32583
5.15758 1.11242
5.25742 0.84516
5.33731 0.63512
5.36872 0.63512
5.24474 0.96413
5.15284 1.20478
5.06811 1.40665
4.98226 1.58629
4.89162 1.75109
4.78602 1.91707
4.66251 2.08391
4.50853 2.26178
4.30880 2.45908
3.82814 2.88624
3.72101 3.02408
3.75685 3.08584
3.89327 3.11083
4.12499 3.12259
4.15640 3.12259
3.86734 3.09838
3.79602 3.03667
3.90425 2.88655
4.44569 2.36900
4.61974 2.17457
4.76169 1.98949
4.87630 1.81539
4.97574 1.64084
5.07053 1.44945
5.15752 1.25051
5.25155 1.01522
5.38622 0.66986
5.40014 0.63512
5.43155 0.63512
5.29295 0.98945
5.19715 1.22916
5.10860 1.43207
5.01217 1.62774
4.91111 1.80662
4.79475 1.98534
4.66012 2.16399
4.48442 2.36424
4.22802 2.61553
3.89342 2.93338
3.82525 3.04991
3.89817 3.09877
4.18782 3.12259
4.21923 3.12259
3.96456 3.09883
3.90347 3.03847
4.02160 2.87846
4.48468 2.41015
4.66512 2.19885
4.80548 2.00893
4.92809 1.81764
5.03619 1.62394
5.13359 1.42571
5.23297 1.20003
5.34562 0.92437
5.46297 0.63512
5.49439 0.63512
5.35018 0.99079
5.24158 1.25188
5.14172 1.47206
5.03423 1.68301
4.92230 1.87587
4.78613 2.08001
4.63020 2.28200
4.42091 2.51571
3.98260 2.95903
3.93539 3.06342
4.06920 3.11113
4.25065 3.12259
4.28207 3.12259
4.03241 3.08756
4.03465 2.99432
4.31475 2.68528
4.58237 2.38734
4.76421 2.15301
4.90802 1.93916
5.03596 1.72117
5.15220 1.49614
5.26232 1.25820
5.37527 0.99452
5.52580 0.63512
5.55722 0.63512
5.40753 0.99208
5.29329 1.25731
5.18077 1.49879
5.06142 1.72868
4.92985 1.95235
4.78201 2.17221
4.60490 2.40127
4.34167 2.69527
4.06648 2.99556
4.06364 3.08803
4.31348 3.12259
4.34490 3.12259
4.13479 3.08841
4.15192 2.98551
4.62592 2.42940
4.81419 2.17270
4.96608 1.93590
5.10381 1.69286
5.23220 1.43915
5.35849 1.16517
5.49717 0.84649
5.58863 0.63512
5.62005 0.63512
5.46653 0.98981
5.33876 1.27672
5.21391 1.53747
5.08297 1.78565
4.94062 2.02692
4.77388 2.27639
4.56801 2.54466
4.16176 3.02142
4.19212 3.10041
4.37631 3.12259
4.40773 3.12259
4.23722 3.08941
4.26896 2.97725
4.66997 2.47567
4.86432 2.19444
5.03321 1.91746
5.18202 1.64478
5.32499 1.35678
5.47211 1.03770
5.63649 0.66862
5.65147 0.63512
5.68288 0.63512
5.51553 1.01031
5.37446 1.31669
5.22793 1.61393
5.07583 1.89587
4.90385 2.18231
4.70673 2.47209
4.43161 2.82132
4.26072 3.04622
4.33336 3.11195
4.43915 3.12259
4.47056 3.12259
4.33303 3.07976
4.43618 2.90154
4.73209 2.50069
4.94010 2.17641
5.12686 1.85023
5.29816 1.52168
5.46170 1.18398
5.63260 0.81387
5.71430 0.63512
5.74571 0.63512
5.56502 1.02897
5.40071 1.37543
5.22291 1.72727
5.03196 2.07397
4.83054 2.40310
4.58726 2.75111
4.36541 3.05952
4.42061 3.11234
4.50198 3.12259
4.53339 3.12259
4.43991 3.06044
4.86177 2.41805
5.09308 2.01730
5.31249 1.60107
5.51956 1.18100
5.72118 0.75456
5.77713 0.63512
5.80855 0.63512
5.60450 1.06825
5.39770 1.49250
5.17938 1.91506
4.95072 2.32372
4.70767 2.71203
4.46952 3.07241
4.56481 3.12259
4.59623 3.12259
4.56010 3.03247
4.90904 2.46245
5.18335 1.95982
5.46008 1.41738
5.71158 0.90256
5.83996 0.63512
5.87138 0.63512
5.62272 1.15011
5.34378 1.70946
5.05206 2.26369
4.77272 2.74899
4.57279 3.09439
4.62764 3.12259
4.65906 3.12259
4.71252 2.94922
5.07574 2.28364
5.49474 1.46139
5.87569 0.69046
5.90279 0.63512
5.93421 0.63512
5.55446 1.40413
5.11796 2.26325
4.75784 2.92743
4.67579 3.11397
4.69047 3.12259
4.72189 3.12259
4.71239 3.14159
4.71239 3.14159