# sss file
-1.57080 3.14159
-1.57080 3.14159
-1.98873 3.13969
-1.28137 3.13870
-1.11579 3.13497
-0.60248 3.13385
-0.34424 3.12875
0.10025 3.12858
0.42733 3.12289
0.84498 3.12451
1.24103 3.11893
1.66451 3.12263
2.13913 3.11724
2.61020 3.12249
3.15603 3.11631
3.70218 3.12175
4.24886 3.11337
4.81523 3.11802
5.29879 3.10745
5.82097 3.11213
6.26544 3.10062
6.74291 3.10681
7.19027 3.09546
7.64877 3.10388
8.12637 3.09298
8.59681 3.10333
9.11345 3.09209
9.62001 3.10312
10.15385 3.09010
10.68726 3.10056
11.19845 3.08514
11.72073 3.09519
12.19993 3.07829
12.69216 3.08931
13.16067 3.07227
13.63157 3.08540
13.90225 3.07891
14.11297 3.06889
14.31862 3.07837
14.58343 3.08420
14.86787 3.07797
15.09045 3.06774
15.30282 3.07797
15.58103 3.08420
15.96237 3.07417
16.10700 3.06641
16.42076 3.07929
16.62110 3.08262
17.00037 3.07104
17.14105 3.06247
17.45919 3.07508
17.65748 3.07805
18.02034 3.06515
18.15479 3.05598
18.46269 3.06891
18.65249 3.07200
19.00282 3.05877
19.13503 3.04937
19.42943 3.06351
19.61271 3.06722
19.96353 3.05444
20.09865 3.04504
20.38659 3.06075
20.56964 3.06521
20.93196 3.05285
21.07271 3.04336
21.36521 3.06026
21.55427 3.06510
21.93037 3.05234
22.07514 3.04240
22.37936 3.05963
22.57577 3.06431
22.95558 3.05016
23.09918 3.03945
23.41071 3.05641
23.60842 3.06068
23.97842 3.04502
24.11728 3.03360
24.42429 3.05061
24.61647 3.05482
24.97442 3.03847
25.11011 3.02670
25.40625 3.04466
25.59206 3.04935
25.98315 3.03051
26.08318 3.02146
26.41519 3.04264
26.55508 3.04641
26.95390 3.02812
27.05697 3.01905
27.39021 3.04176
27.53285 3.04593
27.82242 3.03545
28.05029 3.01817
28.39329 3.04152
28.54067 3.04566
28.83598 3.03439
29.06529 3.01608
29.28265 3.03321
29.56695 3.04304
29.85920 3.03057
30.08371 3.01108
30.30135 3.02814
30.58198 3.03766
30.86609 3.02442
31.08501 3.00420
31.29710 3.02175
31.56959 3.03175
31.84859 3.01854
32.06640 2.99818
32.27234 3.01679
32.53943 3.02787
32.82014 3.01515
33.04192 2.99488
33.24580 3.01465
33.51413 3.02677
33.80169 3.01428
34.02940 2.99378
34.23665 3.01428
34.51173 3.02675
34.80572 3.01373
35.03645 2.99237
35.24934 3.01297
35.53056 3.02506
35.87554 3.00693
36.05278 2.98832
36.31912 3.01192
36.54844 3.02042
36.88619 3.00111
37.05953 2.98177
37.32139 3.00570
37.54540 3.01436
37.87664 2.99477
38.04825 2.97517
38.30318 3.00020
38.52242 3.00963
38.85340 2.99050
39.02684 2.97093
39.27803 2.99739
39.49673 3.00772
39.83357 2.98900
40.01093 2.96934
40.26420 2.99687
40.48690 3.00765
40.83100 2.98856
41.01124 2.96835
41.27040 2.99616
41.49809 3.00675
41.84440 2.98640
42.02401 2.96526
42.28703 2.99288
42.51582 3.00301
42.85735 2.98131
43.03377 2.95931
43.29466 2.98703
43.51970 2.99711
43.85470 2.97481
44.02874 2.95240
44.28366 2.98099
44.50387 2.99168
44.83661 2.96967
45.01126 2.94725
45.26150 2.97724
45.47979 2.98886
45.76573 2.97210
45.99392 2.94494
46.19562 2.97192
46.46492 2.98845
46.75648 2.97168
46.98878 2.94407
47.19403 2.97153
47.46889 2.98812
47.76400 2.97052
47.99722 2.94186
48.20625 2.96927
48.48429 2.98535
48.77759 2.96656
49.00795 2.93672
49.21710 2.96410
49.49280 2.97990
49.78106 2.96036
50.00797 2.92980
50.21342 2.95770
50.48371 2.97400
50.76866 2.95452
50.99488 2.92384
51.19611 2.95282
51.46268 2.97024
51.74878 2.95125
51.97768 2.92067
52.17748 2.95081
52.44487 2.96925
52.73559 2.95047
52.96846 2.91962
53.17054 2.95045
53.44248 2.96921
53.73744 2.94985
53.97231 2.91811
54.17814 2.94902
54.45412 2.96738
54.74910 2.94686
54.98239 2.91391
55.18959 2.94471
55.46508 2.96262
55.71812 2.94508
55.92659 2.91793
55.98611 2.90728
56.15742 2.93463
56.37856 2.95294
56.46194 2.95654
56.71150 2.93884
56.91822 2.91146
56.97748 2.90071
57.14536 2.92887
57.36272 2.94802
57.44495 2.95191
57.69406 2.93459
57.90189 2.90735
57.96169 2.89659
58.12747 2.92578
58.34376 2.94594
58.42605 2.95013
58.67805 2.93317
58.88899 2.90592
58.94973 2.89509
59.11627 2.92506
59.33495 2.94578
59.41843 2.95009
59.67429 2.93289
59.88785 2.90510
59.94919 2.89404
60.11848 2.92425
60.34077 2.94488
60.42549 2.94907
60.68278 2.93098
60.89624 2.90219
60.95736 2.89080
61.12860 2.92093
61.35218 2.94119
61.43698 2.94519
61.69203 2.92614
61.90303 2.89642
61.96344 2.88473
62.13377 2.91498
62.35501 2.93524
62.43868 2.93923
62.69024 2.91978
62.89905 2.88965
62.95900 2.87781
63.12634 2.90872
63.34385 2.92965
63.42626 2.93387
63.67634 2.91468
63.88530 2.88462
63.94553 2.87276
64.11029 2.90468
64.32579 2.92664
64.40786 2.93118
64.65971 2.91244
64.87111 2.88247
64.93214 2.87058
65.09670 2.90340
65.31343 2.92611
65.39632 2.93085
65.62186 2.91514
65.81654 2.89023
65.92770 2.86970
66.07067 2.89927
66.25456 2.92122
66.39855 2.93044
66.62621 2.91411
66.82182 2.88843
66.93314 2.86735
67.07812 2.89692
67.26399 2.91861
67.40893 2.92752
67.63575 2.91030
67.82991 2.88372
67.94023 2.86206
68.08531 2.89164
68.27042 2.91321
68.41417 2.92197
68.63821 2.90420
68.83015 2.87710
68.93944 2.85508
69.08251 2.88509
69.26482 2.90707
69.40641 2.91610
69.62845 2.89842
69.81962 2.87130
69.92889 2.84920
70.06954 2.88004
70.24944 2.90287
70.38977 2.91247
70.61233 2.89520
70.80489 2.86826
70.91525 2.84616
71.05496 2.87787
71.23474 2.90152
71.37569 2.91158
71.60088 2.89450
71.79592 2.86745
71.90766 2.84516
72.04853 2.87739
72.23043 2.90138
72.37331 2.91151
72.60103 2.89400
72.79761 2.86632
72.90993 2.84354
73.05281 2.87586
73.23704 2.89968
73.38133 2.90954
73.60923 2.89115
73.80513 2.86255
73.91682 2.83916
74.06049 2.87144
74.24489 2.89503
74.38869 2.90465
74.61438 2.88555
74.80826 2.85627
74.91890 2.83244
75.06122 2.86499
75.24342 2.88881
75.38532 2.89856
75.64685 2.87458
75.86425 2.83694
75.91154 2.82591
76.08174 2.86448
76.30726 2.89013
76.37139 2.89403
76.57097 2.87784
76.80071 2.84339
76.89868 2.82192
77.06718 2.86156
77.29193 2.88825
77.35612 2.89238
77.55742 2.87649
77.78971 2.84209
77.88884 2.82050
78.05798 2.86093
78.22285 2.88284
78.34970 2.89236
78.55338 2.87628
78.78795 2.84133
78.88784 2.81939
79.05920 2.86004
79.22621 2.88188
79.35453 2.89122
79.55917 2.87445
79.73968 2.84868
79.89353 2.81598
80.06638 2.85654
80.23416 2.87811
80.36260 2.88719
80.56596 2.86967
80.74499 2.84317
80.89755 2.80977
81.06953 2.85049
81.23591 2.87210
81.36300 2.88117
81.56422 2.86337
81.74171 2.83657
81.89337 2.80285
82.06281 2.84428
82.22686 2.86644
82.35239 2.87588
82.55262 2.85832
82.73000 2.83165
82.88210 2.79790
83.04938 2.84041
83.21214 2.86338
83.33718 2.87333
83.53846 2.85614
83.71732 2.82962
83.87094 2.79583
84.03809 2.83926
84.20155 2.86281
84.32755 2.87307
84.53106 2.85587
84.71183 2.82912
84.86691 2.79494
84.98817 2.82898
85.14245 2.85556
85.32878 2.87257
85.57218 2.85002
85.78054 2.81418
85.87065 2.79244
86.02170 2.83243
86.22040 2.86081
86.33627 2.86949
86.57895 2.84598
86.78611 2.80918
86.87562 2.78698
87.02665 2.82701
87.22453 2.85526
87.33957 2.86384
87.57995 2.83977
87.78539 2.80243
87.87432 2.77995
88.02352 2.82047
88.21889 2.84919
88.33253 2.85801
88.57130 2.83406
88.77624 2.79669
88.86522 2.77415
89.01229 2.81558
89.20561 2.84523
89.31846 2.85451
89.55777 2.83099
89.76398 2.79379
89.85368 2.77124
89.99996 2.81359
90.19330 2.84409
90.30661 2.85373
90.54819 2.83037
90.75650 2.79300
90.84708 2.77027
90.99439 2.81315
91.18965 2.84396
91.30423 2.85362
91.54793 2.82976
91.75748 2.79167
91.84841 2.76853
91.99743 2.81149
92.19464 2.84207
92.31008 2.85149
92.55389 2.82668
92.76284 2.78760
92.85338 2.76398
93.00299 2.80690
93.20018 2.83723
93.31524 2.84646
93.49961 2.82880
93.71618 2.79218
93.85443 2.75715
94.00275 2.80039
94.19790 2.83100
94.31168 2.84036
94.49452 2.82263
94.70990 2.78587
94.84782 2.75066
94.99402 2.79472
95.18686 2.82617
95.29961 2.83595
95.51886 2.81366
95.71152 2.77904
95.83676 2.74679
95.96658 2.78820
96.13538 2.81945
96.28659 2.83443
96.50742 2.81244
96.70181 2.77784
96.82823 2.74546
96.95843 2.78750
97.12833 2.81923
97.28091 2.83442
97.50383 2.81218
97.69976 2.77710
97.82697 2.74427
97.95858 2.78649
98.13032 2.81819
98.28436 2.83315
98.50807 2.81012
98.70409 2.77418
98.83111 2.74068
98.96367 2.78286
99.13612 2.81431
99.29027 2.82895
99.51284 2.80513
99.70760 2.76839
99.83382 2.73433
99.96578 2.77668
100.13703 2.80821
100.28982 2.82288
100.51054 2.79877
100.70407 2.76173
100.82977 2.72740
100.95999 2.77037
101.12915 2.80252
101.28032 2.81768
101.50026 2.79384
101.69382 2.75692
101.81990 2.72256
101.94862 2.76643
102.11651 2.79948
102.26716 2.81527
102.48811 2.79181
102.68306 2.75501
102.81018 2.72060
102.93875 2.76522
103.10716 2.79891
103.25876 2.81506
103.48172 2.79156
103.67834 2.75445
103.80642 2.71969
103.93613 2.76463
104.10624 2.79843
104.25936 2.81447
104.48362 2.79031
104.68084 2.75241
104.80906 2.71702
104.93997 2.76195
105.11125 2.79551
105.26498 2.81122
105.47101 2.78885
105.65446 2.75469
105.81266 2.71139
105.93110 2.75303
106.08295 2.78523
106.26699 2.80546
106.47144 2.78265
106.65363 2.74805
106.81101 2.70430
106.92815 2.74638
107.07831 2.77901
107.26038 2.79968
107.46370 2.77698
107.64543 2.74241
107.80285 2.69858
107.91847 2.74144
108.06712 2.77487
108.24801 2.79631
108.45168 2.77400
108.63426 2.73962
108.79271 2.69579
108.90773 2.73943
109.05623 2.77358
109.23764 2.79563
109.44291 2.77345
109.62703 2.73897
109.78677 2.69485
109.90247 2.73892
110.05217 2.77336
110.23527 2.79548
110.44206 2.77287
110.62717 2.73779
110.78747 2.69299
110.90433 2.73712
111.05536 2.77142
111.23969 2.79318
111.44658 2.76978
111.63136 2.73387
111.79118 2.68824
111.90841 2.73238
112.05950 2.76653
112.24336 2.78802
112.44897 2.76401
112.63258 2.72751
112.79153 2.68130
112.90782 2.72575
113.05755 2.76017
113.23965 2.78191
113.44390 2.75785
113.62674 2.72125
113.78542 2.67485
113.90018 2.72000
114.04825 2.75515
114.22882 2.77761
114.43291 2.75391
114.61617 2.71749
114.77557 2.67111
114.88939 2.71709
115.03682 2.75304
115.21734 2.77622
115.40752 2.75508
115.58045 2.72272
115.76794 2.66984
115.90256 2.72272
116.04313 2.75508
116.21217 2.77622
116.40388 2.75486
116.57800 2.72210
116.76650 2.66857
116.90240 2.72162
117.04426 2.75393
117.21468 2.77481
117.40698 2.75277
117.58125 2.71927
117.76960 2.66479
117.90628 2.71780
118.04861 2.74991
118.21911 2.77045
118.41062 2.74774
118.58400 2.71358
118.77141 2.65829
118.90746 2.71151
119.04888 2.74372
119.21805 2.76431
119.40823 2.74139
119.58066 2.70699
119.76746 2.65134
119.90185 2.70526
120.04172 2.73803
120.20932 2.75920
120.39892 2.73653
120.57132 2.70227
120.75854 2.64662
120.89155 2.70150
121.03050 2.73504
121.19759 2.75693
121.38791 2.73459
121.56131 2.70047
121.71459 2.65689
121.74983 2.64476
121.85259 2.69034
121.98441 2.72699
122.14564 2.75243
122.19006 2.75678
122.38185 2.73439
122.55652 2.70003
122.71081 2.65605
122.74626 2.64381
122.84982 2.68966
122.98279 2.72643
123.14543 2.75179
123.19021 2.75609
123.38297 2.73313
123.55817 2.69810
123.71269 2.65340
123.74815 2.64098
123.85254 2.68683
123.98634 2.72344
124.14964 2.74847
124.19452 2.75265
124.38693 2.72896
124.56155 2.69319
124.71547 2.64776
124.75080 2.63516
124.85509 2.68110
124.98851 2.71770
125.15100 2.74264
125.19562 2.74680
125.37366 2.72487
125.57494 2.68282
125.74889 2.62801
125.87133 2.68103
126.03288 2.72096
126.18931 2.74105
126.36650 2.71925
126.56736 2.67726
126.74140 2.62237
126.86239 2.67625
127.02255 2.71705
127.17813 2.73783
127.35559 2.71637
127.55723 2.67459
127.73224 2.61970
127.85270 2.67441
128.01280 2.71597
128.16883 2.73724
128.34748 2.71588
128.51206 2.68356
128.69365 2.63071
128.72678 2.61878
128.84789 2.67393
128.97362 2.70863
129.12504 2.73284
129.16647 2.73703
129.34626 2.71529
129.51165 2.68245
129.69385 2.62887
129.72705 2.61677
129.84921 2.67198
129.97591 2.70656
130.12823 2.73047
130.16986 2.73457
130.34974 2.71214
130.51495 2.67859
130.69674 2.62410
130.72986 2.61182
130.85229 2.66705
130.97899 2.70152
131.13098 2.72523
131.17246 2.72926
131.35141 2.70633
131.51574 2.67228
131.69672 2.61717
131.72972 2.60477
131.85119 2.66036
131.97682 2.69509
132.12751 2.71906
132.16863 2.72315
132.34658 2.70020
132.51029 2.66608
132.69097 2.61080
132.72396 2.59836
132.84395 2.65474
132.96832 2.69012
133.11783 2.71472
133.15870 2.71897
133.33652 2.69634
133.50051 2.66242
133.68185 2.60720
133.71500 2.59474
133.83411 2.65202
133.95801 2.68808
134.10741 2.71331
134.14833 2.71770
134.32708 2.69530
134.49210 2.66143
134.67465 2.60605
134.70802 2.59354
134.82742 2.65140
134.95194 2.68783
135.10233 2.71328
135.14355 2.71770
135.35231 2.69011
135.54110 2.64717
135.70646 2.59217
135.81761 2.64672
135.96407 2.68913
136.14538 2.71614
136.35466 2.68779
136.54356 2.64404
136.70881 2.58819
136.82051 2.64272
136.96738 2.68494
137.14874 2.71161
137.35727 2.68255
137.54537 2.63807
137.70998 2.58152
137.82116 2.63628
137.96715 2.67865
138.14722 2.70542
138.35455 2.67614
138.54186 2.63143
138.70609 2.57457
138.81598 2.62997
138.96048 2.67298
139.13905 2.70039
139.34589 2.67140
139.53326 2.62683
139.69788 2.56996
139.80669 2.62621
139.95029 2.67006
140.12837 2.69826
140.33594 2.66962
140.52429 2.62515
140.68990 2.56819
140.79861 2.62512
140.94253 2.66955
141.12147 2.69815
141.33044 2.66941
141.51997 2.62463
141.68649 2.56720
141.79597 2.62440
141.94101 2.66891
142.12131 2.69735
142.29054 2.67524
142.48500 2.63265
142.65632 2.57669
142.68784 2.56418
142.79807 2.62138
142.94386 2.66569
143.12466 2.69374
143.29363 2.67100
143.48757 2.62760
143.65837 2.57084
143.68979 2.55817
143.79986 2.61548
143.94517 2.65981
144.12508 2.68778
144.29312 2.66472
144.48614 2.62091
144.65636 2.56371
144.68771 2.55095
144.79667 2.60878
144.94061 2.65361
145.11898 2.68209
145.31408 2.65407
145.49258 2.61156
145.65129 2.55739
145.68070 2.54539
145.78071 2.60074
145.91139 2.64483
146.07304 2.67490
146.10870 2.67900
146.30410 2.65135
146.48323 2.60902
146.64272 2.55485
146.67229 2.54283
146.77187 2.59891
146.90243 2.64368
147.06440 2.67431
147.10019 2.67850
147.29675 2.65093
147.47700 2.60847
147.63744 2.55401
147.66718 2.54191
147.76725 2.59838
147.89865 2.64338
148.06179 2.67406
148.09784 2.67823
148.29548 2.65020
148.47646 2.60714
148.63734 2.55200
148.66714 2.53976
148.76800 2.59627
148.90029 2.64115
149.06428 2.67150
149.10047 2.67559
149.29817 2.64680
149.47896 2.60294
149.63955 2.54700
149.66930 2.53460
149.77031 2.59116
149.90258 2.63595
150.06620 2.66611
150.10227 2.67014
150.29909 2.64081
150.47909 2.59642
150.63913 2.53993
150.66879 2.52742
150.76902 2.58435
150.90024 2.62947
151.06256 2.65993
151.09835 2.66402
151.29425 2.63469
151.47374 2.59024
151.63363 2.53360
151.66330 2.52105
151.76235 2.57870
151.89232 2.62455
152.05350 2.65573
152.08909 2.65997
152.28492 2.63099
152.46475 2.58673
152.62520 2.53012
152.65500 2.51755
152.75335 2.57599
152.88284 2.62260
153.04393 2.65446
153.07957 2.65882
153.27633 2.63006
153.45717 2.58580
153.61856 2.52902
153.64853 2.51640
153.74708 2.57535
153.87714 2.62235
154.03921 2.65443
154.07508 2.65880
154.27301 2.62975
154.45477 2.58503
154.61681 2.52767
154.64688 2.51493
154.74620 2.57401
154.87722 2.62096
155.04032 2.65279
155.07640 2.65709
155.26349 2.62953
155.43626 2.58788
155.59148 2.53469
155.64868 2.51073
155.74169 2.56665
155.86260 2.61185
156.01198 2.64384
156.07894 2.65238
156.26547 2.62421
156.43762 2.58192
156.59233 2.52811
156.64938 2.50390
156.74193 2.56006
156.86215 2.60543
157.01057 2.63755
157.07708 2.64614
157.26267 2.61780
157.43419 2.57531
157.58856 2.52126
157.64554 2.49693
157.73704 2.55369
157.85608 2.59966
158.00328 2.63238
158.06933 2.64120
158.25454 2.61313
158.42607 2.57081
158.58073 2.51678
158.63787 2.49242
158.72850 2.54995
158.84679 2.59668
158.99349 2.63011
159.05946 2.63921
159.24525 2.61144
159.41755 2.56924
159.57301 2.51516
159.63046 2.49074
159.72101 2.54887
159.83949 2.59611
159.98676 2.62994
160.05306 2.63914
160.23995 2.61127
160.41322 2.56879
160.56945 2.51430
160.62716 2.48970
160.71830 2.54806
160.83762 2.59538
160.98592 2.62911
161.05266 2.63822
161.24026 2.60977
161.41393 2.56660
161.57036 2.51139
161.62811 2.48648
161.71981 2.54485
161.83969 2.59204
161.98843 2.62547
162.05527 2.63442
162.24261 2.60527
162.41588 2.56139
162.57193 2.50546
162.62955 2.48027
162.72107 2.53878
162.84058 2.58602
162.98867 2.61943
163.05516 2.62836
163.24162 2.59887
163.41420 2.55464
163.56981 2.49833
163.62733 2.47298
163.71794 2.53199
163.83636 2.57971
163.98323 2.61360
164.04923 2.62272
164.23507 2.59338
164.40743 2.54923
164.56311 2.49289
164.62071 2.46749
164.71033 2.52726
164.82779 2.57574
164.97387 2.61036
165.03964 2.61976
165.21570 2.59281
165.38023 2.55235
165.53010 2.50062
165.61287 2.46505
165.69644 2.52242
165.80497 2.56980
165.93946 2.60499
166.03175 2.61934
166.20875 2.59245
166.37419 2.55188
166.52486 2.49990
166.60805 2.46413
166.69200 2.52184
166.80116 2.56943
166.93652 2.60469
167.02942 2.61900
167.20728 2.59168
167.37334 2.55057
167.52442 2.49797
167.60778 2.46181
167.69234 2.51957
167.80217 2.56707
167.93822 2.60209
168.03146 2.61618
168.20938 2.58817
168.37531 2.54634
168.52620 2.49303
168.60944 2.45643
168.69408 2.51425
168.80389 2.56172
168.93968 2.59661
169.03265 2.61059
169.20987 2.58211
169.37518 2.53982
169.52561 2.48602
169.60866 2.44912
169.69263 2.50731
169.80159 2.55511
169.93636 2.59032
170.02865 2.60447
170.20515 2.57602
170.37004 2.53369
170.52031 2.47978
170.60338 2.44278
170.68638 2.50165
170.79432 2.55012
170.92812 2.58599
171.01992 2.60054
171.19637 2.57241
171.36151 2.53028
171.51223 2.47643
171.59560 2.43940
171.67802 2.49898
171.78554 2.54814
171.91919 2.58463
172.01107 2.59950
172.18826 2.57157
172.35422 2.52944
172.50572 2.47546
172.58953 2.43829
172.67211 2.49832
172.78004 2.54783
172.91439 2.58454
173.00681 2.59946
173.18495 2.57125
173.35168 2.52871
173.50375 2.47421
173.58783 2.43669
173.67100 2.49685
173.77967 2.54633
173.91483 2.58286
174.00773 2.59759
174.18623 2.56872
174.35309 2.52547
174.50515 2.47024
174.58921 2.43227
174.67267 2.49245
174.78158 2.54184
174.91682 2.57816
175.00964 2.59271
175.17854 2.56519
175.33718 2.52464
175.48273 2.47311
175.58954 2.42527
175.66759 2.48278
175.76822 2.53066
175.89237 2.56698
176.00751 2.58642
176.17567 2.55876
176.33378 2.51805
176.47903 2.46632
176.58575 2.41827
176.66291 2.47636
176.76257 2.52481
176.88572 2.56170
177.00009 2.58157
177.16795 2.55418
177.32606 2.51363
177.47152 2.46195
177.57851 2.41387
177.65495 2.47266
177.75397 2.52180
177.87665 2.55935
177.99085 2.57971
178.15919 2.55259
178.31792 2.51216
178.46405 2.46046
178.57156 2.41228
178.64791 2.47160
178.74707 2.52120
178.87014 2.55911
178.98486 2.57968
179.15409 2.55244
179.31362 2.51176
179.46042 2.45970
179.56837 2.41116
179.64519 2.47069
179.74499 2.52037
179.86886 2.55823
179.98427 2.57863
180.15408 2.55085
180.31397 2.50955
180.46097 2.45682
180.56901 2.40773
180.64626 2.46729
180.74649 2.51687
180.87073 2.55451
180.98630 2.57464
181.15591 2.54624
181.31550 2.50430
181.46221 2.45092
181.57005 2.40131
181.64712 2.46102
181.74703 2.51069
181.87076 2.54835
181.98578 2.56848
182.15468 2.53979
182.31372 2.49755
182.46005 2.44384
182.56774 2.39394
182.64402 2.45414
182.74303 2.50428
182.86577 2.54240
182.97998 2.56288
183.14839 2.53436
183.30723 2.49221
183.45359 2.43850
183.56143 2.38852
183.63688 2.44943
183.73509 2.50027
183.85713 2.53906
183.97094 2.56007
184.13958 2.53186
184.29885 2.48989
184.44575 2.43622
184.55404 2.38618
184.62919 2.44771
184.72727 2.49912
184.84943 2.53841
184.96356 2.55972
185.12471 2.53331
185.27759 2.49424
185.41936 2.44431
185.54945 2.38525
185.63729 2.45497
185.73360 2.50277
185.85184 2.53933
185.96124 2.55930
186.12310 2.53248
186.27651 2.49291
186.41866 2.44242
186.54902 2.38275
186.63743 2.45252
186.73428 2.50023
186.85305 2.53658
186.96282 2.55629
187.12474 2.52885
187.27806 2.48863
187.42008 2.43747
187.55030 2.37714
187.63874 2.44700
187.73552 2.49470
187.85406 2.53096
187.96351 2.55055
188.12487 2.52270
188.27770 2.48207
188.41933 2.43048
188.54932 2.36970
188.63703 2.44000
188.73307 2.48803
188.85076 2.52461
188.95946 2.54444
189.12023 2.51663
189.27270 2.47598
189.41420 2.42432
189.54421 2.36338
189.63093 2.43445
189.72612 2.48311
189.84300 2.52031
189.95115 2.54063
190.11189 2.51312
190.26456 2.47267
190.40641 2.42108
190.53686 2.36011
190.62300 2.43196
190.71785 2.48124
190.83460 2.51900
190.94283 2.53970
191.10419 2.51236
191.25754 2.47192
191.40005 2.42023
191.53110 2.35904
191.61742 2.43136
191.71263 2.48093
191.82994 2.51888
191.93877 2.53963
192.10091 2.51202
192.25491 2.47119
192.39792 2.41903
192.52937 2.35731
192.61627 2.42975
192.71207 2.47929
192.83004 2.51707
192.93938 2.53759
193.10182 2.50937
193.25595 2.46790
193.39899 2.41506
193.53043 2.35265
193.61757 2.42513
193.71353 2.47460
193.83154 2.51221
193.94078 2.53253
194.10284 2.50380
194.25657 2.46179
194.39928 2.40842
194.53049 2.34546
194.61713 2.41826
194.71254 2.46794
194.82985 2.50573
194.93844 2.52619
195.09232 2.49903
195.23899 2.45974
195.40211 2.39884
195.52675 2.33844
195.60767 2.40875
195.71607 2.46598
195.82822 2.50175
195.93129 2.52144
196.08494 2.49454
196.23160 2.45541
196.39492 2.39458
196.51986 2.33413
196.60005 2.40523
196.70783 2.46322
196.81963 2.49958
196.92257 2.51971
197.07662 2.49305
197.22379 2.45404
197.38779 2.39319
197.51327 2.33261
197.59339 2.40428
197.70135 2.46274
197.81351 2.49941
197.91690 2.51969
198.07169 2.49292
198.21955 2.45367
198.38423 2.39241
198.51018 2.33142
198.59077 2.40329
198.69939 2.46181
198.81222 2.49839
198.91616 2.51851
199.07144 2.49123
199.21962 2.45140
199.38453 2.38941
199.51059 2.32777
199.59158 2.39967
199.68039 2.44939
199.78948 2.48815
199.91774 2.51432
200.07285 2.48647
200.22080 2.44607
200.38544 2.38336
200.51133 2.32112
200.59207 2.39323
200.68057 2.44305
200.78922 2.48187
200.91689 2.50806
201.07143 2.47996
201.21891 2.43929
201.38319 2.37624
201.50895 2.31366
201.58886 2.38634
201.67658 2.43663
201.78438 2.47589
201.91119 2.50252
202.06533 2.47459
202.21264 2.43402
202.35058 2.38246
202.50289 2.30831
202.58195 2.38180
202.66899 2.43273
202.77621 2.47262
202.90260 2.49984
203.05694 2.47220
203.20461 2.43180
203.34299 2.38030
203.49588 2.30607
203.57464 2.38023
203.66159 2.43167
203.76891 2.47200
203.89563 2.49956
204.05064 2.47195
204.19897 2.43144
204.33797 2.37972
204.49149 2.30511
204.57058 2.37959
204.65798 2.43119
204.76590 2.47157
204.89333 2.49905
205.04201 2.47259
205.21215 2.42527
205.36975 2.36339
205.49094 2.30243
205.56629 2.37385
205.66736 2.43263
205.79527 2.47632
205.89454 2.49584
206.04326 2.46881
206.21334 2.42078
206.37083 2.35815
206.49193 2.29656
206.56727 2.36810
206.66822 2.42690
206.79586 2.47052
206.89483 2.48995
207.04310 2.46256
207.21270 2.41408
207.36985 2.35098
207.49079 2.28897
207.56548 2.36097
207.66566 2.42017
207.79240 2.46417
207.89074 2.48384
208.03852 2.45651
208.20778 2.40802
208.36483 2.34484
208.48584 2.28268
208.55966 2.35541
208.65896 2.41534
208.78489 2.46004
208.88277 2.48016
209.03054 2.45311
209.20002 2.40484
209.35744 2.34172
209.47883 2.27951
209.55216 2.35297
209.65112 2.41357
209.77693 2.45887
209.87490 2.47934
210.02319 2.45242
210.19335 2.40416
210.35144 2.34090
210.47334 2.27847
210.54681 2.35235
210.64613 2.41326
210.74961 2.45234
210.87100 2.47923
211.01995 2.45205
211.16309 2.41258
211.32384 2.35111
211.47160 2.27660
211.54553 2.35058
211.64543 2.41146
211.74945 2.45039
211.87136 2.47701
212.02056 2.44927
212.16383 2.40920
212.32464 2.34697
212.47241 2.27168
212.54652 2.34573
212.64654 2.40656
212.75057 2.44535
212.87236 2.47177
213.02124 2.44356
213.16419 2.40301
213.32469 2.34020
213.47226 2.26429
213.54590 2.33868
213.64533 2.39979
213.74875 2.43878
213.86983 2.46538
214.01820 2.43709
214.16077 2.39642
214.32103 2.33342
214.46857 2.25723
214.54135 2.33232
214.63986 2.39408
214.74252 2.43361
214.86290 2.46072
215.03258 2.42745
215.19433 2.37805
215.34511 2.31479
215.46197 2.25302
215.53043 2.32584
215.62245 2.38654
215.73925 2.43296
215.85461 2.45912
216.02472 2.42609
216.18701 2.37679
216.33837 2.31348
216.45569 2.25157
216.52410 2.32491
216.61624 2.38604
216.73338 2.43279
216.84922 2.45912
217.02008 2.42593
217.18304 2.37632
217.33496 2.31260
217.45269 2.25028
217.52148 2.32380
217.61416 2.38499
217.73195 2.43165
217.84837 2.45779
218.01971 2.42402
218.18298 2.37375
218.33509 2.30932
218.45293 2.24639
218.52202 2.31996
218.61500 2.38107
218.73305 2.42753
218.84957 2.45341
219.02074 2.41900
219.18379 2.36809
219.33570 2.30300
219.45344 2.23950
219.52227 2.31330
219.61490 2.37456
219.73246 2.42111
219.84845 2.44703
220.01905 2.41238
220.18169 2.36118
220.33336 2.29577
220.45102 2.23194
220.51911 2.30632
220.61091 2.36813
220.72758 2.41521
220.84284 2.44155
221.01308 2.40709
221.17559 2.35599
221.32734 2.29058
221.44517 2.22666
221.51252 2.30180
221.60363 2.36435
221.71971 2.41212
221.83463 2.43901
222.00509 2.40486
222.16799 2.35392
222.32022 2.28852
222.43848 2.22451
222.50557 2.30028
222.59658 2.36337
222.71278 2.41161
222.82800 2.43879
222.99915 2.40463
223.16273 2.35353
223.31556 2.28784
223.43426 2.22352
223.50162 2.29957
223.59309 2.36283
223.70991 2.41110
223.82573 2.43818
223.99749 2.40354
224.16153 2.35186
224.31470 2.28552
224.43362 2.22062
224.50136 2.29673
224.59326 2.35992
224.71051 2.40797
224.82663 2.43477
224.99141 2.40129
225.14915 2.35204
225.29701 2.28912
225.43439 2.21449
225.49878 2.28781
225.58522 2.34927
225.69484 2.39692
225.82660 2.42873
225.99092 2.39486
226.14829 2.34521
226.29588 2.28185
226.43314 2.20674
226.49693 2.28053
226.58269 2.34241
226.69153 2.39045
226.82247 2.42263
226.98632 2.38883
227.14344 2.33918
227.29097 2.27575
227.42832 2.20047
227.49135 2.27498
227.57633 2.33754
227.68445 2.38625
227.81480 2.41907
227.97866 2.38558
228.13598 2.33611
228.28385 2.27275
228.42160 2.19740
228.48420 2.27259
228.56888 2.33578
228.67686 2.38506
228.80730 2.41835
228.97171 2.38499
229.12962 2.33550
229.27807 2.27198
229.41635 2.19637
229.47906 2.27194
229.56402 2.33543
229.67247 2.38487
229.80354 2.41819
229.96862 2.38450
230.12708 2.33457
230.27597 2.27053
230.41461 2.19434
230.47770 2.27001
230.56314 2.33347
230.67212 2.38276
230.80370 2.41578
230.96903 2.38146
231.12761 2.33085
231.27656 2.26609
231.41524 2.18915
231.47844 2.26491
231.56395 2.32836
231.67292 2.37753
231.80436 2.41036
231.96937 2.37552
232.12765 2.32438
232.27637 2.25907
232.41493 2.18154
232.47769 2.25767
232.56266 2.32143
232.67099 2.37086
232.80169 2.40391
232.96620 2.36900
233.12415 2.31774
233.27272 2.25224
233.41129 2.17444
233.47328 2.25125
233.55745 2.31565
233.66498 2.36571
233.79495 2.39936
233.95928 2.36473
234.11728 2.31364
234.26606 2.24818
234.40494 2.17032
234.46634 2.24786
234.55002 2.31296
234.65720 2.36366
234.78703 2.39788
234.94525 2.36519
235.09788 2.31711
235.24214 2.25552
235.37727 2.18219
235.39892 2.16893
235.45741 2.24407
235.53650 2.30774
235.63740 2.35820
235.75960 2.39358
235.78186 2.39788
235.94074 2.36502
236.09395 2.31665
236.23872 2.25468
236.37428 2.18087
236.39600 2.16753
236.45481 2.24284
236.53434 2.30657
236.63578 2.35696
236.75857 2.39214
236.78093 2.39640
236.94021 2.36298
237.09371 2.31399
237.23867 2.25135
237.37438 2.17684
237.39612 2.16338
237.45515 2.23876
237.53491 2.30243
237.63655 2.35268
237.75945 2.38760
237.78182 2.39181
237.94097 2.35781
238.09429 2.30822
238.23910 2.24496
238.37472 2.16980
238.39645 2.15623
238.45522 2.23187
238.53465 2.29573
238.63586 2.34611
238.75821 2.38111
238.78048 2.38533
238.93915 2.35112
239.09212 2.30128
239.23672 2.23772
239.37227 2.16221
239.39401 2.14857
239.45210 2.22479
239.53079 2.28921
239.63122 2.34010
239.75280 2.37561
239.77495 2.37991
239.93331 2.34589
240.08618 2.29616
240.23084 2.23261
240.36658 2.15701
240.38836 2.14334
240.44578 2.22030
240.52386 2.28542
240.62376 2.33697
240.74495 2.37310
240.76706 2.37750
240.92562 2.34376
241.07882 2.29419
241.22390 2.23067
241.36008 2.15498
241.38193 2.14128
241.43913 2.21882
241.51711 2.28445
241.61708 2.33644
241.73855 2.37290
241.76072 2.37734
241.91988 2.34358
242.07367 2.29384
242.21928 2.23005
242.35594 2.15400
242.37787 2.14024
242.43530 2.21803
242.51365 2.28381
242.61412 2.33584
242.73620 2.37220
242.75847 2.37661
242.91817 2.34238
243.07236 2.29210
243.21830 2.22770
243.35521 2.15099
243.37717 2.13711
243.43490 2.21497
243.51360 2.28071
243.61443 2.33257
243.73681 2.36864
243.75913 2.37299
243.91887 2.33814
244.07303 2.28720
244.21892 2.22212
244.35581 2.14469
244.37778 2.13069
244.43541 2.20874
244.51396 2.27456
244.61456 2.32644
244.73659 2.36246
244.75883 2.36680
244.91212 2.33325
245.06045 2.28474
245.20133 2.22298
245.35533 2.13632
245.37645 2.12277
245.44184 2.21008
245.51888 2.27252
245.61628 2.32188
245.73340 2.35648
245.75467 2.36070
245.90757 2.32724
246.05568 2.27874
246.19650 2.21692
246.35061 2.13009
246.37175 2.11651
246.43633 2.20463
246.51269 2.26774
246.60946 2.31774
246.72604 2.35295
246.74725 2.35727
246.90016 2.32410
247.04845 2.27578
247.18956 2.21403
247.32266 2.14046
247.36529 2.11354
247.42943 2.20241
247.50553 2.26609
247.60218 2.31661
247.71884 2.35226
247.74007 2.35665
247.89346 2.32358
248.04227 2.27524
248.18388 2.21335
248.31746 2.13953
248.36024 2.11251
248.42450 2.20178
248.50086 2.26572
248.59792 2.31638
248.71510 2.35205
248.73643 2.35643
248.89040 2.32303
249.03970 2.27427
249.18172 2.21189
249.31564 2.13751
249.35852 2.11029
249.41233 2.18783
249.48569 2.25381
249.57972 2.30668
249.69412 2.34472
249.73643 2.35382
249.89062 2.31983
250.04004 2.27042
250.18213 2.20736
250.31611 2.13227
250.35901 2.10481
250.41288 2.18247
250.48628 2.24847
250.58029 2.30127
250.69457 2.33917
250.73681 2.34821
250.89073 2.31375
251.03991 2.26385
251.18182 2.20027
251.31570 2.12463
251.35860 2.09697
251.41203 2.17502
251.48493 2.24136
251.57837 2.29445
251.69201 2.33260
251.73403 2.34171
251.88752 2.30720
252.03641 2.25721
252.17819 2.19346
252.31208 2.11758
252.35501 2.08982
252.40774 2.16855
252.47993 2.23552
252.57265 2.28922
252.68563 2.32796
252.72745 2.33726
252.88080 2.30301
253.02973 2.25319
253.17168 2.18951
253.30584 2.11358
253.34887 2.08578
253.40109 2.16521
253.47283 2.23285
253.56522 2.28716
253.67803 2.32644
253.71983 2.33591
253.87353 2.30187
254.02289 2.25211
254.16530 2.18839
254.29991 2.11231
254.34309 2.08444
254.39525 2.16433
254.46708 2.23234
254.55971 2.28694
254.67290 2.32640
254.71488 2.33590
254.86350 2.30323
255.00817 2.25584
255.14644 2.19527
255.29857 2.10994
255.34025 2.08292
255.40051 2.17205
255.47212 2.23630
255.56315 2.28788
255.67326 2.32523
255.71388 2.33425
255.86286 2.30105
256.00779 2.25306
256.14625 2.19186
256.29855 2.10574
256.34029 2.07848
256.40074 2.16770
256.47252 2.23193
256.56370 2.28338
256.67389 2.32051
256.71451 2.32945
256.86338 2.29571
257.00817 2.24716
257.14652 2.18537
257.29876 2.09853
257.34049 2.07105
257.40062 2.16061
257.47208 2.22505
257.56285 2.27666
257.67254 2.31390
257.71299 2.32287
257.86145 2.28894
258.00594 2.24017
258.14411 2.17811
258.29631 2.09088
258.33805 2.06327
258.39744 2.15352
258.46822 2.21851
258.55829 2.27064
258.66730 2.30837
258.70752 2.31750
258.85574 2.28377
259.00013 2.23511
259.13835 2.17308
259.29074 2.08575
259.33257 2.05809
259.39126 2.14917
259.46149 2.21483
259.55109 2.26759
259.65976 2.30592
259.69990 2.31523
259.84829 2.28175
259.99299 2.23324
260.13157 2.17124
260.28442 2.08382
260.32638 2.05611
260.38484 2.14782
260.45499 2.21395
260.54467 2.26710
260.65356 2.30573
260.69382 2.31511
260.84274 2.28160
260.98795 2.23293
261.12701 2.17067
261.28036 2.08285
261.32245 2.05500
261.38115 2.14698
261.45164 2.21323
261.54175 2.26641
261.65116 2.30494
261.69161 2.31426
261.84099 2.28030
261.98657 2.23110
262.12592 2.16827
262.27956 2.07970
262.32173 2.05163
262.38071 2.14368
262.45148 2.20989
262.54188 2.26292
262.65155 2.30120
262.69206 2.31042
262.84148 2.27587
262.98705 2.22606
263.12639 2.16258
263.25866 2.08691
263.32222 2.04490
263.38105 2.13720
263.45165 2.20353
263.54182 2.25660
263.65116 2.29487
263.69154 2.30408
263.84063 2.26920
263.98592 2.21903
264.12508 2.15516
264.25729 2.07905
264.32085 2.03679
264.37903 2.12969
264.44902 2.19649
264.53854 2.24999
264.64720 2.28866
264.68736 2.29799
264.83083 2.26472
264.97103 2.21712
265.12759 2.14535
265.27554 2.05807
265.31626 2.03052
265.37120 2.12119
265.44969 2.19678
265.53668 2.24810
265.64152 2.28553
265.68015 2.29468
265.82365 2.26169
265.96400 2.21426
266.09897 2.15382
266.24851 2.06860
266.31002 2.02764
266.36456 2.11902
266.44279 2.19524
266.52968 2.24705
266.63457 2.28488
266.67324 2.29415
266.81717 2.26123
266.95797 2.21378
267.09339 2.15320
267.24343 2.06772
267.30515 2.02661
267.35980 2.11835
267.43828 2.19484
267.52553 2.24677
267.63087 2.28461
267.66972 2.29386
267.81415 2.26062
267.95540 2.21276
268.09119 2.15170
268.24160 2.06559
268.30346 2.02419
268.35842 2.11604
268.43729 2.19251
268.52491 2.24430
268.63062 2.28190
268.66959 2.29105
268.81421 2.25724
268.95558 2.20877
269.09146 2.14706
269.24196 2.06015
269.30387 2.01838
269.35884 2.11040
269.43770 2.18691
269.52526 2.23865
269.63084 2.27614
269.66974 2.28524
269.81414 2.25100
269.95530 2.20207
270.09103 2.13988
270.24146 2.05234
270.30338 2.01029
270.35785 2.10280
270.43615 2.17972
270.52317 2.23176
270.62817 2.26952
270.66686 2.27869
270.81089 2.24442
270.95182 2.19541
271.08743 2.13308
271.23789 2.04528
271.29986 2.00308
271.35356 2.09638
271.43110 2.17403
271.51749 2.22667
271.62190 2.26498
271.66042 2.27434
271.80434 2.24033
271.94530 2.19148
272.08106 2.12922
272.23180 2.04137
272.29391 1.99911
272.34707 2.09321
272.41163 2.16141
272.49464 2.21687
272.59598 2.25819
272.65308 2.27311
272.79730 2.23928
272.93863 2.19050
273.07481 2.12819
273.22601 2.04018
273.28833 1.99781
273.34145 2.09239
273.40608 2.16094
273.48931 2.21665
273.59099 2.25813
273.64830 2.27309
273.79304 2.23906
273.93485 2.18999
274.07145 2.12731
274.22310 2.03877
274.28558 1.99614
274.33898 2.09089
274.40395 2.15948
274.48759 2.21513
274.58971 2.25643
274.64725 2.27126
274.78735 2.23815
274.92473 2.19092
275.07884 2.11970
275.22518 2.03295
275.28557 1.99140
275.33687 2.08326
275.41069 2.16018
275.50817 2.22041
275.61018 2.25723
275.64768 2.26624
275.78768 2.23263
275.92495 2.18486
276.07897 2.11299
276.22529 2.02554
276.28570 1.98366
276.33666 2.07590
276.41010 2.15311
276.50712 2.21355
276.60866 2.25050
276.64600 2.25955
276.78566 2.22577
276.92268 2.17781
277.07653 2.10564
277.22283 2.01781
277.28327 1.97574
277.33353 2.06870
277.40624 2.14655
277.50253 2.20760
277.60346 2.24504
277.64060 2.25424
277.78004 2.22066
277.91698 2.17281
278.07089 2.10068
278.21739 2.01276
278.27794 1.97061
278.32756 2.06438
278.39969 2.14299
278.49550 2.20473
278.59614 2.24272
278.63321 2.25210
278.77282 2.21875
278.91002 2.17105
279.06431 2.09895
279.21122 2.01093
279.27196 1.96870
279.32137 2.06306
279.39343 2.14218
279.47416 2.19657
279.57223 2.23723
279.62736 2.25202
279.76743 2.21862
279.90509 2.17076
280.05988 2.09836
280.20724 2.00994
280.26817 1.96751
280.31778 2.06212
280.39017 2.14137
280.47128 2.19577
280.56981 2.23634
280.62517 2.25104
280.76566 2.21720
280.90366 2.16883
281.05877 2.09577
281.20641 2.00662
281.26744 1.96386
281.31728 2.05857
281.38993 2.13779
281.47128 2.19206
281.57001 2.23241
281.62546 2.24697
281.76599 2.21258
281.90399 2.16362
282.05911 2.08983
282.20678 1.99990
282.26786 1.95679
282.31751 2.05179
282.38995 2.13118
282.47106 2.18554
282.56949 2.22591
282.62476 2.24047
282.76500 2.20578
282.90277 2.15649
283.05772 2.08227
283.20537 1.99183
283.26647 1.94846
283.31549 2.04411
283.38727 2.12407
283.46778 2.17886
283.56559 2.21964
283.62056 2.23439
283.76051 2.19979
283.89812 2.15054
284.05305 2.07627
284.20081 1.98566
284.26200 1.94219
284.31031 2.03867
284.38141 2.11940
284.46139 2.17482
284.55875 2.21618
284.61353 2.23121
284.77130 2.19140
284.92585 2.13305
285.07453 2.05796
285.21655 1.96776
285.25595 1.93939
285.30193 2.03358
285.36927 2.11303
285.45908 2.17624
285.57108 2.22141
285.60688 2.23075
285.76508 2.19102
285.92011 2.13259
286.06926 2.05731
286.21172 1.96681
286.25125 1.93833
286.29732 2.03287
286.36487 2.11256
286.45504 2.17590
286.56751 2.22107
286.60346 2.23039
286.76219 2.19027
286.91766 2.13135
287.06719 2.05550
287.20999 1.96436
287.24961 1.93569
287.29593 2.03034
287.36381 2.11002
287.45434 2.17323
287.56718 2.21814
287.60322 2.22736
287.73956 2.19362
287.89585 2.13658
288.04642 2.06231
288.19029 1.97248
288.24997 1.92953
288.29625 2.02439
288.36409 2.10417
288.45453 2.16736
288.56720 2.21217
288.60318 2.22134
288.73933 2.18720
288.89543 2.12967
289.04588 2.05485
289.18974 1.96439
289.24945 1.92115
289.29523 2.01655
289.36253 2.09677
289.45239 2.16035
289.56443 2.20549
289.60023 2.21475
289.73606 2.18059
289.89192 2.12297
290.04230 2.04798
290.18622 1.95725
290.24600 1.91386
290.29106 2.01006
290.35765 2.09102
290.44683 2.15528
290.55827 2.20106
290.59391 2.21050
290.72965 2.17659
290.88556 2.11915
291.03612 2.04422
291.18031 1.95343
291.24022 1.90997
291.28479 2.00694
291.35097 2.08859
291.43986 2.15348
291.53395 2.19439
291.58680 2.20938
291.72281 2.17563
291.87912 2.11825
292.03011 2.04325
292.17473 1.95227
292.23482 1.90869
292.27934 2.00612
292.34561 2.08814
292.43473 2.15329
292.52914 2.19433
292.58218 2.20934
292.71866 2.17538
292.85335 2.12703
293.00565 2.05400
293.15159 1.96470
293.23217 1.90686
293.27693 2.00446
293.34353 2.08652
293.43307 2.15158
293.52787 2.19244
293.58110 2.20732
293.71787 2.17285
293.85279 2.12393
294.00530 2.05018
294.15144 1.96010
294.23214 1.90178
294.27698 1.99953
294.34369 2.08162
294.43331 2.14659
294.52813 2.18729
294.58135 2.20207
294.73560 2.16152
294.88711 2.10271
295.03343 2.02733
295.17381 1.93684
295.23223 1.89370
295.27493 1.98897
295.33805 2.06951
295.42254 2.13404
295.52821 2.18096
295.57955 2.19527
295.73345 2.15455
295.88474 2.09551
296.03096 2.01984
296.17137 1.92896
296.22985 1.88562
296.27187 1.98163
296.33431 2.06284
296.41812 2.12799
296.52313 2.17548
296.57421 2.19003
296.72790 2.14952
296.87915 2.09060
297.02546 2.01493
297.16607 1.92395
297.22466 1.88052
297.26609 1.97734
297.32799 2.05929
297.41136 2.12511
297.51605 2.17322
297.56703 2.18801
297.72092 2.14775
297.87245 2.08896
298.01912 2.01329
298.16010 1.92219
298.21886 1.87867
298.26010 1.97606
298.32192 2.05848
298.40535 2.12470
298.51025 2.17309
298.56137 2.18797
298.71575 2.14762
298.86776 2.08861
299.01487 2.01262
299.15627 1.92110
299.21520 1.87738
299.25661 1.97500
299.31871 2.05756
299.40253 2.12378
299.50789 2.17205
299.55923 2.18684
299.71402 2.14598
299.86638 2.08638
300.01379 2.00973
300.15546 1.91748
300.21450 1.87342
300.25607 1.97117
300.31839 2.05372
300.40242 2.11983
300.50798 2.16788
300.55938 2.18253
300.71422 2.14105
300.86660 2.08079
301.01404 2.00342
301.15578 1.91040
301.21488 1.86598
301.25624 1.96407
301.31832 2.04685
301.40208 2.11309
301.50729 2.16120
301.55852 2.17586
301.71308 2.13406
301.86525 2.07343
302.01259 1.99564
302.15436 1.90209
302.21351 1.85741
302.25425 1.95619
302.31570 2.03957
302.39881 2.10634
302.50336 2.15493
302.55432 2.16979
302.70860 2.12811
302.86064 2.06751
303.00800 1.98964
303.14991 1.89590
303.20916 1.85111
303.24922 1.95073
303.31004 2.03488
303.39258 2.10237
303.49666 2.15161
303.54746 2.16674
303.70179 2.12534
303.85401 2.06490
304.00164 1.98707
304.14389 1.89325
304.20328 1.84838
304.24301 1.94868
304.30359 2.03343
304.38602 2.10143
304.49015 2.15109
304.54101 2.16636
304.69094 2.12660
304.83900 2.06880
304.98284 1.99447
305.12161 1.90494
305.19873 1.84729
305.23698 1.94502
305.29488 2.02807
305.37337 2.09539
305.47241 2.14554
305.53770 2.16590
305.68809 2.12575
305.83656 2.06747
305.98076 1.99259
306.11986 1.90243
306.19716 1.84439
306.23560 1.94224
306.29377 2.02531
306.37256 2.09253
306.47192 2.14245
306.53738 2.16264
306.68795 2.12188
306.83656 2.06293
306.98087 1.98732
307.12011 1.89637
307.19751 1.83785
307.23587 1.93595
307.29396 2.01916
307.37265 2.08641
307.47185 2.13629
307.53718 2.15642
307.68756 2.11522
307.83602 2.05579
307.98026 1.97965
308.11953 1.88808
308.19699 1.82915
308.23485 1.92785
308.29241 2.01155
308.37055 2.07922
308.46917 2.12946
308.53416 2.14978
308.68423 2.10856
308.83252 2.04905
308.97671 1.97274
309.11606 1.88090
309.19362 1.82176
309.23079 1.92129
309.28769 2.00573
309.36520 2.07409
309.46325 2.12497
309.52795 2.14563
309.67795 2.10468
309.82630 2.04533
309.97067 1.96907
310.11027 1.87716
310.18801 1.81792
310.22471 1.91820
310.28123 2.00332
310.35846 2.07229
310.45636 2.12370
310.52106 2.14462
310.67135 2.10383
310.82006 2.04451
310.96482 1.96816
311.10481 1.87606
311.18278 1.81666
311.21943 1.91738
311.27602 2.00285
311.35344 2.07205
311.45166 2.12360
311.51659 2.14455
311.66737 2.10350
311.81652 2.04382
311.96169 1.96702
312.10205 1.87438
312.18022 1.81464
312.21708 1.91553
312.27394 2.00104
312.35172 2.07019
312.45033 2.12154
312.51549 2.14233
312.66657 2.10069
312.81596 2.04036
312.96134 1.96284
313.10191 1.86941
313.18021 1.80918
313.21710 1.91026
313.27402 1.99585
313.35185 2.06495
313.45047 2.11617
313.51560 2.13683
313.66660 2.09465
313.81593 2.03373
313.96129 1.95557
314.10192 1.86142
314.18030 1.80073
314.21680 1.90231
314.27332 1.98829
314.35071 2.05769
314.44885 2.10914
314.51369 2.12992
314.65983 2.08915
314.80459 2.03066
314.94580 1.95580
315.08270 1.86572
315.17798 1.79245
315.21242 1.89198
315.26567 1.97675
315.33853 2.04595
315.43100 2.09834
315.50840 2.12474
315.65437 2.08418
315.79908 2.02580
315.94038 1.95096
316.07746 1.86079
316.17294 1.78737
316.20681 1.88771
316.25956 1.97321
316.33200 2.04307
316.42415 2.09607
316.50141 2.12285
316.64755 2.08252
316.79253 2.02426
316.93414 1.94942
317.07157 1.85913
317.16730 1.78558
317.20099 1.88645
317.25367 1.97241
317.32615 2.04264
317.41848 2.09592
317.49593 2.12283
317.64252 2.08239
317.78793 2.02392
317.92995 1.94876
318.06777 1.85807
318.16377 1.78417
318.19761 1.88527
318.25052 1.97136
318.32333 2.04160
318.41606 2.09477
318.49382 2.12154
318.64079 2.08060
318.78653 2.02155
318.92884 1.94574
319.06693 1.85433
319.16312 1.77986
319.19707 1.88112
319.25014 1.96724
319.32313 2.03741
319.41601 2.09040
319.49387 2.11699
319.64089 2.07545
319.78666 2.01576
319.92902 1.93926
320.06721 1.84708
320.16352 1.77200
320.19722 1.87366
320.25004 1.96007
320.32274 2.03042
320.41530 2.08352
320.49289 2.11015
320.63966 2.06832
320.78526 2.00828
320.92755 1.93136
321.06578 1.83867
321.16220 1.76316
321.19528 1.86556
321.24748 1.95260
321.31957 2.02352
321.41152 2.07713
321.48868 2.10409
321.63521 2.06238
321.78071 2.00237
321.92301 1.92539
322.06138 1.83253
322.15796 1.75680
322.19039 1.86008
322.24200 1.94789
322.31356 2.01951
322.40505 2.07377
322.48197 2.10115
322.62855 2.05971
322.77421 1.99986
322.91676 1.92293
323.05543 1.82999
323.15225 1.75414
323.18436 1.85807
323.23575 1.94646
323.30719 2.01858
323.39870 2.07324
323.47572 2.10085
323.62268 2.05943
323.76874 1.99949
323.91169 1.92236
324.05075 1.82912
324.14784 1.75300
324.18002 1.85725
324.23157 1.94586
324.30329 2.01809
324.39517 2.07275
324.47250 2.10029
324.61556 2.05997
324.75780 2.00208
324.89715 1.92785
325.03283 1.83831
325.14635 1.74980
325.17746 1.85136
325.22686 1.93808
325.29527 2.00932
325.38275 2.06401
325.47212 2.09678
325.61535 2.05587
325.75773 1.99733
325.89721 1.92239
326.03303 1.83207
326.14673 1.74282
326.17772 1.84470
326.22701 1.93160
326.29529 2.00293
326.38260 2.05762
326.47179 2.09035
326.61486 2.04902
326.75712 1.99002
326.89656 1.91456
327.03243 1.82363
327.14626 1.73377
327.17672 1.83630
327.22549 1.92375
327.29324 1.99553
327.38001 2.05062
327.46872 2.08365
327.61153 2.04232
327.75363 1.98325
327.89304 1.90763
328.02900 1.81644
328.14299 1.72624
328.17278 1.82964
328.22092 1.91786
328.28807 1.99034
328.37430 2.04607
328.46262 2.07960
328.60536 2.03853
328.74752 1.97962
328.88709 1.90405
329.02328 1.81279
329.13753 1.72245
329.16687 1.82660
329.21465 1.91548
329.28154 1.98855
329.36761 2.04479
329.45590 2.07870
329.59892 2.03777
329.74142 1.97888
329.88133 1.90322
330.01789 1.81178
330.13245 1.72120
330.16174 1.82576
330.20958 1.91497
330.27663 1.98827
330.36297 2.04465
330.45157 2.07858
330.59503 2.03738
330.73794 1.97813
330.87824 1.90204
331.01515 1.81006
331.13001 1.71895
331.15946 1.82370
331.20753 1.91297
331.27488 1.98622
331.36156 2.04244
331.45046 2.07615
331.59420 2.03437
331.73734 1.97448
331.87785 1.89768
332.01498 1.80492
332.13005 1.71307
332.15949 1.81806
332.20757 1.90745
332.27494 1.98071
332.36161 2.03683
332.45046 2.07040
332.59414 2.02811
332.73724 1.96765
332.87775 1.89022
333.01496 1.79675
333.13019 1.70418
333.15920 1.80975
333.20687 1.89959
333.27381 1.97320
333.36003 2.02961
333.44847 2.06337
333.59189 2.02094
333.73482 1.96028
333.87529 1.88256
334.01257 1.78870
334.12796 1.69569
334.15629 1.80212
334.20331 1.89271
334.26963 1.96699
334.35525 2.02401
334.44323 2.05825
334.58239 2.01750
334.72129 1.95942
334.85803 1.88509
334.99188 1.79536
335.12305 1.69060
335.15502 1.80873
335.20200 1.89596
335.26731 1.96767
335.35091 2.02297
335.43641 2.05649
335.57573 2.01595
335.71487 1.95798
335.85190 1.88364
335.98606 1.79381
336.11757 1.68885
336.14935 1.80757
336.19627 1.89523
336.26162 1.96728
336.34538 2.02283
336.43110 2.05649
336.57082 2.01582
336.71036 1.95762
336.84777 1.88298
336.98230 1.79274
337.11417 1.68729
337.14609 1.80626
337.19323 1.89403
337.25887 1.96609
337.34299 2.02154
337.42903 2.05502
337.56911 2.01386
337.70896 1.95509
337.84664 1.87981
337.98144 1.78886
338.11360 1.68260
338.14560 1.80178
338.19286 1.88961
338.25863 1.96162
338.34287 2.01692
338.42899 2.05020
338.56913 2.00847
338.70902 1.94908
338.84678 1.87311
338.98170 1.78140
339.11406 1.67426
339.14572 1.79398
339.19270 1.88213
339.25818 1.95437
339.34209 2.00982
339.42792 2.04319
339.56784 2.00118
339.70758 1.94146
339.84530 1.86509
339.98028 1.77287
340.11282 1.66509
340.14377 1.78573
340.19014 1.87455
340.25503 1.94738
340.33836 2.00336
340.42371 2.03713
340.56342 1.99524
340.70308 1.93556
340.84082 1.85913
340.97593 1.76675
341.10871 1.65866
341.13894 1.78032
341.18475 1.86992
341.24914 1.94344
341.33206 2.00005
341.41713 2.03432
341.55689 1.99269
341.69670 1.93316
341.83466 1.85677
341.97005 1.76432
342.10315 1.65605
342.13303 1.77844
342.17864 1.86859
342.24294 1.94257
342.32587 1.99956
342.41106 2.03408
342.55116 1.99246
342.69134 1.93283
342.82967 1.85624
342.96543 1.76349
343.09888 1.65484
343.12380 1.76337
343.16692 1.85599
343.22877 1.93244
343.30939 1.99192
343.40792 2.03340
343.54844 1.99137
343.68898 1.93126
343.82764 1.85410
343.96371 1.76071
344.09750 1.65131
344.12253 1.76002
344.16582 1.85270
344.22789 1.92910
344.30875 1.98842
344.40750 2.02964
344.54426 1.98845
344.68108 1.93007
344.81620 1.85548
344.94891 1.76542
345.09796 1.64383
345.12669 1.76406
345.17039 1.85289
345.23185 1.92617
345.31105 1.98318
345.40708 2.02298
345.54370 1.98139
345.68043 1.92257
345.81553 1.84747
345.94830 1.75680
346.09757 1.63436
346.12567 1.75543
346.16885 1.84484
346.22979 1.91861
346.30846 1.97605
346.40397 2.01622
346.54036 1.97464
346.67696 1.91576
346.81204 1.84050
346.94491 1.74958
347.09442 1.62667
347.12177 1.74877
347.16433 1.83896
347.22471 1.91344
347.30287 1.97152
347.39796 2.01228
347.53429 1.97094
347.67096 1.91221
347.80618 1.83701
347.93927 1.74603
348.08911 1.62290
348.11597 1.74586
348.15820 1.83670
348.21833 1.91174
348.29635 1.97031
348.39141 2.01148
348.52801 1.97026
348.66497 1.91155
348.80052 1.83626
348.93395 1.74509
349.08418 1.62164
349.11099 1.74505
349.15327 1.83619
349.21356 1.91144
349.29182 1.97012
349.38721 2.01130
349.52421 1.96981
349.66156 1.91073
349.79746 1.83500
349.93123 1.74330
350.08186 1.61914
350.10881 1.74276
350.15130 1.83396
350.21185 1.90917
350.29041 1.96771
350.38611 2.00864
350.52336 1.96658
350.66094 1.90687
350.79706 1.83044
350.93106 1.73796
351.08200 1.61276
351.10888 1.73673
351.15134 1.82809
351.21187 1.90334
351.29039 1.96183
351.38602 2.00263
351.52323 1.96008
351.66078 1.89981
351.79693 1.82276
351.93104 1.72957
352.08224 1.60338
352.10859 1.72811
352.15062 1.81996
352.21071 1.89562
352.28880 1.95442
352.38397 1.99548
352.52095 1.95280
352.65837 1.89234
352.79449 1.81501
352.92868 1.72143
353.08012 1.59461
353.10569 1.72039
353.14709 1.81303
353.20658 1.88937
353.28411 1.94879
353.37877 1.99042
353.51563 1.94794
353.65303 1.88760
353.78924 1.81029
353.92361 1.71660
354.07535 1.58950
354.10030 1.71627
354.14124 1.80964
354.20036 1.88664
354.27760 1.94665
354.37210 1.98878
354.50539 1.94789
354.63932 1.88996
354.77222 1.81582
354.92203 1.71198
355.07002 1.58777
355.09381 1.71198
355.13977 1.81582
355.19854 1.88996
355.27454 1.94789
355.36694 1.98878
355.50060 1.94775
355.63490 1.88959
355.76816 1.81514
355.91836 1.71083
356.06676 1.58604
356.09066 1.71050
356.13683 1.81446
356.19586 1.88860
356.27218 1.94643
356.36493 1.98713
356.49892 1.94560
356.63351 1.88688
356.76704 1.81178
356.91756 1.70665
357.06631 1.58089
357.09023 1.70563
357.13648 1.80971
357.19561 1.88382
357.27201 1.94154
357.36483 1.98203
357.49888 1.93995
357.63353 1.88061
357.76715 1.80485
357.91784 1.69883
358.06688 1.57200
358.09040 1.69738
358.13631 1.80191
358.19512 1.87630
358.27121 1.93421
358.36367 1.97483
358.49754 1.93249
358.63208 1.87283
358.76568 1.79667
358.91647 1.69006
359.06577 1.56244
359.08854 1.68885
359.13376 1.79420
359.19200 1.86921
359.26753 1.92766
359.35948 1.96877
359.49316 1.92656
359.62762 1.86695
359.76126 1.79073
359.91220 1.68392
360.06179 1.55591
360.08386 1.68338
360.12846 1.78963
360.18623 1.86534
360.26136 1.92441
360.35302 1.96609
360.48675 1.92411
360.62136 1.86464
360.75519 1.78846
360.88763 1.69608
361.03765 1.57057
361.05638 1.55333
361.07811 1.68153
361.11569 1.77618
361.17086 1.85466
361.24355 1.91653
361.33303 1.96102
361.34710 1.96591
361.48115 1.92392
361.61610 1.86434
361.75028 1.78796
361.88306 1.69529
362.03348 1.56932
362.05226 1.55202
362.07404 1.68056
362.11175 1.77540
362.16713 1.85398
362.24011 1.91584
362.32994 1.96023
362.34406 1.96510
362.47849 1.92270
362.61378 1.86263
362.74828 1.78569
362.88137 1.69236
363.03218 1.56553
363.05101 1.54810
363.07287 1.67689
363.11072 1.77181
363.16627 1.85035
363.23945 1.91208
363.32947 1.95624
363.34362 1.96106
363.47820 1.91808
363.61364 1.85736
363.74830 1.77970
363.88159 1.68556
364.03272 1.55763
364.05160 1.54005
364.07319 1.66938
364.11085 1.76461
364.16622 1.84334
364.23920 1.90516
364.32900 1.94933
364.34311 1.95416
364.47403 1.91216
364.60584 1.85327
364.73704 1.77821
364.88552 1.67316
365.03292 1.54734
365.05135 1.53008
365.07140 1.65725
365.11322 1.76348
365.16782 1.83955
365.23910 1.89948
365.32631 1.94260
365.33999 1.94734
365.47069 1.90536
365.60240 1.84641
365.73360 1.77120
365.88220 1.66584
366.02987 1.53951
366.04834 1.52217
366.06763 1.65046
366.10876 1.75762
366.16282 1.83440
366.23362 1.89497
366.32043 1.93867
366.33406 1.94349
366.46472 1.90175
366.59649 1.84295
366.72782 1.76779
366.87666 1.66236
367.02465 1.53579
367.04317 1.51841
367.06198 1.64757
367.10275 1.75546
367.15658 1.83279
367.22726 1.89383
367.31403 1.93792
367.32766 1.94279
367.45857 1.90115
367.59061 1.84235
367.72225 1.76710
367.87145 1.66145
368.01982 1.53455
368.03838 1.51712
368.05714 1.64672
368.09796 1.75494
368.15194 1.83245
368.22283 1.89359
368.30991 1.93769
368.32359 1.94255
368.45487 1.90062
368.58726 1.84146
368.71924 1.76575
368.86883 1.65949
369.01759 1.53184
369.03621 1.51431
369.05507 1.64415
369.09608 1.75246
369.15028 1.82994
369.22144 1.89095
369.30878 1.93481
369.32250 1.93964
369.45402 1.89715
369.58665 1.83736
369.71884 1.76095
369.86871 1.65378
370.01784 1.52505
370.03651 1.50736
370.05521 1.63765
370.09614 1.74620
370.15029 1.82377
370.22138 1.88477
370.30865 1.92855
370.32235 1.93335
370.45384 1.89038
370.58646 1.83005
370.71871 1.75303
370.86874 1.64502
371.01817 1.51524
371.03690 1.49740
371.05502 1.62858
371.09542 1.73778
371.14913 1.81580
371.21979 1.87716
371.30661 1.92123
371.32025 1.92607
371.45155 1.88298
371.58406 1.82246
371.71630 1.74517
371.86645 1.63670
372.01617 1.50622
372.03494 1.48828
372.05225 1.62063
372.09194 1.73078
372.14506 1.80951
372.21518 1.87150
372.30153 1.91615
372.31511 1.92107
372.44629 1.87818
372.57879 1.81778
372.71112 1.74049
372.86147 1.63189
373.01150 1.50111
373.03032 1.48311
373.04701 1.61648
373.08619 1.72749
373.13897 1.80687
373.20882 1.86943
373.29500 1.91456
373.30857 1.91955
373.43990 1.87684
373.57261 1.81652
373.70520 1.73923
373.85587 1.63049
374.00626 1.49944
374.02513 1.48139
374.04164 1.61536
374.08075 1.72682
374.13356 1.80650
374.20355 1.86928
374.28994 1.91455
374.30354 1.91954
374.43183 1.87800
374.56147 1.81964
374.70948 1.73309
374.85665 1.62578
375.00358 1.49712
375.02201 1.47945
375.03790 1.61053
375.07534 1.72009
375.13437 1.80886
375.20354 1.86923
375.28829 1.91286
375.30159 1.91769
375.43019 1.87565
375.56011 1.81672
375.70843 1.72943
375.85592 1.62126
376.00324 1.49158
376.02173 1.47377
376.03756 1.60522
376.07503 1.71495
376.13413 1.80374
376.20336 1.86403
376.28815 1.90749
376.30146 1.91229
376.43012 1.86971
376.56011 1.81018
376.70856 1.72212
376.85626 1.61302
377.00393 1.48220
377.02248 1.46422
377.03785 1.59646
377.07492 1.70674
377.13364 1.79591
377.20253 1.85644
377.28699 1.90007
377.30024 1.90489
377.42875 1.86207
377.55865 1.80222
377.70711 1.71369
377.85496 1.60398
378.00294 1.47230
378.02154 1.45419
378.03612 1.58758
378.07248 1.69878
378.13055 1.78871
378.19892 1.84981
378.28288 1.89395
378.29606 1.89884
378.42441 1.85614
378.55425 1.79633
378.70276 1.70774
378.85079 1.59779
378.99908 1.46568
379.01773 1.44750
379.03158 1.58203
379.06733 1.69416
379.12489 1.78490
379.19288 1.84662
379.27656 1.89131
379.28971 1.89627
379.41811 1.85380
379.54809 1.79412
379.69682 1.70556
379.84513 1.59552
379.99376 1.46316
380.01245 1.44493
380.02598 1.58021
380.06152 1.69293
380.11898 1.78416
380.18698 1.84621
380.27076 1.89116
380.28394 1.89614
380.41264 1.85364
380.54293 1.79385
380.69203 1.70504
380.84071 1.59464
380.98974 1.46179
381.00848 1.44350
381.02203 1.57911
381.05771 1.69205
381.11539 1.78336
381.18367 1.84539
381.26777 1.89022
381.28100 1.89518
381.41004 1.85227
381.54066 1.79198
381.67146 1.71488
381.82055 1.60644
381.96984 1.47559
382.00741 1.43912
382.02097 1.57505
382.05676 1.68812
382.11460 1.77941
382.18304 1.84132
382.26730 1.88593
382.28055 1.89086
382.40975 1.84736
382.54052 1.78643
382.67150 1.70861
382.82084 1.59921
382.97050 1.46719
383.00819 1.43038
383.02141 1.56700
383.05692 1.68051
383.11453 1.77207
383.18275 1.83410
383.26678 1.87877
383.27999 1.88370
383.40910 1.83983
383.53983 1.77846
383.67084 1.70011
383.82034 1.58995
383.97034 1.45692
384.00814 1.41980
384.02060 1.55756
384.05546 1.67194
384.11245 1.76419
384.18016 1.82673
384.26370 1.87183
384.27685 1.87681
384.42065 1.82682
384.56637 1.75508
384.71235 1.66221
384.85830 1.54816
385.00532 1.41160
385.01639 1.54744
385.04888 1.66077
385.10250 1.75289
385.17691 1.82386
385.27100 1.87306
385.41478 1.82332
385.56058 1.75172
385.70673 1.65886
385.85294 1.54468
386.00030 1.40783
386.01089 1.54457
386.04302 1.65863
386.09640 1.75137
386.17067 1.82285
386.26475 1.87246
386.39062 1.83023
386.53658 1.76130
386.68306 1.67095
386.82958 1.55923
386.97705 1.42497
386.99566 1.40647
387.00619 1.54366
387.03835 1.65804
387.09188 1.75098
387.16639 1.82255
387.24796 1.86716
387.26079 1.87213
387.38700 1.82961
387.53336 1.76025
387.68021 1.66936
387.82711 1.55698
387.97500 1.42191
387.99366 1.40329
388.00424 1.54077
388.03655 1.65528
388.09029 1.74820
388.16506 1.81962
388.24687 1.86402
388.25973 1.86895
388.38618 1.82587
388.53279 1.75578
388.67991 1.66407
388.82713 1.55072
388.97544 1.41445
388.99417 1.39567
389.00451 1.53372
389.03668 1.64857
389.09032 1.74166
389.16498 1.81311
389.24670 1.85746
389.25954 1.86237
389.38598 1.81882
389.53261 1.74811
389.67984 1.65566
389.82728 1.54140
389.97599 1.40395
389.99479 1.38498
390.00447 1.52411
390.03607 1.63973
390.08918 1.73341
390.16334 1.80533
390.24463 1.84999
390.25741 1.85495
390.38368 1.81128
390.53022 1.74036
390.67748 1.64756
390.82511 1.53277
390.97419 1.39452
390.99304 1.37543
391.00186 1.51587
391.03272 1.63253
391.08518 1.72707
391.15876 1.79973
391.23960 1.84496
391.25232 1.85000
391.37849 1.80653
391.52504 1.73573
391.67242 1.64291
391.82027 1.52795
391.96968 1.38931
391.98858 1.37016
391.99677 1.51169
392.02713 1.62923
392.07920 1.72450
392.15250 1.79779
392.23319 1.84350
392.24590 1.84860
392.37222 1.80529
392.50057 1.74463
392.64817 1.65452
392.79625 1.54222
392.94570 1.40641
392.98354 1.36842
392.99153 1.51056
393.02182 1.62854
393.07392 1.72415
393.13705 1.78970
393.21581 1.83801
393.24101 1.84858
393.36766 1.80510
393.49635 1.74417
393.64433 1.65367
393.79278 1.54085
393.94264 1.40438
393.98059 1.36621
393.98863 1.50865
394.01907 1.62678
394.07141 1.72241
394.13479 1.78787
394.21384 1.83600
394.23913 1.84650
394.38083 1.79632
394.52484 1.72441
394.66961 1.63126
394.81492 1.51661
394.96192 1.37889
394.98053 1.35989
394.98798 1.49964
395.01685 1.61597
395.06664 1.71068
395.13686 1.78411
395.22649 1.83587
395.23898 1.84079
395.38076 1.78999
395.52488 1.71738
395.66982 1.62340
395.81541 1.50775
395.96286 1.36874
395.98154 1.34955
395.98842 1.49027
396.01684 1.60728
396.06622 1.70246
396.13605 1.77623
396.22530 1.82823
396.23773 1.83317
396.37937 1.78210
396.52343 1.70912
396.66844 1.61463
396.81424 1.49828
396.96210 1.35826
396.98085 1.33891
396.98686 1.48098
397.01455 1.59902
397.06327 1.69503
397.13250 1.76950
397.22120 1.82211
397.23357 1.82712
397.37506 1.77618
397.51909 1.70322
397.66419 1.60861
397.81021 1.49197
397.95842 1.35143
397.97723 1.33199
397.98249 1.47531
398.00955 1.59433
398.05776 1.69118
398.12658 1.76636
398.21498 1.81959
398.22732 1.82467
398.36887 1.77396
398.51307 1.70112
398.65839 1.60652
398.80469 1.48974
398.95325 1.34890
398.97210 1.32941
398.97702 1.47350
399.00388 1.59312
399.05198 1.69044
399.12081 1.76599
399.20932 1.81948
399.22169 1.82458
399.36356 1.77382
399.50810 1.70081
399.65377 1.60592
399.80043 1.48875
399.94938 1.34737
399.96829 1.32781
399.97321 1.47225
400.00018 1.59209
400.04848 1.68950
400.11758 1.76503
400.20643 1.81838
400.21883 1.82346
400.36108 1.77221
400.50597 1.69861
400.65201 1.60302
400.79905 1.48501
400.94846 1.34258
400.96744 1.32287
400.97231 1.46772
400.99932 1.58776
401.04773 1.68521
401.11698 1.76064
401.20597 1.81378
401.21840 1.81882
401.36083 1.76690
401.50591 1.69255
401.65218 1.59608
401.79955 1.47700
401.94946 1.33320
401.96851 1.31328
401.97292 1.45903
401.99959 1.57964
402.04772 1.67745
402.11670 1.75309
402.20542 1.80633
402.21781 1.81138
402.36016 1.75905
402.50524 1.68417
402.65161 1.58703
402.79925 1.46708
402.94962 1.32205
402.96875 1.30194
402.97231 1.44906
402.99827 1.57067
403.04577 1.66926
403.11417 1.74554
403.20235 1.79931
403.21467 1.80442
403.35685 1.75210
403.50188 1.67712
403.64833 1.57974
403.79619 1.45934
403.94696 1.31358
403.96616 1.29335
403.96884 1.44188
403.99409 1.56459
404.04098 1.66409
404.10885 1.74114
404.19662 1.79558
404.20890 1.80077
404.34763 1.75020
404.48922 1.67792
404.63229 1.58418
404.77672 1.46844
404.92380 1.32869
404.96130 1.28952
404.96315 1.43578
404.98667 1.55716
405.03096 1.65621
405.09541 1.73376
405.17905 1.78970
405.20277 1.80025
405.34175 1.74975
405.48363 1.67743
405.62700 1.58353
405.77177 1.46753
405.91922 1.32737
405.95681 1.28807
405.95858 1.43480
405.98213 1.55649
406.02654 1.65574
406.09120 1.73338
406.17512 1.78930
406.19893 1.79983
406.33828 1.74897
406.48052 1.67619
406.62427 1.58172
406.76942 1.46502
406.91731 1.32399
406.95503 1.28443
406.95679 1.43153
406.98043 1.55339
407.02501 1.65267
407.08989 1.73020
407.17405 1.78590
407.19792 1.79636
407.33753 1.74485
407.48003 1.67133
407.62406 1.57600
407.76957 1.45826
407.91796 1.31591
407.95584 1.27596
407.95726 1.42382
407.98068 1.54615
408.02511 1.64569
408.08985 1.72333
408.17388 1.77902
408.19771 1.78946
408.33733 1.73742
408.47989 1.66326
408.62407 1.56716
408.76987 1.44843
408.91875 1.30474
408.95679 1.26437
408.95742 1.41357
408.98021 1.53683
409.02408 1.63706
409.08832 1.71523
409.17186 1.77135
409.19557 1.78188
409.33503 1.72972
409.47754 1.65532
409.62180 1.55883
409.76783 1.43951
409.91713 1.29490
409.95533 1.25423
409.95501 1.40496
409.97703 1.52938
410.02024 1.63054
410.08388 1.70950
410.16693 1.76630
410.19053 1.77699
410.32990 1.72503
410.47243 1.65073
410.61683 1.55420
410.76309 1.43467
410.91276 1.28962
410.95107 1.24879
410.95008 1.40071
410.97159 1.52605
411.01441 1.62797
411.07778 1.70756
411.16065 1.76489
411.18423 1.77570
411.32376 1.72390
411.46651 1.64965
411.61117 1.55306
411.75774 1.43334
411.90776 1.28796
411.94617 1.24701
411.94498 1.39955
411.96641 1.52534
412.00925 1.62758
412.07273 1.70740
412.15582 1.76483
412.17946 1.77565
412.31935 1.72363
412.46247 1.64905
412.60749 1.55202
412.75445 1.43174
412.90489 1.28562
412.94343 1.24445
412.94224 1.39735
412.96378 1.52333
413.00681 1.62561
413.07055 1.70534
413.15393 1.76258
413.17765 1.77333
413.31786 1.72071
413.46130 1.64543
413.60666 1.54757
413.75401 1.42629
413.90498 1.27889
413.94367 1.23733
413.94224 1.39090
413.96368 1.51724
414.00667 1.61969
414.07041 1.69944
414.15379 1.75657
414.17751 1.76727
414.31451 1.71553
414.45466 1.64205
414.59674 1.54691
414.74079 1.42932
414.88826 1.28683
414.94506 1.22598
414.94398 1.39455
414.96627 1.51663
415.00914 1.61582
415.07179 1.69322
415.15317 1.74893
415.17625 1.75943
415.31313 1.70741
415.45325 1.63355
415.59544 1.53788
415.73973 1.41955
415.88766 1.27595
415.94472 1.21454
415.94255 1.38490
415.96406 1.50813
416.00626 1.60823
416.06832 1.68637
416.14916 1.74272
416.17212 1.75336
416.30887 1.70147
416.44898 1.62763
416.59126 1.53183
416.73578 1.41319
416.88409 1.26902
416.94134 1.20729
416.93826 1.37921
416.95916 1.50347
417.00085 1.60442
417.06251 1.68329
417.14306 1.74025
417.16596 1.75103
417.30278 1.69936
417.44304 1.62563
417.58554 1.52982
417.73033 1.41103
417.87898 1.26656
417.93637 1.20466
417.93184 1.36009
417.94984 1.48805
417.98888 1.59228
418.04809 1.67425
418.12644 1.73421
418.16045 1.75098
418.29758 1.69923
418.43816 1.62532
418.58099 1.52922
418.72614 1.41002
418.87518 1.26499
418.93274 1.20282
418.92818 1.35865
418.94626 1.48684
418.98546 1.59118
419.04491 1.67314
419.12356 1.73298
419.15770 1.74967
419.29518 1.69742
419.43612 1.62290
419.57931 1.52609
419.72485 1.40601
419.87439 1.25985
419.93219 1.19717
419.92748 1.35356
419.94554 1.48205
419.98480 1.58649
420.04435 1.66841
420.12312 1.72809
420.15730 1.74469
420.29496 1.69178
420.43610 1.61649
420.57956 1.51876
420.72548 1.39755
420.87558 1.24990
420.93368 1.18650
420.92835 1.34408
420.94598 1.47331
420.98490 1.57824
421.04415 1.66046
421.12264 1.72032
421.15671 1.73696
421.29431 1.68363
421.43548 1.60781
421.57907 1.50939
421.72530 1.38724
421.87595 1.23823
421.93434 1.17416
421.92800 1.33344
421.94485 1.46387
421.98310 1.56969
422.04176 1.65263
422.11970 1.71307
422.15358 1.72991
422.29104 1.67659
422.43217 1.60066
422.57587 1.50198
422.72234 1.37935
422.87344 1.22953
422.93206 1.16502
422.92475 1.32596
422.94084 1.45760
422.97847 1.56439
423.03661 1.64814
423.11413 1.70928
423.14787 1.72635
423.28533 1.67327
423.42655 1.59746
423.57041 1.49877
423.71714 1.37598
423.86859 1.22578
423.92739 1.16105
423.91953 1.32306
423.93525 1.45550
423.97263 1.56293
424.03062 1.64718
424.10811 1.70872
424.14187 1.72592
424.27638 1.67434
424.41456 1.60096
424.55532 1.50564
424.69876 1.38732
424.86544 1.22300
424.92306 1.15947
424.91565 1.33641
424.93295 1.46386
424.97094 1.56751
425.02865 1.64898
425.10500 1.70865
425.13814 1.72538
425.27301 1.67343
425.41155 1.59957
425.55267 1.50366
425.69650 1.38462
425.84472 1.23947
425.92156 1.15524
425.91405 1.33271
425.93140 1.46038
425.96953 1.56409
426.02741 1.64548
426.10398 1.70496
426.13719 1.72160
426.27232 1.66899
426.41112 1.59437
426.55255 1.49757
426.69679 1.37742
426.84557 1.23084
426.92280 1.14567
426.91475 1.32430
426.93180 1.45257
426.96972 1.55663
427.02744 1.63820
427.10384 1.69773
427.13700 1.71435
427.27214 1.66121
427.41104 1.58595
427.55265 1.48833
427.69722 1.36713
427.84658 1.21906
427.92425 1.13288
427.91511 1.31340
427.93146 1.44277
427.96878 1.54763
428.02597 1.62981
428.10188 1.68982
428.13486 1.70660
428.26988 1.65334
428.40875 1.57782
428.55046 1.47980
428.69530 1.35795
428.84516 1.20885
428.92320 1.12192
428.91285 1.30450
428.92838 1.43515
428.96502 1.54101
429.02163 1.62402
429.09705 1.68473
429.12987 1.70175
429.26481 1.64869
429.40371 1.57326
429.54557 1.47518
429.69065 1.35310
429.84088 1.20352
429.91918 1.11621
429.90802 1.30028
429.92304 1.43189
429.95930 1.53851
430.01563 1.62215
430.09089 1.68339
430.12367 1.70057
430.25877 1.64766
430.39788 1.57227
430.53999 1.47412
430.68536 1.35184
430.83594 1.20191
430.91444 1.11434
430.90304 1.29913
430.91797 1.43119
430.95425 1.53812
431.01070 1.62196
431.08615 1.68329
431.11903 1.70049
431.25447 1.64733
431.39393 1.57159
431.53639 1.47299
431.68215 1.35012
431.83317 1.19940
431.91195 1.11132
431.90048 1.29662
431.91549 1.42888
431.95194 1.53588
432.00861 1.61964
432.08432 1.68079
432.11730 1.69789
432.25306 1.64412
432.39284 1.56767
432.53566 1.46820
432.68185 1.34427
432.83345 1.19215
432.91263 1.10315
432.90073 1.28948
432.91556 1.42224
432.95191 1.52948
433.00854 1.61332
433.08422 1.67442
433.11719 1.69147
433.25306 1.63707
433.39299 1.55986
433.53606 1.45947
433.68265 1.33435
433.83491 1.18056
433.91458 1.09043
433.90164 1.27865
433.91584 1.41244
433.95167 1.52040
434.00785 1.60475
434.08312 1.66621
434.11594 1.68337
434.24864 1.63015
434.38536 1.55501
434.52521 1.45758
434.66852 1.33640
434.83638 1.16707
434.91475 1.07788
434.90045 1.26465
434.91267 1.39780
434.94581 1.50577
434.99857 1.59089
435.06978 1.65397
435.11185 1.67728
435.24444 1.62419
435.38116 1.54905
435.52112 1.45147
435.66467 1.32995
435.83301 1.15986
435.91170 1.07012
435.89637 1.25872
435.90794 1.39302
435.94056 1.50190
435.99291 1.58776
436.06382 1.65147
436.10578 1.67506
436.23844 1.62217
436.37530 1.54714
436.51547 1.44954
436.65929 1.32787
436.82800 1.15739
436.90692 1.06738
436.89115 1.25696
436.90250 1.39187
436.93502 1.50121
436.98736 1.58742
437.05836 1.65137
437.10039 1.67504
437.23334 1.62205
437.37051 1.54682
437.51101 1.44892
437.65517 1.32681
437.82435 1.15565
437.90351 1.06522
437.88766 1.25533
437.89907 1.39048
437.93173 1.49992
437.98429 1.58612
438.05556 1.64995
438.09774 1.67353
438.23104 1.62002
438.36856 1.54416
438.50942 1.44551
438.65401 1.32247
438.82383 1.14989
438.90338 1.05861
438.88721 1.24961
438.89853 1.38516
438.93120 1.49478
438.98382 1.58099
439.05517 1.64470
439.09739 1.66817
439.23088 1.61399
439.36863 1.53734
439.50979 1.43773
439.65481 1.31348
439.82540 1.13896
439.90548 1.04647
439.88837 1.23928
439.89915 1.37578
439.93142 1.48600
439.98371 1.57261
440.05475 1.63656
440.09682 1.66012
440.23028 1.60552
440.36808 1.52832
440.50942 1.42797
440.65480 1.30268
440.82616 1.12637
440.90678 1.03270
440.88827 1.22798
440.89817 1.36588
440.92973 1.47713
440.98140 1.56453
441.05190 1.62913
441.09373 1.65296
441.22706 1.59837
441.36485 1.52105
441.50631 1.42041
441.65197 1.29459
441.82392 1.11719
441.90495 1.02274
441.88517 1.22026
441.89428 1.35951
441.92520 1.47179
441.97635 1.56003
442.04643 1.62535
442.08809 1.64949
442.22142 1.59513
442.35930 1.51792
442.50093 1.41725
442.64685 1.29125
442.81922 1.11336
442.90051 1.01854
442.88006 1.21742
442.88879 1.35748
442.91946 1.47040
442.97048 1.55914
443.04052 1.62483
443.08220 1.64914
443.21575 1.59480
443.35390 1.51751
443.49582 1.41667
443.64206 1.29035
443.79503 1.13399
443.89638 1.01674
443.87577 1.21624
443.88450 1.35664
443.91528 1.46974
443.96647 1.55856
444.03676 1.62422
444.07858 1.64847
444.20953 1.59516
444.34489 1.51980
444.48389 1.42182
444.62699 1.29949
444.79562 1.12749
444.89527 1.01169
444.87451 1.20815
444.88473 1.36223
444.91627 1.47136
444.96733 1.55720
445.03666 1.62080
445.07771 1.64433
445.20891 1.59036
445.34456 1.51421
445.48390 1.41529
445.62744 1.29177
445.79685 1.11790
445.89716 1.00060
445.87558 1.19875
445.88534 1.35375
445.91660 1.46335
445.96745 1.54945
446.03659 1.61316
446.07755 1.63671
446.20880 1.58220
446.34456 1.50538
446.48413 1.40559
446.62808 1.28091
446.79830 1.10507
446.89937 0.98609
446.87636 1.18684
446.88518 1.34338
446.91579 1.45392
446.96608 1.54073
447.03472 1.60499
447.07545 1.62877
447.20658 1.57412
447.34235 1.49704
447.48206 1.39680
447.62632 1.27139
447.79722 1.09416
447.89893 0.97391
447.87443 1.17731
447.88223 1.33552
447.91213 1.44716
447.96184 1.53486
448.02999 1.59985
448.07051 1.62396
448.20159 1.56950
448.33739 1.49249
448.47724 1.39218
448.62176 1.26651
448.79313 1.08863
448.89524 0.96774
448.86980 1.17292
448.87699 1.33230
448.90651 1.44473
448.95595 1.53305
449.02394 1.59856
449.06441 1.62289
449.19564 1.56856
449.33164 1.49158
449.47173 1.39119
449.61654 1.26531
449.78830 1.08699
449.89070 0.96569
449.86496 1.17170
449.86983 1.31567
449.89677 1.43159
449.94389 1.52303
450.00981 1.59145
450.05989 1.62274
450.19144 1.56816
450.32779 1.49081
450.46823 1.38994
450.61343 1.26343
450.78574 1.08412
450.88855 0.96203
450.86262 1.16874
450.86752 1.31300
450.89457 1.42903
450.94187 1.52043
451.00802 1.58871
451.05826 1.61985
451.19013 1.56463
451.32680 1.48653
451.46763 1.38476
451.61330 1.25710
451.78640 1.07595
451.88989 0.95236
451.86325 1.16064
451.86784 1.30563
451.89472 1.42204
451.94192 1.51363
452.00800 1.58192
452.05820 1.61302
452.19020 1.55716
452.32706 1.47828
452.46818 1.37551
452.61432 1.24654
452.78836 1.06317
452.89272 0.93764
452.86463 1.14865
452.86842 1.29501
452.89470 1.41234
452.94140 1.50457
453.00704 1.57332
453.05699 1.60464
453.18891 1.54849
453.32581 1.46918
453.46712 1.36577
453.61365 1.23583
453.78852 1.05063
453.89371 0.92341
453.86389 1.13753
453.86666 1.28557
453.89216 1.40411
453.93821 1.49727
454.00330 1.56679
454.05294 1.59852
454.18191 1.54392
454.31577 1.46701
454.45396 1.36694
454.61555 1.22376
454.78759 1.04050
454.89115 0.91482
454.86031 1.12730
454.86323 1.29088
454.88905 1.40610
454.93460 1.49697
454.99843 1.56510
455.04695 1.59641
455.17599 1.54200
455.31000 1.46518
455.44838 1.36508
455.61027 1.22170
455.78271 1.03798
455.88659 0.91185
455.85525 1.12547
455.85791 1.28977
455.88362 1.40545
455.92916 1.49665
455.99307 1.56500
456.04168 1.59640
456.17100 1.54188
456.30530 1.46484
456.44401 1.36441
456.60629 1.22051
456.77923 1.03600
456.88348 0.90920
456.85195 1.12352
456.85464 1.28814
456.88047 1.40394
456.92620 1.49514
456.99036 1.56338
457.03914 1.59465
457.16880 1.53959
457.30345 1.46190
457.44255 1.36068
457.58685 1.23354
457.75898 1.05261
457.88399 0.90119
457.85187 1.11692
457.85433 1.28220
457.88011 1.39826
457.92585 1.48954
457.99006 1.55772
458.03887 1.58889
458.16874 1.53313
458.30364 1.45462
458.44307 1.35237
458.58788 1.22389
458.76096 1.04070
458.88708 0.88684
458.85355 1.10532
458.85522 1.27203
458.88051 1.38888
458.92586 1.48066
458.98973 1.54916
459.03835 1.58047
459.16821 1.52429
459.30320 1.44519
459.44286 1.34214
459.58811 1.21249
459.76213 1.02718
459.88942 0.87087
459.85396 1.09288
459.85446 1.26157
459.87897 1.37961
459.92367 1.47229
459.98698 1.54151
460.03530 1.57319
460.16505 1.51701
460.30006 1.43777
460.43987 1.33438
460.58545 1.20412
460.76017 1.01750
460.88831 0.85954
460.85122 1.08457
460.85070 1.25504
460.87455 1.37420
460.91873 1.46777
460.98162 1.53773
461.02973 1.56981
461.15949 1.51384
461.29459 1.43470
461.43457 1.33127
461.58041 1.20080
461.75557 1.01361
461.88420 0.85490
461.84629 1.08160
461.84531 1.25307
461.86892 1.37287
461.91296 1.46693
461.97582 1.53726
462.02394 1.56953
462.15392 1.51356
462.28927 1.43433
462.42954 1.33071
462.57569 1.19991
462.75130 1.01212
462.88034 0.85275
462.84217 1.08023
462.84117 1.25210
462.86486 1.37209
462.90907 1.46622
462.97215 1.53651
463.02045 1.56871
463.15077 1.51231
463.28648 1.43254
463.42713 1.32824
463.57374 1.19656
463.75004 1.00735
463.87982 0.84645
463.84116 1.07520
463.84004 1.24762
463.86375 1.36780
463.90806 1.46195
463.97128 1.53213
464.01968 1.56418
464.14749 1.50851
464.28052 1.43031
464.41836 1.32848
464.58039 1.18224
464.75440 0.99346
464.88279 0.83300
464.84316 1.06038
464.84041 1.23189
464.86618 1.36494
464.91015 1.45642
464.97225 1.52479
465.01958 1.55614
465.14746 1.49991
465.28065 1.42100
465.41877 1.31823
465.58138 1.17046
465.75650 0.97917
465.88630 0.81572
465.84456 1.04706
465.84062 1.22064
465.86554 1.35499
465.90891 1.44731
465.97049 1.51630
466.01753 1.54797
466.14533 1.49161
466.27854 1.41240
466.41684 1.30912
466.57990 1.16038
466.75592 0.96726
466.88689 0.80148
466.84310 1.03663
466.83796 1.21228
466.86203 1.34805
466.90479 1.44132
466.96587 1.51110
467.01265 1.54319
467.14040 1.48700
467.27367 1.40785
467.41212 1.30447
467.57550 1.15537
467.75208 0.96139
467.88373 0.79444
467.83872 1.03196
467.83288 1.20896
467.85650 1.34566
467.89900 1.43957
467.95992 1.50986
468.00664 1.54223
468.13454 1.48615
468.26800 1.40702
468.40668 1.30354
468.57038 1.15416
468.74739 0.95967
468.87945 0.79207
468.83404 1.03061
468.82807 1.20817
468.85169 1.34521
468.89429 1.43929
468.95538 1.50966
469.00224 1.54201
469.13045 1.48565
469.26424 1.40613
469.40329 1.30214
469.56746 1.15198
469.74510 0.95628
469.87784 0.78736
469.83201 1.02704
469.82597 1.20507
469.84573 1.32875
469.88604 1.42592
469.94510 1.49906
470.00072 1.53878
470.12925 1.48177
470.26339 1.40145
470.40285 1.29649
470.56764 1.14485
470.74631 0.94686
470.88031 0.77525
470.83320 1.01763
470.82660 1.19686
470.84609 1.32110
470.88625 1.41855
470.94520 1.49178
471.00076 1.53149
471.12943 1.47381
471.26380 1.39267
471.40360 1.28663
471.56907 1.13327
471.74902 0.93239
471.88471 0.75719
471.83529 1.00400
471.82751 1.18535
471.84629 1.31074
471.88588 1.40898
471.94436 1.48277
471.99960 1.52279
472.12824 1.46481
472.26268 1.38320
472.40273 1.27644
472.56875 1.12176
472.74986 0.91844
472.88716 0.73998
472.83516 0.99161
472.82601 1.17538
472.84392 1.30216
472.88283 1.40145
472.94074 1.47607
472.99561 1.51662
473.12417 1.45874
473.25865 1.37709
473.39886 1.27010
473.56527 1.11482
473.74714 0.91018
473.88546 0.72982
473.83168 0.98485
473.82157 1.17038
473.83891 1.29824
473.87739 1.39835
473.93499 1.47365
473.98970 1.51462
474.11565 1.45833
474.24735 1.37915
474.40217 1.26085
474.56598 1.10672
474.74507 0.90429
474.88125 0.72635
474.82738 0.97853
474.81613 1.16261
474.83521 1.30393
474.87994 1.41159
474.93908 1.48208
474.98454 1.51462
475.11076 1.45819
475.24275 1.37877
475.39793 1.26007
475.56215 1.10534
475.74181 0.90194
475.87860 0.72287
475.82435 0.97612
475.81304 1.16065
475.83222 1.30215
475.87097 1.39938
475.92814 1.47265
475.98213 1.51261
476.10868 1.45561
476.24104 1.37550
476.39669 1.25581
476.56153 1.09973
476.74219 0.89417
476.88026 0.71244
476.82481 0.96828
476.81308 1.15386
476.83208 1.29585
476.87078 1.39325
476.92796 1.46651
476.98197 1.50638
477.10875 1.44867
477.24138 1.36768
477.39749 1.24671
477.56309 1.08877
477.74517 0.88004
477.88522 0.69414
477.82730 0.95485
477.81442 1.14255
477.83272 1.28572
477.87097 1.38378
477.92777 1.45747
477.98153 1.49756
478.10833 1.43939
478.24109 1.35777
478.39755 1.23576
478.56384 1.07615
478.74738 0.86431
478.88957 0.67403
478.82850 0.94072
478.81410 1.13113
478.83139 1.27596
478.86894 1.37505
478.92516 1.44955
478.97853 1.49013
479.10526 1.43195
479.23807 1.35015
479.39475 1.22768
479.56154 1.06713
479.74612 0.85329
479.88986 0.65999
479.82628 0.93149
479.81064 1.12416
479.82710 1.27043
479.86411 1.37048
479.91991 1.44575
479.97304 1.48682
480.09977 1.42884
480.23267 1.34713
480.37170 1.23992
480.53744 1.08379
480.71988 0.87649
480.88634 0.65439
480.82158 0.92828
480.80540 1.12212
480.82157 1.26915
480.85843 1.36969
480.91419 1.44533
480.96735 1.48660
481.09429 1.42861
481.22744 1.34679
481.36674 1.23937
481.53285 1.08282
481.71578 0.87479
481.88290 0.65152
481.81768 0.92660
481.80142 1.12095
481.81765 1.26821
481.85466 1.36882
481.91063 1.44442
481.96398 1.48560
482.09126 1.42716
482.22477 1.34476
482.36448 1.23660
482.53116 1.07893
482.71498 0.86907
482.88352 0.64291
482.81718 0.92048
482.80059 1.11573
482.81676 1.26337
482.85382 1.36407
482.90989 1.43960
482.96333 1.48064
483.09090 1.42146
483.22475 1.33816
483.36490 1.22886
483.53234 1.06936
483.71758 0.85638
483.88356 0.63512
483.81965 0.90785
483.80200 1.10518
483.81758 1.25388
483.85428 1.35513
483.91008 1.43096
483.96334 1.47213
484.08839 1.41377
484.23640 1.32018
484.39240 1.19425
484.55933 1.02921
484.74612 0.80741
484.87834 0.63512
484.82281 0.88778
484.80275 1.08588
484.81555 1.23533
484.85486 1.34860
484.91746 1.43072
484.96136 1.46370
485.08636 1.40519
485.23446 1.31120
485.39076 1.18453
485.55835 1.01812
485.74657 0.79344
485.87183 0.63512
485.82210 0.87590
485.80048 1.07682
485.81229 1.22798
485.85088 1.34246
485.91290 1.42551
485.95655 1.45893
486.08151 1.40059
486.22969 1.30662
486.38621 1.17976
486.55420 1.01280
486.74324 0.78675
486.86524 0.63512
486.81807 0.87073
486.79561 1.07332
486.80691 1.22553
486.84518 1.34076
486.90703 1.42439
486.95063 1.45807
487.07573 1.39982
487.22412 1.30585
487.38091 1.17883
487.54924 1.01152
487.73879 0.78474
487.85987 0.63512
487.81359 0.86916
487.79093 1.07242
487.80222 1.22499
487.84058 1.34042
487.89463 1.41629
487.94634 1.45777
488.07176 1.39920
488.20360 1.31680
488.35979 1.19307
488.52706 1.02992
488.71415 0.80998
488.85590 0.63512
488.81201 0.86467
488.78912 1.06871
488.80040 1.22158
488.83889 1.33706
488.89311 1.41283
488.94497 1.45415
489.07071 1.39490
489.20292 1.31165
489.35964 1.18669
489.52770 1.02175
489.71625 0.79865
489.85225 0.63512
489.81411 0.85326
489.79025 1.05929
489.80107 1.21311
489.83929 1.32906
489.89336 1.40500
489.94513 1.44635
490.07104 1.38639
490.20352 1.30225
490.36074 1.17589
490.52971 1.00879
490.72018 0.78154
490.84752 0.63512
490.81739 0.83707
490.79177 1.04637
490.80157 1.20193
490.83908 1.31896
490.89263 1.39557
490.94407 1.43728
491.06998 1.37699
491.20258 1.29232
491.36016 1.16499
491.52991 0.99616
491.72214 0.76529
491.84133 0.63512
491.81829 0.82260
491.79078 1.03538
491.79944 1.19290
491.83611 1.31126
491.88907 1.38876
491.94014 1.43103
492.06600 1.37083
492.19867 1.28609
492.35648 1.15841
492.52672 0.98876
492.72005 0.75589
492.83462 0.63512
492.81537 0.81488
492.78662 1.03002
492.79455 1.18892
492.83073 1.30827
492.88340 1.38644
492.93431 1.42913
493.06024 1.36910
493.19305 1.28441
493.35109 1.15664
493.52167 0.98667
493.71556 0.75298
493.82879 0.63512
493.81069 0.81270
493.78156 1.02881
493.78933 1.18828
493.82550 1.30798
493.87824 1.38636
493.92926 1.42913
494.06884 1.36135
494.21681 1.26322
494.37390 1.13107
494.54411 0.95607
494.73976 0.71380
494.82444 0.63512
494.80910 0.80454
494.77907 1.01917
494.78522 1.17797
494.81907 1.29778
494.87670 1.38515
494.92698 1.42681
495.06696 1.35834
495.21537 1.25934
495.37301 1.12602
495.54404 0.94927
495.74131 0.70359
495.82083 0.63512
495.81049 0.79472
495.77960 1.01122
495.78540 1.17083
495.81911 1.29100
495.87669 1.37845
495.92697 1.42006
496.06723 1.35072
496.21603 1.25059
496.37429 1.11569
496.54641 0.93642
496.74618 0.68545
496.81653 0.63512
496.81437 0.77828
496.78165 0.99830
496.78648 1.15964
496.81954 1.28081
496.87664 1.36889
496.92665 1.41077
497.06698 1.34087
497.21602 1.23988
497.37481 1.10363
497.54800 0.92198
497.75042 0.66554
497.81077 0.63512
497.81698 0.76126
497.78199 0.98551
497.78555 1.14905
497.81772 1.27164
497.87412 1.36073
497.92374 1.40315
498.06402 1.33320
498.21319 1.23191
498.37231 1.09499
498.54626 0.91191
498.75055 0.65183
498.80409 0.63512
498.81565 0.75035
498.77893 0.97786
498.78152 1.14318
498.81301 1.26698
498.86894 1.35699
498.91831 1.39991
499.05862 1.33016
499.20791 1.22891
499.36728 1.09182
499.54164 0.90822
499.74682 0.64665
499.79787 0.63512
499.81130 0.74666
499.77387 0.97569
499.77611 1.14186
499.80744 1.26623
499.86331 1.35664
499.91272 1.39975
500.05326 1.32996
500.20283 1.22854
500.36252 1.09113
500.53730 0.90696
500.74319 0.64419
500.79306 0.63512
500.80772 0.74447
500.77008 0.97422
500.77234 1.14070
500.80380 1.26517
500.85990 1.35554
500.90949 1.39854
501.05041 1.32819
501.20041 1.22604
501.36063 1.08761
501.53618 0.90189
501.74367 0.63587
501.78935 0.63512
501.80809 0.73651
501.76972 0.96797
501.77175 1.13512
501.80318 1.25983
501.85934 1.35019
501.90900 1.39308
502.03412 1.33128
502.18354 1.23169
502.34312 1.09611
502.51759 0.91411
502.72228 0.65517
502.78539 0.63512
502.81213 0.72052
502.77187 0.95570
502.77302 1.12450
502.80392 1.25011
502.85970 1.34095
502.90916 1.38402
503.03441 1.32157
503.18415 1.22097
503.34432 1.08382
503.51999 0.89913
503.72710 0.63512
503.78010 0.63512
503.81632 0.70133
503.77337 0.94159
503.77315 1.11280
503.80313 1.23986
503.85821 1.33170
503.90728 1.37528
504.04590 1.30474
504.19368 1.20283
504.35195 1.06486
504.52606 0.87933
504.72163 0.63512
504.77359 0.63512
504.81846 0.68098
504.77243 0.92373
504.76936 1.09633
504.79614 1.22493
504.84755 1.31885
504.90254 1.37051
505.27024 0.63512
505.27024 0.63512