# sss file
-1.57080 3.14159
-1.57080 3.14159
-1.07583 2.15166
-1.00910 2.03788
-0.91893 1.91489
-0.80931 1.78737
-0.69166 1.66781
-0.57387 1.56358
-0.46291 1.48100
-0.36075 1.42267
-0.27223 1.39260
-0.19763 1.39160
-0.13812 1.41972
-0.09324 1.47629
-0.06384 1.55738
-0.04928 1.66043
-0.04883 1.66845
-0.03322 1.78749
0.00124 1.89107
0.05572 1.97899
0.09621 2.02188
0.16485 2.10093
0.21943 2.19824
0.25858 2.31053
0.27879 2.43436
0.27498 2.54683
0.24866 2.64279
0.23979 2.66201
0.00950 3.12259
-1.78562 3.14159
-3.13209 3.12259
-2.90180 2.66201
-2.86984 2.56594
-2.86185 2.45278
-2.87884 2.32759
-2.91558 2.21344
-2.96807 2.11379
-3.03474 2.03194
-3.04538 2.02188
-3.11174 1.94327
-3.15750 1.84856
-3.18375 1.73839
-3.19042 1.66845
-3.20389 1.56411
-3.23284 1.48012
-3.27685 1.42211
-3.33551 1.39241
-3.40930 1.39178
-3.49710 1.42026
-3.59867 1.47716
-3.70925 1.55852
-3.82690 1.66180
-3.94469 1.78066
-4.05480 1.90775
-4.14582 2.03060
-4.21378 2.14446
-4.21742 2.15166
-4.70289 3.12259
-7.64859 3.14159
-6.29349 3.12294
-6.54823 2.68994
-6.68867 2.49958
-6.72605 2.45652
-6.64888 2.52350
-6.54297 2.58031
-6.40502 2.62425
-6.23594 2.65232
-6.04339 2.66201
-5.84115 2.65232
-5.64401 2.62425
-5.46213 2.58031
-5.29940 2.52350
-5.15525 2.45652
-5.10840 2.49438
-5.04389 2.52280
-4.96369 2.54025
-4.87193 2.54566
-4.77436 2.53866
-4.67705 2.51972
-4.58503 2.48999
-4.50154 2.45105
-4.42804 2.40457
-4.34577 2.33365
-4.27999 2.25551
-4.22838 2.17280
-4.21742 2.15166
-4.70289 3.12259
-7.80885 3.14159
-9.12767 3.12259
-8.64220 2.15166
-8.57547 2.03788
-8.48530 1.91489
-8.37568 1.78737
-8.25803 1.66781
-8.14024 1.56358
-8.02928 1.48100
-7.92712 1.42267
-7.83860 1.39260
-7.76400 1.39160
-7.70449 1.41972
-7.65961 1.47629
-7.63021 1.55738
-7.61565 1.66043
-7.61520 1.66845
-7.59959 1.78749
-7.56513 1.89107
-7.51065 1.97899
-7.47016 2.02188
-7.40152 2.10093
-7.34694 2.19824
-7.30779 2.31053
-7.28758 2.43436
-7.29139 2.54683
-7.31771 2.64279
-7.32658 2.66201
-7.55687 3.12259
-7.61191 3.14159
-10.69846 3.12259
-10.46817 2.66201
-10.43621 2.56594
-10.42822 2.45278
-10.44521 2.32759
-10.48195 2.21344
-10.53444 2.11379
-10.60111 2.03194
-10.61175 2.02188
-10.67811 1.94327
-10.72388 1.84856
-10.75012 1.73839
-10.75679 1.66845
-10.77026 1.56411
-10.79921 1.48012
-10.84322 1.42211
-10.90188 1.39241
-10.97567 1.39178
-11.06347 1.42026
-11.16504 1.47716
-11.27562 1.55852
-11.39327 1.66180
-11.51106 1.78066
-11.62117 1.90775
-11.71219 2.03060
-11.78015 2.14446
-11.78380 2.15166
-12.26926 3.12259
-8.83183 3.14159
-7.57668 3.12294
-7.83142 2.68994
-7.97186 2.49958
-8.00923 2.45652
-7.93207 2.52350
-7.82615 2.58031
-7.68821 2.62425
-7.51913 2.65232
-7.32658 2.66201
-7.12434 2.65232
-6.92719 2.62425
-6.74531 2.58031
-6.58259 2.52350
-6.43844 2.45652
-6.39158 2.49438
-6.32708 2.52280
-6.24687 2.54025
-6.15511 2.54566
-6.05755 2.53866
-5.96024 2.51972
-5.86822 2.48999
-5.78472 2.45105
-5.71123 2.40457
-5.62896 2.33365
-5.56318 2.25551
-5.51157 2.17280
-5.50061 2.15166
-5.98607 3.12259
-1.95383 3.14159
-4.12767 3.12259
-3.64220 2.15166
-3.57547 2.03788
-3.48530 1.91489
-3.37568 1.78737
-3.25803 1.66781
-3.14024 1.56358
-3.02928 1.48100
-2.92712 1.42267
-2.83860 1.39260
-2.76400 1.39160
-2.70449 1.41972
-2.65961 1.47629
-2.63021 1.55738
-2.61565 1.66043
-2.61520 1.66845
-2.59959 1.78749
-2.56513 1.89107
-2.51065 1.97899
-2.47016 2.02188
-2.40152 2.10093
-2.34694 2.19824
-2.30779 2.31053
-2.28758 2.43436
-2.29139 2.54683
-2.31771 2.64279
-2.32658 2.66201
-2.55687 3.12259
-0.83807 3.14159
0.58472 3.12259
0.81501 2.66201
0.84697 2.56594
0.85497 2.45278
0.83797 2.32759
0.80124 2.21344
0.74875 2.11379
0.68208 2.03194
0.67143 2.02188
0.60507 1.94327
0.55931 1.84856
0.53307 1.73839
0.52639 1.66845
0.51293 1.56411
0.48398 1.48012
0.43996 1.42211
0.38130 1.39241
0.30752 1.39178
0.21972 1.42026
0.11814 1.47716
0.00757 1.55852
-0.11008 1.66180
-0.22788 1.78066
-0.33799 1.90775
-0.42901 2.03060
-0.49696 2.14446
-0.50061 2.15166
-0.98607 3.12259
-1.30285 3.14159
-2.57668 3.12294
-2.83142 2.68994
-2.97186 2.49958
-3.00923 2.45652
-2.93207 2.52350
-2.82615 2.58031
-2.68821 2.62425
-2.51913 2.65232
-2.32658 2.66201
-2.12434 2.65232
-1.92719 2.62425
-1.74531 2.58031
-1.58259 2.52350
-1.43844 2.45652
-1.39158 2.49438
-1.32708 2.52280
-1.24687 2.54025
-1.15511 2.54566
-1.05755 2.53866
-0.96024 2.51972
-0.86822 2.48999
-0.78472 2.45105
-0.71123 2.40457
-0.62896 2.33365
-0.56318 2.25551
-0.51157 2.17280
-0.50061 2.15166
-0.98607 3.12259
-1.24971 3.14159
0.87233 3.12259
1.35780 2.15166
1.42453 2.03788
1.51470 1.91489
1.62432 1.78737
1.74197 1.66781
1.85976 1.56358
1.97072 1.48100
2.07288 1.42267
2.16140 1.39260
2.23600 1.39160
2.29551 1.41972
2.34039 1.47629
2.36979 1.55738
2.38435 1.66043
2.38480 1.66845
2.40041 1.78749
2.43487 1.89107
2.48935 1.97899
2.52984 2.02188
2.59848 2.10093
2.65306 2.19824
2.69221 2.31053
2.71242 2.43436
2.70861 2.54683
2.68229 2.64279
2.67342 2.66201
2.44313 3.12259
-1.50997 3.14159
-0.69846 3.12259
-0.46817 2.66201
-0.43621 2.56594
-0.42822 2.45278
-0.44521 2.32759
-0.48195 2.21344
-0.53444 2.11379
-0.60111 2.03194
-0.61175 2.02188
-0.67811 1.94327
-0.72388 1.84856
-0.75012 1.73839
-0.75679 1.66845
-0.77026 1.56411
-0.79921 1.48012
-0.84322 1.42211
-0.90188 1.39241
-0.97567 1.39178
-1.06347 1.42026
-1.16504 1.47716
-1.27562 1.55852
-1.39327 1.66180
-1.51106 1.78066
-1.62117 1.90775
-1.71219 2.03060
-1.78015 2.14446
-1.78380 2.15166
-2.26926 3.12259
1.35945 3.14159
2.42332 3.12294
2.16858 2.68994
2.02814 2.49958
1.99077 2.45652
2.06793 2.52350
2.17385 2.58031
2.31179 2.62425
2.48087 2.65232
2.67342 2.66201
2.87566 2.65232
3.07281 2.62425
3.25469 2.58031
3.41741 2.52350
3.56156 2.45652
3.60842 2.49438
3.67292 2.52280
3.75313 2.54025
3.84489 2.54566
3.94245 2.53866
4.03976 2.51972
4.13178 2.48999
4.21528 2.45105
4.28877 2.40457
4.37104 2.33365
4.43682 2.25551
4.48843 2.17280
4.49939 2.15166
4.01393 3.12259
7.49507 3.14159
5.87233 3.12259
6.35780 2.15166
6.42453 2.03788
6.51470 1.91489
6.62432 1.78737
6.74197 1.66781
6.85976 1.56358
6.97072 1.48100
7.07288 1.42267
7.16140 1.39260
7.23600 1.39160
7.29551 1.41972
7.34039 1.47629
7.36979 1.55738
7.38435 1.66043
7.38480 1.66845
7.40041 1.78749
7.43487 1.89107
7.48935 1.97899
7.52984 2.02188
7.59848 2.10093
7.65306 2.19824
7.69221 2.31053
7.71242 2.43436
7.70861 2.54683
7.68229 2.64279
7.67342 2.66201
7.44313 3.12259
8.47887 3.14159
10.58472 3.12259
10.81501 2.66201
10.84697 2.56594
10.85497 2.45278
10.83797 2.32759
10.80124 2.21344
10.74875 2.11379
10.68208 2.03194
10.67143 2.02188
10.60507 1.94327
10.55931 1.84856
10.53307 1.73839
10.52639 1.66845
10.51293 1.56411
10.48398 1.48012
10.43996 1.42211
10.38130 1.39241
10.30752 1.39178
10.21972 1.42026
10.11814 1.47716
10.00757 1.55852
9.88992 1.66180
9.77212 1.78066
9.66201 1.90775
9.57099 2.03060
9.50304 2.14446
9.49939 2.15166
9.01393 3.12259
8.24014 3.14159
7.42332 3.12294
7.16858 2.68994
7.02814 2.49958
6.99077 2.45652
7.06793 2.52350
7.17385 2.58031
7.31179 2.62425
7.48087 2.65232
7.67342 2.66201
7.87566 2.65232
8.07281 2.62425
8.25469 2.58031
8.41741 2.52350
8.56156 2.45652
8.60842 2.49438
8.67292 2.52280
8.75313 2.54025
8.84489 2.54566
8.94245 2.53866
9.03976 2.51972
9.13178 2.48999
9.21528 2.45105
9.28877 2.40457
9.37104 2.33365
9.43682 2.25551
9.48843 2.17280
9.49939 2.15166
9.01393 3.12259
8.30317 3.14159
10.87233 3.12259
11.35780 2.15166
11.42453 2.03788
11.51470 1.91489
11.62432 1.78737
11.74197 1.66781
11.85976 1.56358
11.97072 1.48100
12.07288 1.42267
12.16140 1.39260
12.23600 1.39160
12.29551 1.41972
12.34039 1.47629
12.36979 1.55738
12.38435 1.66043
12.38480 1.66845
12.40041 1.78749
12.43487 1.89107
12.48935 1.97899
12.52984 2.02188
12.59848 2.10093
12.65306 2.19824
12.69221 2.31053
12.71242 2.43436
12.70861 2.54683
12.68229 2.64279
12.67342 2.66201
12.44313 3.12259
7.90682 3.14159
9.30154 3.12259
9.53183 2.66201
9.56379 2.56594
9.57178 2.45278
9.55479 2.32759
9.51805 2.21344
9.46556 2.11379
9.39889 2.03194
9.38825 2.02188
9.32189 1.94327
9.27612 1.84856
9.24988 1.73839
9.24321 1.66845
9.22974 1.56411
9.20079 1.48012
9.15678 1.42211
9.09812 1.39241
9.02433 1.39178
8.93653 1.42026
8.83496 1.47716
8.72438 1.55852
8.60673 1.66180
8.48894 1.78066
8.37883 1.90775
8.28781 2.03060
8.21985 2.14446
8.21620 2.15166
7.73074 3.12259
7.74894 3.14159
6.14014 3.12294
5.88540 2.68994
5.74496 2.49958
5.70758 2.45652
5.78475 2.52350
5.89066 2.58031
6.02861 2.62425
6.19768 2.65232
6.39024 2.66201
6.59248 2.65232
6.78962 2.62425
6.97150 2.58031
7.13423 2.52350
7.27838 2.45652
7.32523 2.49438
7.38974 2.52280
7.46994 2.54025
7.56170 2.54566
7.65927 2.53866
7.75658 2.51972
7.84860 2.48999
7.93209 2.45105
8.00559 2.40457
8.08786 2.33365
8.15364 2.25551
8.20525 2.17280
8.21620 2.15166
7.73074 3.12259
7.73375 3.14159
9.58915 3.12259
10.07461 2.15166
10.14135 2.03788
10.23152 1.91489
10.34114 1.78737
10.45879 1.66781
10.57658 1.56358
10.68753 1.48100
10.78969 1.42267
10.87821 1.39260
10.95282 1.39160
11.01233 1.41972
11.05720 1.47629
11.08660 1.55738
11.10116 1.66043
11.10162 1.66845
11.11722 1.78749
11.15168 1.89107
11.20616 1.97899
11.24665 2.02188
11.31530 2.10093
11.36987 2.19824
11.40902 2.31053
11.42924 2.43436
11.42543 2.54683
11.39910 2.64279
11.39024 2.66201
11.15994 3.12259
7.88602 3.14159
8.04686 3.06557
8.24864 2.66201
8.28060 2.56594
8.28860 2.45278
8.27160 2.32759
8.23487 2.21344
8.18238 2.11379
8.11571 2.03194
8.10506 2.02188
8.03870 1.94327
7.99294 1.84856
7.96670 1.73839
7.96002 1.66845
7.94656 1.56411
7.91761 1.48012
7.87359 1.42211
7.81493 1.39241
7.74115 1.39178
7.65335 1.42026
7.55177 1.47716
7.44120 1.55852
7.32355 1.66180
7.20575 1.78066
7.09564 1.90775
7.00462 2.03060
6.93666 2.14446
6.93302 2.15166
6.44756 3.12259
7.93469 3.14159
4.85695 3.12294
4.60221 2.68994
4.46177 2.49958
4.42440 2.45652
4.50156 2.52350
4.60748 2.58031
4.74542 2.62425
4.91450 2.65232
5.10705 2.66201
5.30929 2.65232
5.50644 2.62425
5.68832 2.58031
5.85104 2.52350
5.99519 2.45652
6.04205 2.49438
6.10655 2.52280
6.18676 2.54025
6.27852 2.54566
6.37608 2.53866
6.47339 2.51972
6.56541 2.48999
6.64891 2.45105
6.72240 2.40457
6.80467 2.33365
6.87045 2.25551
6.92206 2.17280
6.93302 2.15166
6.44756 3.12259
7.96664 3.14159
8.30596 3.12259
8.79143 2.15166
8.85816 2.03788
8.94833 1.91489
9.05795 1.78737
9.17560 1.66781
9.29339 1.56358
9.40435 1.48100
9.50651 1.42267
9.59503 1.39260
9.66963 1.39160
9.72914 1.41972
9.77402 1.47629
9.80342 1.55738
9.81798 1.66043
9.81843 1.66845
9.83404 1.78749
9.86850 1.89107
9.92298 1.97899
9.96347 2.02188
10.03211 2.10093
10.08669 2.19824
10.12584 2.31053
10.14605 2.43436
10.14224 2.54683
10.11592 2.64279
10.10705 2.66201
9.87676 3.12259
14.04783 3.14159
13.01835 3.12259
13.24864 2.66201
13.28060 2.56594
13.28860 2.45278
13.27160 2.32759
13.23487 2.21344
13.18238 2.11379
13.11571 2.03194
13.10506 2.02188
13.03870 1.94327
12.99294 1.84856
12.96670 1.73839
12.96002 1.66845
12.94656 1.56411
12.91761 1.48012
12.87359 1.42211
12.81493 1.39241
12.74115 1.39178
12.65335 1.42026
12.55177 1.47716
12.44120 1.55852
12.32355 1.66180
12.20575 1.78066
12.09564 1.90775
12.00462 2.03060
11.93666 2.14446
11.93302 2.15166
11.44756 3.12259
14.01446 3.14159
16.14014 3.12294
15.88540 2.68994
15.74496 2.49958
15.70758 2.45652
15.78475 2.52350
15.89066 2.58031
16.02861 2.62425
16.19768 2.65232
16.39024 2.66201
16.59248 2.65232
16.78962 2.62425
16.97150 2.58031
17.13423 2.52350
17.27838 2.45652
17.32523 2.49438
17.38974 2.52280
17.46994 2.54025
17.56170 2.54566
17.65927 2.53866
17.75658 2.51972
17.84860 2.48999
17.93209 2.45105
18.00559 2.40457
18.08786 2.33365
18.15364 2.25551
18.20525 2.17280
18.21620 2.15166
17.73074 3.12259
20.20463 3.14159
19.58915 3.12259
20.07461 2.15166
20.14135 2.03788
20.23152 1.91489
20.34114 1.78737
20.45879 1.66781
20.57658 1.56358
20.68753 1.48100
20.78969 1.42267
20.87821 1.39260
20.95282 1.39160
21.01233 1.41972
21.05720 1.47629
21.08660 1.55738
21.10116 1.66043
21.10162 1.66845
21.11722 1.78749
21.15168 1.89107
21.20616 1.97899
21.24665 2.02188
21.31530 2.10093
21.36987 2.19824
21.40902 2.31053
21.42924 2.43436
21.42543 2.54683
21.39910 2.64279
21.39024 2.66201
21.15994 3.12259
20.15868 3.14159
18.01835 3.12259
18.24864 2.66201
18.28060 2.56594
18.28860 2.45278
18.27160 2.32759
18.23487 2.21344
18.18238 2.11379
18.11571 2.03194
18.10506 2.02188
18.03870 1.94327
17.99294 1.84856
17.96670 1.73839
17.96002 1.66845
17.94656 1.56411
17.91761 1.48012
17.87359 1.42211
17.81493 1.39241
17.74115 1.39178
17.65335 1.42026
17.55177 1.47716
17.44120 1.55852
17.32355 1.66180
17.20575 1.78066
17.09564 1.90775
17.00462 2.03060
16.93666 2.14446
16.93302 2.15166
16.44756 3.12259
20.08126 3.14159
21.14014 3.12294
20.88540 2.68994
20.74496 2.49958
20.70758 2.45652
20.78475 2.52350
20.89066 2.58031
21.02861 2.62425
21.19768 2.65232
21.39024 2.66201
21.59248 2.65232
21.78962 2.62425
21.97150 2.58031
22.13423 2.52350
22.27838 2.45652
22.32523 2.49438
22.38974 2.52280
22.46994 2.54025
22.56170 2.54566
22.65927 2.53866
22.75658 2.51972
22.84860 2.48999
22.93209 2.45105
23.00559 2.40457
23.08786 2.33365
23.15364 2.25551
23.20525 2.17280
23.21620 2.15166
22.73074 3.12259
26.11050 3.14159
24.58915 3.12259
25.07461 2.15166
25.14135 2.03788
25.23152 1.91489
25.34114 1.78737
25.45879 1.66781
25.57658 1.56358
25.68753 1.48100
25.78969 1.42267
25.87821 1.39260
25.95282 1.39160
26.01233 1.41972
26.05720 1.47629
26.08660 1.55738
26.10116 1.66043
26.10162 1.66845
26.11722 1.78749
26.15168 1.89107
26.20616 1.97899
26.24665 2.02188
26.31530 2.10093
26.36987 2.19824
26.40902 2.31053
26.42924 2.43436
26.42543 2.54683
26.39910 2.64279
26.39024 2.66201
26.15994 3.12259
26.02363 3.14159
29.30154 3.12259
29.53183 2.66201
29.56379 2.56594
29.57178 2.45278
29.55479 2.32759
29.51805 2.21344
29.46556 2.11379
29.39889 2.03194
29.38825 2.02188
29.32189 1.94327
29.27612 1.84856
29.24988 1.73839
29.24321 1.66845
29.22974 1.56411
29.20079 1.48012
29.15678 1.42211
29.09812 1.39241
29.02433 1.39178
28.93653 1.42026
28.83496 1.47716
28.72438 1.55852
28.60673 1.66180
28.48894 1.78066
28.37883 1.90775
28.28781 2.03060
28.21985 2.14446
28.21620 2.15166
27.73074 3.12259
25.94755 3.14159
26.12982 3.10429
25.87417 2.67313
25.73261 2.48500
25.70758 2.45652
25.78475 2.52350
25.89066 2.58031
26.02861 2.62425
26.19768 2.65232
26.39024 2.66201
26.59248 2.65232
26.78962 2.62425
26.97150 2.58031
27.13423 2.52350
27.27838 2.45652
27.32523 2.49438
27.38974 2.52280
27.46994 2.54025
27.56170 2.54566
27.65927 2.53866
27.75658 2.51972
27.84860 2.48999
27.93209 2.45105
28.00559 2.40457
28.08786 2.33365
28.15364 2.25551
28.20525 2.17280
28.21620 2.15166
27.73074 3.12259
25.82664 3.14159
29.58915 3.12259
30.07461 2.15166
30.14135 2.03788
30.23152 1.91489
30.34114 1.78737
30.45879 1.66781
30.57658 1.56358
30.68753 1.48100
30.78969 1.42267
30.87821 1.39260
30.95282 1.39160
31.01233 1.41972
31.05720 1.47629
31.08660 1.55738
31.10116 1.66043
31.10162 1.66845
31.11722 1.78749
31.15168 1.89107
31.20616 1.97899
31.24665 2.02188
31.31530 2.10093
31.36987 2.19824
31.40902 2.31053
31.42924 2.43436
31.42543 2.54683
31.39910 2.64279
31.39024 2.66201
31.15994 3.12259
31.78478 3.14159
34.30154 3.12259
34.53183 2.66201
34.56379 2.56594
34.57178 2.45278
34.55479 2.32759
34.51805 2.21344
34.46556 2.11379
34.39889 2.03194
34.38825 2.02188
34.32189 1.94327
34.27612 1.84856
34.24988 1.73839
34.24321 1.66845
34.22974 1.56411
34.20079 1.48012
34.15678 1.42211
34.09812 1.39241
34.02433 1.39178
33.93653 1.42026
33.83496 1.47716
33.72438 1.55852
33.60673 1.66180
33.48894 1.78066
33.37883 1.90775
33.28781 2.03060
33.21985 2.14446
33.21620 2.15166
32.73074 3.12259
31.84684 3.14159
31.14014 3.12294
30.88540 2.68994
30.74496 2.49958
30.70758 2.45652
30.78475 2.52350
30.89066 2.58031
31.02861 2.62425
31.19768 2.65232
31.39024 2.66201
31.59248 2.65232
31.78962 2.62425
31.97150 2.58031
32.13423 2.52350
32.27838 2.45652
32.32523 2.49438
32.38974 2.52280
32.46994 2.54025
32.56170 2.54566
32.65927 2.53866
32.75658 2.51972
32.84860 2.48999
32.93209 2.45105
33.00559 2.40457
33.08786 2.33365
33.15364 2.25551
33.20525 2.17280
33.21620 2.15166
32.73074 3.12259
32.27334 3.14159
34.58915 3.12259
35.07461 2.15166
35.14135 2.03788
35.23152 1.91489
35.34114 1.78737
35.45879 1.66781
35.57658 1.56358
35.68753 1.48100
35.78969 1.42267
35.87821 1.39260
35.95282 1.39160
36.01233 1.41972
36.05720 1.47629
36.08660 1.55738
36.10116 1.66043
36.10162 1.66845
36.11722 1.78749
36.15168 1.89107
36.20616 1.97899
36.24665 2.02188
36.31530 2.10093
36.36987 2.19824
36.40902 2.31053
36.42924 2.43436
36.42543 2.54683
36.39910 2.64279
36.39024 2.66201
36.15994 3.12259
39.08298 3.14159
39.31104 3.10359
39.53183 2.66201
39.56379 2.56594
39.57178 2.45278
39.55479 2.32759
39.51805 2.21344
39.46556 2.11379
39.39889 2.03194
39.38825 2.02188
39.32189 1.94327
39.27612 1.84856
39.24988 1.73839
39.24321 1.66845
39.22974 1.56411
39.20079 1.48012
39.15678 1.42211
39.09812 1.39241
39.02433 1.39178
38.93653 1.42026
38.83496 1.47716
38.72438 1.55852
38.60673 1.66180
38.48894 1.78066
38.37883 1.90775
38.28781 2.03060
38.21985 2.14446
38.21620 2.15166
37.73074 3.12259
39.17930 3.14159
36.14014 3.12294
35.88540 2.68994
35.74496 2.49958
35.70758 2.45652
35.78475 2.52350
35.89066 2.58031
36.02861 2.62425
36.19768 2.65232
36.39024 2.66201
36.59248 2.65232
36.78962 2.62425
36.97150 2.58031
37.13423 2.52350
37.27838 2.45652
37.32523 2.49438
37.38974 2.52280
37.46994 2.54025
37.56170 2.54566
37.65927 2.53866
37.75658 2.51972
37.84860 2.48999
37.93209 2.45105
38.00559 2.40457
38.08786 2.33365
38.15364 2.25551
38.20525 2.17280
38.21620 2.15166
37.73074 3.12259
39.22505 3.14159
39.58915 3.12259
40.07461 2.15166
40.14135 2.03788
40.23152 1.91489
40.34114 1.78737
40.45879 1.66781
40.57658 1.56358
40.68753 1.48100
40.78969 1.42267
40.87821 1.39260
40.95282 1.39160
41.01233 1.41972
41.05720 1.47629
41.08660 1.55738
41.10116 1.66043
41.10162 1.66845
41.11722 1.78749
41.15168 1.89107
41.20616 1.97899
41.24665 2.02188
41.31530 2.10093
41.36987 2.19824
41.40902 2.31053
41.42924 2.43436
41.42543 2.54683
41.39910 2.64279
41.39024 2.66201
41.15994 3.12259
45.27807 3.14159
44.30154 3.12259
44.53183 2.66201
44.56379 2.56594
44.57178 2.45278
44.55479 2.32759
44.51805 2.21344
44.46556 2.11379
44.39889 2.03194
44.38825 2.02188
44.32189 1.94327
44.27612 1.84856
44.24988 1.73839
44.24321 1.66845
44.22974 1.56411
44.20079 1.48012
44.15678 1.42211
44.09812 1.39241
44.02433 1.39178
43.93653 1.42026
43.83496 1.47716
43.72438 1.55852
43.60673 1.66180
43.48894 1.78066
43.37883 1.90775
43.28781 2.03060
43.21985 2.14446
43.21620 2.15166
42.73074 3.12259
44.99825 3.14159
47.42332 3.12294
47.16858 2.68994
47.02814 2.49958
46.99077 2.45652
47.06793 2.52350
47.17385 2.58031
47.31179 2.62425
47.48087 2.65232
47.67342 2.66201
47.87566 2.65232
48.07281 2.62425
48.25469 2.58031
48.41741 2.52350
48.56156 2.45652
48.60842 2.49438
48.67292 2.52280
48.75313 2.54025
48.84489 2.54566
48.94245 2.53866
49.03976 2.51972
49.13178 2.48999
49.21528 2.45105
49.28877 2.40457
49.37104 2.33365
49.43682 2.25551
49.48843 2.17280
49.49939 2.15166
49.01393 3.12259
51.19603 3.14159
50.87233 3.12259
51.35780 2.15166
51.42453 2.03788
51.51470 1.91489
51.62432 1.78737
51.74197 1.66781
51.85976 1.56358
51.97072 1.48100
52.07288 1.42267
52.16140 1.39260
52.23600 1.39160
52.29551 1.41972
52.34039 1.47629
52.36979 1.55738
52.38435 1.66043
52.38480 1.66845
52.40041 1.78749
52.43487 1.89107
52.48935 1.97899
52.52984 2.02188
52.59848 2.10093
52.65306 2.19824
52.69221 2.31053
52.71242 2.43436
52.70861 2.54683
52.68229 2.64279
52.67342 2.66201
52.44313 3.12259
51.10008 3.14159
49.30154 3.12259
49.53183 2.66201
49.56379 2.56594
49.57178 2.45278
49.55479 2.32759
49.51805 2.21344
49.46556 2.11379
49.39889 2.03194
49.38825 2.02188
49.32189 1.94327
49.27612 1.84856
49.24988 1.73839
49.24321 1.66845
49.22974 1.56411
49.20079 1.48012
49.15678 1.42211
49.09812 1.39241
49.02433 1.39178
48.93653 1.42026
48.83496 1.47716
48.72438 1.55852
48.60673 1.66180
48.48894 1.78066
48.37883 1.90775
48.28781 2.03060
48.21985 2.14446
48.21620 2.15166
47.73074 3.12259
50.94719 3.14159
52.42332 3.12294
52.16858 2.68994
52.02814 2.49958
51.99077 2.45652
52.06793 2.52350
52.17385 2.58031
52.31179 2.62425
52.48087 2.65232
52.67342 2.66201
52.87566 2.65232
53.07281 2.62425
53.25469 2.58031
53.41741 2.52350
53.56156 2.45652
53.60842 2.49438
53.67292 2.52280
53.75313 2.54025
53.84489 2.54566
53.94245 2.53866
54.03976 2.51972
54.13178 2.48999
54.21528 2.45105
54.28877 2.40457
54.37104 2.33365
54.43682 2.25551
54.48843 2.17280
54.49939 2.15166
54.01393 3.12259
56.96543 3.14159
55.87233 3.12259
56.35780 2.15166
56.42453 2.03788
56.51470 1.91489
56.62432 1.78737
56.74197 1.66781
56.85976 1.56358
56.97072 1.48100
57.07288 1.42267
57.16140 1.39260
57.23600 1.39160
57.29551 1.41972
57.34039 1.47629
57.36979 1.55738
57.38435 1.66043
57.38480 1.66845
57.40041 1.78749
57.43487 1.89107
57.48935 1.97899
57.52984 2.02188
57.59848 2.10093
57.65306 2.19824
57.69221 2.31053
57.71242 2.43436
57.70861 2.54683
57.68229 2.64279
57.67342 2.66201
57.44313 3.12259
56.79168 3.14159
60.58472 3.12259
60.81501 2.66201
60.84697 2.56594
60.85497 2.45278
60.83797 2.32759
60.80124 2.21344
60.74875 2.11379
60.68208 2.03194
60.67143 2.02188
60.60507 1.94327
60.55931 1.84856
60.53307 1.73839
60.52639 1.66845
60.51293 1.56411
60.48398 1.48012
60.43996 1.42211
60.38130 1.39241
60.30752 1.39178
60.21972 1.42026
60.11814 1.47716
60.00757 1.55852
59.88992 1.66180
59.77212 1.78066
59.66201 1.90775
59.57099 2.03060
59.50304 2.14446
59.49939 2.15166
59.01393 3.12259
56.61915 3.14159
57.42332 3.12294
57.16858 2.68994
57.02814 2.49958
56.99077 2.45652
57.06793 2.52350
57.17385 2.58031
57.31179 2.62425
57.48087 2.65232
57.67342 2.66201
57.87566 2.65232
58.07281 2.62425
58.25469 2.58031
58.41741 2.52350
58.56156 2.45652
58.60842 2.49438
58.67292 2.52280
58.75313 2.54025
58.84489 2.54566
58.94245 2.53866
59.03976 2.51972
59.13178 2.48999
59.21528 2.45105
59.28877 2.40457
59.37104 2.33365
59.43682 2.25551
59.48843 2.17280
59.49939 2.15166
59.01393 3.12259
56.46140 3.14159
54.58915 3.12259
55.07461 2.15166
55.14135 2.03788
55.23152 1.91489
55.34114 1.78737
55.45879 1.66781
55.57658 1.56358
55.68753 1.48100
55.78969 1.42267
55.87821 1.39260
55.95282 1.39160
56.01233 1.41972
56.05720 1.47629
56.08660 1.55738
56.10116 1.66043
56.10162 1.66845
56.11722 1.78749
56.15168 1.89107
56.20616 1.97899
56.24665 2.02188
56.31530 2.10093
56.36987 2.19824
56.40902 2.31053
56.42924 2.43436
56.42543 2.54683
56.39910 2.64279
56.39024 2.66201
56.15994 3.12259
56.19412 3.14159
53.01835 3.12259
53.24864 2.66201
53.28060 2.56594
53.28860 2.45278
53.27160 2.32759
53.23487 2.21344
53.18238 2.11379
53.11571 2.03194
53.10506 2.02188
53.03870 1.94327
52.99294 1.84856
52.96670 1.73839
52.96002 1.66845
52.94656 1.56411
52.91761 1.48012
52.87359 1.42211
52.81493 1.39241
52.74115 1.39178
52.65335 1.42026
52.55177 1.47716
52.44120 1.55852
52.32355 1.66180
52.20575 1.78066
52.09564 1.90775
52.00462 2.03060
51.93666 2.14446
51.93302 2.15166
51.44756 3.12259
49.68580 3.14159
49.83632 3.08566
49.59098 2.67313
49.44943 2.48500
49.42440 2.45652
49.50156 2.52350
49.60748 2.58031
49.74542 2.62425
49.91450 2.65232
50.10705 2.66201
50.30929 2.65232
50.50644 2.62425
50.68832 2.58031
50.85104 2.52350
50.99519 2.45652
51.04205 2.49438
51.10655 2.52280
51.18676 2.54025
51.27852 2.54566
51.37608 2.53866
51.47339 2.51972
51.56541 2.48999
51.64891 2.45105
51.72240 2.40457
51.80467 2.33365
51.87045 2.25551
51.92206 2.17280
51.93302 2.15166
51.44756 3.12259
49.66204 3.14159
47.02278 3.12259
47.50824 2.15166
47.57497 2.03788
47.66515 1.91489
47.77477 1.78737
47.89242 1.66781
48.01021 1.56358
48.12116 1.48100
48.22332 1.42267
48.31184 1.39260
48.38645 1.39160
48.44596 1.41972
48.49083 1.47629
48.52023 1.55738
48.53479 1.66043
48.53525 1.66845
48.55085 1.78749
48.58531 1.89107
48.63979 1.97899
48.68028 2.02188
48.74892 2.10093
48.80350 2.19824
48.84265 2.31053
48.86287 2.43436
48.85906 2.54683
48.83273 2.64279
48.82386 2.66201
48.59357 3.12259
49.63625 3.14159
51.73517 3.12259
51.96546 2.66201
51.99742 2.56594
52.00541 2.45278
51.98842 2.32759
51.95168 2.21344
51.89919 2.11379
51.83252 2.03194
51.82188 2.02188
51.75552 1.94327
51.70975 1.84856
51.68351 1.73839
51.67684 1.66845
51.66337 1.56411
51.63442 1.48012
51.59040 1.42211
51.53175 1.39241
51.45796 1.39178
51.37016 1.42026
51.26859 1.47716
51.15801 1.55852
51.04036 1.66180
50.92257 1.78066
50.81246 1.90775
50.72144 2.03060
50.65348 2.14446
50.64983 2.15166
50.16437 3.12259
49.73905 3.14159
48.57376 3.12294
48.31903 2.68994
48.17858 2.49958
48.14121 2.45652
48.21838 2.52350
48.32429 2.58031
48.46224 2.62425
48.63131 2.65232
48.82386 2.66201
49.02611 2.65232
49.22325 2.62425
49.40513 2.58031
49.56786 2.52350
49.71201 2.45652
49.75886 2.49438
49.82337 2.52280
49.90357 2.54025
49.99533 2.54566
50.09290 2.53866
50.19021 2.51972
50.28223 2.48999
50.36572 2.45105
50.43922 2.40457
50.52148 2.33365
50.58727 2.25551
50.63887 2.17280
50.64983 2.15166
50.16437 3.12259
50.17821 3.14159
45.73959 3.12259
46.22506 2.15166
46.29179 2.03788
46.38196 1.91489
46.49158 1.78737
46.60923 1.66781
46.72702 1.56358
46.83798 1.48100
46.94014 1.42267
47.02866 1.39260
47.10326 1.39160
47.16277 1.41972
47.20765 1.47629
47.23705 1.55738
47.25161 1.66043
47.25206 1.66845
47.26767 1.78749
47.30213 1.89107
47.35661 1.97899
47.39710 2.02188
47.46574 2.10093
47.52032 2.19824
47.55947 2.31053
47.57968 2.43436
47.57587 2.54683
47.54955 2.64279
47.54068 2.66201
47.31039 3.12259
50.33845 3.14159
50.49000 3.04656
50.68227 2.66201
50.71423 2.56594
50.72223 2.45278
50.70523 2.32759
50.66850 2.21344
50.61601 2.11379
50.54934 2.03194
50.53869 2.02188
50.47233 1.94327
50.42657 1.84856
50.40033 1.73839
50.39365 1.66845
50.38019 1.56411
50.35124 1.48012
50.30722 1.42211
50.24856 1.39241
50.17478 1.39178
50.08698 1.42026
49.98540 1.47716
49.87483 1.55852
49.75718 1.66180
49.63938 1.78066
49.52927 1.90775
49.43825 2.03060
49.37029 2.14446
49.36665 2.15166
48.88118 3.12259
50.29741 3.14159
53.57376 3.12294
53.31903 2.68994
53.17858 2.49958
53.14121 2.45652
53.21838 2.52350
53.32429 2.58031
53.46224 2.62425
53.63131 2.65232
53.82386 2.66201
54.02611 2.65232
54.22325 2.62425
54.40513 2.58031
54.56786 2.52350
54.71201 2.45652
54.75886 2.49438
54.82337 2.52280
54.90357 2.54025
54.99533 2.54566
55.09290 2.53866
55.19021 2.51972
55.28223 2.48999
55.36572 2.45105
55.43922 2.40457
55.52148 2.33365
55.58727 2.25551
55.63887 2.17280
55.64983 2.15166
55.16437 3.12259
56.60410 3.14159
57.02278 3.12259
57.50824 2.15166
57.57497 2.03788
57.66515 1.91489
57.77477 1.78737
57.89242 1.66781
58.01021 1.56358
58.12116 1.48100
58.22332 1.42267
58.31184 1.39260
58.38645 1.39160
58.44596 1.41972
58.49083 1.47629
58.52023 1.55738
58.53479 1.66043
58.53525 1.66845
58.55085 1.78749
58.58531 1.89107
58.63979 1.97899
58.68028 2.02188
58.74892 2.10093
58.80350 2.19824
58.84265 2.31053
58.86287 2.43436
58.85906 2.54683
58.83273 2.64279
58.82386 2.66201
58.59357 3.12259
56.52357 3.14159
55.45198 3.12259
55.68227 2.66201
55.71423 2.56594
55.72223 2.45278
55.70523 2.32759
55.66850 2.21344
55.61601 2.11379
55.54934 2.03194
55.53869 2.02188
55.47233 1.94327
55.42657 1.84856
55.40033 1.73839
55.39365 1.66845
55.38019 1.56411
55.35124 1.48012
55.30722 1.42211
55.24856 1.39241
55.17478 1.39178
55.08698 1.42026
54.98540 1.47716
54.87483 1.55852
54.75718 1.66180
54.63938 1.78066
54.52927 1.90775
54.43825 2.03060
54.37029 2.14446
54.36665 2.15166
53.88118 3.12259
56.51847 3.14159
52.29058 3.12294
52.03584 2.68994
51.89540 2.49958
51.85802 2.45652
51.93519 2.52350
52.04111 2.58031
52.17905 2.62425
52.34813 2.65232
52.54068 2.66201
52.74292 2.65232
52.94006 2.62425
53.12195 2.58031
53.28467 2.52350
53.42882 2.45652
53.47568 2.49438
53.54018 2.52280
53.62039 2.54025
53.71215 2.54566
53.80971 2.53866
53.90702 2.51972
53.99904 2.48999
54.08254 2.45105
54.15603 2.40457
54.23830 2.33365
54.30408 2.25551
54.35569 2.17280
54.36665 2.15166
53.88118 3.12259
56.32313 3.14159
55.73959 3.12259
56.22506 2.15166
56.29179 2.03788
56.38196 1.91489
56.49158 1.78737
56.60923 1.66781
56.72702 1.56358
56.83798 1.48100
56.94014 1.42267
57.02866 1.39260
57.10326 1.39160
57.16277 1.41972
57.20765 1.47629
57.23705 1.55738
57.25161 1.66043
57.25206 1.66845
57.26767 1.78749
57.30213 1.89107
57.35661 1.97899
57.39710 2.02188
57.46574 2.10093
57.52032 2.19824
57.55947 2.31053
57.57968 2.43436
57.57587 2.54683
57.54955 2.64279
57.54068 2.66201
57.31039 3.12259
56.17409 3.14159
54.16880 3.12259
54.39909 2.66201
54.43105 2.56594
54.43904 2.45278
54.42205 2.32759
54.38531 2.21344
54.33282 2.11379
54.26615 2.03194
54.25551 2.02188
54.18915 1.94327
54.14338 1.84856
54.11714 1.73839
54.11047 1.66845
54.09700 1.56411
54.06805 1.48012
54.02403 1.42211
53.96538 1.39241
53.89159 1.39178
53.80379 1.42026
53.70222 1.47716
53.59164 1.55852
53.47399 1.66180
53.35620 1.78066
53.24609 1.90775
53.15507 2.03060
53.08711 2.14446
53.08346 2.15166
52.59800 3.12259
49.75204 3.14159
51.00739 3.12294
50.75266 2.68994
50.61221 2.49958
50.57484 2.45652
50.65201 2.52350
50.75792 2.58031
50.89587 2.62425
51.06494 2.65232
51.25749 2.66201
51.45973 2.65232
51.65688 2.62425
51.83876 2.58031
52.00149 2.52350
52.14564 2.45652
52.19249 2.49438
52.25700 2.52280
52.33720 2.54025
52.42896 2.54566
52.52653 2.53866
52.62384 2.51972
52.71586 2.48999
52.79935 2.45105
52.87285 2.40457
52.95511 2.33365
53.02090 2.25551
53.07250 2.17280
53.08346 2.15166
52.59800 3.12259
49.58014 3.14159
48.17322 3.12259
48.65869 2.15166
48.72542 2.03788
48.81559 1.91489
48.92521 1.78737
49.04286 1.66781
49.16065 1.56358
49.27161 1.48100
49.37377 1.42267
49.46229 1.39260
49.53689 1.39160
49.59640 1.41972
49.64127 1.47629
49.67067 1.55738
49.68524 1.66043
49.68569 1.66845
49.70130 1.78749
49.73576 1.89107
49.79024 1.97899
49.83073 2.02188
49.89937 2.10093
49.95394 2.19824
49.99310 2.31053
50.01331 2.43436
50.00950 2.54683
49.98318 2.64279
49.97431 2.66201
49.74402 3.12259
49.31670 3.14159
46.60243 3.12259
46.83272 2.66201
46.86468 2.56594
46.87267 2.45278
46.85568 2.32759
46.81894 2.21344
46.76645 2.11379
46.69978 2.03194
46.68914 2.02188
46.62277 1.94327
46.57701 1.84856
46.55077 1.73839
46.54410 1.66845
46.53063 1.56411
46.50168 1.48012
46.45766 1.42211
46.39901 1.39241
46.32522 1.39178
46.23742 1.42026
46.13585 1.47716
46.02527 1.55852
45.90762 1.66180
45.78983 1.78066
45.67971 1.90775
45.58870 2.03060
45.52074 2.14446
45.51709 2.15166
45.03163 3.12259
42.87196 3.14159
43.44102 3.12294
43.18629 2.68994
43.04584 2.49958
43.00847 2.45652
43.08564 2.52350
43.19155 2.58031
43.32950 2.62425
43.49857 2.65232
43.69112 2.66201
43.89336 2.65232
44.09051 2.62425
44.27239 2.58031
44.43512 2.52350
44.57927 2.45652
44.62612 2.49438
44.69063 2.52280
44.77083 2.54025
44.86259 2.54566
44.96016 2.53866
45.05746 2.51972
45.14949 2.48999
45.23298 2.45105
45.30648 2.40457
45.38874 2.33365
45.45453 2.25551
45.50613 2.17280
45.51709 2.15166
45.03163 3.12259
42.78310 3.14159
40.60685 3.12259
41.09231 2.15166
41.15905 2.03788
41.24922 1.91489
41.35884 1.78737
41.47649 1.66781
41.59428 1.56358
41.70524 1.48100
41.80739 1.42267
41.89592 1.39260
41.97052 1.39160
42.03003 1.41972
42.07490 1.47629
42.10430 1.55738
42.11887 1.66043
42.11932 1.66845
42.13493 1.78749
42.16939 1.89107
42.22387 1.97899
42.26436 2.02188
42.33300 2.10093
42.38757 2.19824
42.42673 2.31053
42.44694 2.43436
42.44313 2.54683
42.41681 2.64279
42.40794 2.66201
42.17765 3.12259
42.31279 3.14159
45.31924 3.12259
45.54953 2.66201
45.58149 2.56594
45.58949 2.45278
45.57249 2.32759
45.53576 2.21344
45.48327 2.11379
45.41660 2.03194
45.40595 2.02188
45.33959 1.94327
45.29383 1.84856
45.26758 1.73839
45.26091 1.66845
45.24745 1.56411
45.21849 1.48012
45.17448 1.42211
45.11582 1.39241
45.04204 1.39178
44.95424 1.42026
44.85266 1.47716
44.74209 1.55852
44.62444 1.66180
44.50664 1.78066
44.39653 1.90775
44.30551 2.03060
44.23755 2.14446
44.23391 2.15166
43.74844 3.12259
42.19700 3.14159
41.83452 2.59148
41.72528 2.45652
41.80245 2.52350
41.90837 2.58031
42.04631 2.62425
42.21539 2.65232
42.40794 2.66201
42.61018 2.65232
42.80732 2.62425
42.98921 2.58031
43.15193 2.52350
43.29608 2.45652
43.34293 2.49438
43.40744 2.52280
43.48764 2.54025
43.57941 2.54566
43.67697 2.53866
43.77428 2.51972
43.86630 2.48999
43.94980 2.45105
44.02329 2.40457
44.10556 2.33365
44.17134 2.25551
44.22295 2.17280
44.23391 2.15166
43.74844 3.12259
42.13830 3.14159
40.60685 3.12259
41.09231 2.15166
41.15454 2.04472
41.23115 1.93787
41.33502 1.81360
41.44563 1.69766
41.55767 1.59429
41.66666 1.50777
41.76874 1.44232
80.11868 0.63512
80.11868 0.63512
80.11868 0.63512