# sss file
-1.57080 3.14159
3.06040 3.14159
1.64116 3.04067
2.35857 3.04007
2.62054 2.57793
3.07776 1.66348
3.26899 1.08642
3.35836 0.75927
3.35675 0.83190
3.32370 0.95079
3.26899 1.08642
3.24750 0.92320
3.21499 1.03842
3.22422 1.09417
3.26899 1.08642
3.25241 1.17857
3.24205 1.26170
3.37689 0.90682
3.35312 1.01137
3.30549 1.13781
3.24205 1.26170
3.28735 1.00429
3.23517 1.13445
3.21996 1.22408
3.24205 1.26170
3.20701 1.36698
3.17703 1.46495
3.33966 1.13968
3.30173 1.25213
3.24511 1.36698
3.17703 1.46495
3.27467 1.16987
3.21204 1.29072
3.17723 1.39475
3.17703 1.46495
3.12615 1.56669
3.07776 1.66348
3.10378 1.23904
3.26853 0.85594
3.23111 0.97937
3.17347 1.11485
3.10378 1.23904
3.18542 0.93575
3.12129 1.07861
3.09349 1.18362
3.10378 1.23904
3.05874 1.35131
3.01854 1.45591
3.06571 1.20578
3.07548 1.26205
3.05874 1.35131
3.01854 1.45591
2.97670 1.31261
2.95674 1.40411
2.97225 1.45470
3.01854 1.45591
3.01170 1.53280
3.00971 1.60477
2.94194 1.48913
2.98820 1.49180
3.01170 1.53280
3.00971 1.60477
2.86707 1.60645
2.89013 1.65094
2.94214 1.65012
3.00971 1.60477
3.04176 1.63667
3.07776 1.66348
3.15367 1.40286
3.15248 1.47424
3.12615 1.56669
3.07776 1.66348
3.07093 1.47334
3.03932 1.56897
3.04176 1.63667
3.07776 1.66348
3.05896 1.74728
3.04439 1.82721
3.09618 1.59244
3.10429 1.65422
3.08665 1.73730
3.04439 1.82721
3.01176 1.65967
2.98809 1.74623
2.99967 1.80606
3.04439 1.82721
3.03421 1.90377
3.02875 1.97709
3.26004 1.45772
3.34421 1.17277
3.34002 1.24836
3.31055 1.34971
3.26004 1.45772
3.25753 1.26375
3.22373 1.36794
3.22512 1.43617
3.26004 1.45772
3.23982 1.54637
3.22427 1.63005
3.35266 1.34068
3.33059 1.43342
3.28591 1.53598
3.22427 1.63005
3.27992 1.38155
3.22978 1.48764
3.20951 1.57578
3.22427 1.63005
3.18455 1.72330
3.14742 1.81296
3.31445 1.55870
3.27609 1.65422
3.21800 1.74439
3.14742 1.81296
3.25862 1.55097
3.19639 1.64382
3.15582 1.73677
3.14742 1.81296
3.08852 1.89636
3.02875 1.97709
3.11742 1.51796
3.27787 1.20507
3.24094 1.31393
3.18504 1.42452
3.11742 1.51796
3.21444 1.22932
3.15274 1.34552
3.11788 1.44743
3.11742 1.51796
3.06618 1.61704
3.01709 1.71162
3.09470 1.45380
3.09288 1.52583
3.06618 1.61704
3.01709 1.71162
3.01258 1.51884
2.98019 1.61342
2.98162 1.68216
3.01709 1.71162
2.99706 1.79529
2.98127 1.87525
2.95162 1.70336
2.98647 1.73466
2.99706 1.79529
2.98127 1.87525
2.86811 1.79478
2.87475 1.85950
2.91598 1.88843
2.98127 1.87525
3.00213 1.92834
3.02875 1.97709
3.13499 1.73203
3.12468 1.80964
3.08852 1.89636
3.02875 1.97709
3.05575 1.76269
3.01284 1.85172
3.00213 1.92834
3.02875 1.97709
2.99497 2.05925
2.96329 2.13943
3.05777 1.90846
3.05457 1.98046
3.02275 2.06230
2.96329 2.13943
2.97167 1.93786
2.93184 2.02152
2.92731 2.09377
2.96329 2.13943
2.93377 2.21766
2.90671 2.29439
3.22362 1.84895
3.31689 1.59581
3.31015 1.67189
3.27808 1.76165
3.22362 1.84895
3.23726 1.64107
3.19900 1.73361
3.19347 1.80785
3.22362 1.84895
3.19633 1.93274
3.17214 2.01392
3.31794 1.77412
3.29262 1.85875
3.24233 1.94395
3.17214 2.01392
3.24811 1.77879
3.19267 1.86526
3.16417 1.94905
3.17214 2.01392
3.12027 2.09447
3.06762 2.17296
3.26933 1.98094
3.22228 2.06323
3.15146 2.13209
3.06762 2.17296
3.21419 1.94662
3.14324 2.01511
3.08962 2.09516
3.06762 2.17296
2.98952 2.23535
2.90671 2.29439
3.08802 1.83836
3.25866 1.59047
3.21880 1.68539
3.15933 1.77335
3.08802 1.83836
3.20457 1.57805
3.14142 1.66837
3.09887 1.76087
3.08802 1.83836
3.02712 1.91976
2.96498 1.99843
3.07850 1.75460
3.06585 1.83330
3.02712 1.91976
2.96498 1.99843
3.00049 1.77982
2.95517 1.86827
2.94131 1.94638
2.96498 1.99843
2.92774 2.08052
2.89218 2.16045
2.91115 1.95391
2.93323 2.00773
2.92774 2.08052
2.89218 2.16045
2.81813 2.01154
2.80370 2.08820
2.82973 2.14195
2.89218 2.16045
2.89597 2.22886
2.90671 2.29439
3.06976 2.08029
3.04527 2.15885
2.98952 2.23535
2.90671 2.29439
2.98887 2.07446
2.92780 2.15041
2.89597 2.22886
2.90671 2.29439
2.84380 2.36699
2.77655 2.43790
2.95560 2.23401
2.93169 2.31001
2.87078 2.38324
2.77655 2.43790
2.86421 2.22438
2.79763 2.29593
2.76291 2.37198
2.77655 2.43790
2.70348 2.50704
2.62242 2.57416
2.80139 1.70523
3.15755 1.10990
3.35740 0.66100
3.30384 0.81432
3.23447 0.97166
3.15755 1.10990
3.26656 0.75927
3.18915 0.92770
3.15265 1.04729
3.15755 1.10990
3.10630 1.23280
3.06094 1.34552
3.25661 0.99338
3.20170 1.12620
3.13363 1.24973
3.06094 1.34552
3.20485 1.00011
3.12917 1.13445
3.07822 1.25556
3.06094 1.34552
2.99946 1.45228
2.94011 1.55298
3.13782 1.30336
3.07698 1.41404
3.00743 1.50213
2.94011 1.55298
3.11349 1.25282
3.04083 1.34713
2.97855 1.45349
2.94011 1.55298
2.87078 1.63143
2.80139 1.70523
3.06223 1.10033
3.31582 0.65415
3.22791 0.84277
3.14157 0.99507
3.06223 1.10033
3.28054 0.63512
3.17545 0.82190
3.10005 0.98151
3.06223 1.10033
2.98873 1.22233
2.91947 1.33387
3.08647 0.97466
3.04704 1.09532
2.98873 1.22233
2.91947 1.33387
3.01420 1.02620
2.94923 1.16073
2.91602 1.26816
2.91947 1.33387
2.87047 1.44227
2.82508 1.54464
2.89093 1.28234
2.89347 1.34906
2.87047 1.44227
2.82508 1.54464
2.80500 1.37080
2.77757 1.46705
2.78518 1.52845
2.82508 1.54464
2.81085 1.62729
2.80139 1.70523
2.96983 1.43434
2.92960 1.53540
2.87078 1.63143
2.80139 1.70523
2.91547 1.43005
2.85240 1.52961
2.81085 1.62729
2.80139 1.70523
2.74318 1.79323
2.68500 1.87799
2.84910 1.63061
2.81318 1.72304
2.75604 1.81092
2.68500 1.87799
2.79051 1.62397
2.72952 1.71375
2.69069 1.80401
2.68500 1.87799
2.62644 1.95972
2.56701 2.03879
2.78809 1.53483
2.86279 1.26443
2.86212 1.33517
2.83606 1.43128
2.78809 1.53483
2.77755 1.34971
2.74682 1.44895
2.75102 1.51416
2.78809 1.53483
2.77069 1.61981
2.75802 1.70015
2.87926 1.42268
2.86043 1.51094
2.81848 1.60924
2.75802 1.70015
2.80568 1.46164
2.75792 1.56356
2.74040 1.64820
2.75802 1.70015
2.72027 1.79066
2.68500 1.87799
2.84910 1.63061
2.81318 1.72304
2.75604 1.81092
2.68500 1.87799
2.79051 1.62397
2.72952 1.71375
2.69069 1.80401
2.68500 1.87799
2.62644 1.95972
2.56701 2.03879
2.64244 1.59272
2.79574 1.29472
2.76232 1.39756
2.70909 1.50301
2.64244 1.59272
2.73149 1.31721
2.67266 1.42729
2.64032 1.52496
2.64244 1.59272
2.59282 1.68835
2.54496 1.78008
2.61672 1.53077
2.61749 1.60002
2.59282 1.68835
2.54496 1.78008
2.53414 1.59272
2.50364 1.68432
2.50720 1.75121
2.54496 1.78008
2.52695 1.86151
2.51322 1.93957
2.47670 1.77179
2.51399 1.80222
2.52695 1.86151
2.51322 1.93957
2.39277 1.86026
2.40133 1.92393
2.44537 1.95245
2.51322 1.93957
2.53707 1.99125
2.56701 2.03879
2.66867 1.79965
2.66100 1.87500
2.62644 1.95972
2.56701 2.03879
2.58725 1.82950
2.54541 1.91657
2.53707 1.99125
2.56701 2.03879
2.53468 2.11944
2.50465 2.19830
2.59460 1.97179
2.59415 2.04209
2.56420 2.12220
2.50465 2.19830
2.50529 2.00082
2.46658 2.08285
2.46470 2.15361
2.50465 2.19830
2.47691 2.27539
2.45195 2.35091
2.45313 1.95415
2.42557 1.77827
2.46025 1.81271
2.47022 1.87476
2.45313 1.95415
2.34044 1.86351
2.34538 1.93005
2.38649 1.96262
2.45313 1.95415
2.47382 2.00916
2.50072 2.05995
2.53008 1.84643
2.54768 1.90204
2.53821 1.97757
2.50072 2.05995
2.44076 1.90648
2.42365 1.98550
2.44464 2.04091
2.50072 2.05995
2.49966 2.13048
2.50465 2.19830
2.59460 1.97179
2.59415 2.04209
2.56420 2.12220
2.50465 2.19830
2.50529 2.00082
2.46658 2.08285
2.46470 2.15361
2.50465 2.19830
2.47691 2.27539
2.45195 2.35091
2.26489 2.05902
2.33992 1.82696
2.34211 1.89537
2.31691 1.97757
2.26489 2.05902
2.25392 1.86876
2.22109 1.95342
2.22392 2.02176
2.26489 2.05902
2.24445 2.13691
2.22784 2.21271
2.19054 2.03572
2.23056 2.07469
2.24445 2.13691
2.22784 2.21271
2.09674 2.10651
2.10237 2.17386
2.14997 2.21226
2.22784 2.21271
2.25522 2.26896
2.29140 2.32120
2.11478 2.23803
2.19408 2.24004
2.25522 2.26896
2.29140 2.32120
2.04002 2.32755
2.10164 2.36352
2.19493 2.36113
2.29140 2.32120
2.36852 2.33935
2.45195 2.35091
2.42912 2.16295
2.46743 2.20934
2.47691 2.27539
2.45195 2.35091
2.32598 2.22125
2.32361 2.29218
2.36852 2.33935
2.45195 2.35091
2.47592 2.41236
2.51072 2.47055
2.43930 2.29879
2.49426 2.33848
2.52082 2.39836
2.51072 2.47055
2.32785 2.36070
2.34022 2.42697
2.40632 2.46736
2.51072 2.47055
2.55881 2.52457
2.62242 2.57416
2.83567 2.14767
2.86886 1.93469
2.88631 1.99197
2.87589 2.06721
2.83567 2.14767
2.77673 1.98814
2.75753 2.06674
2.77796 2.12427
2.83567 2.14767
2.83352 2.21855
2.83745 2.28711
2.93475 2.06511
2.93393 2.13553
2.90176 2.21429
2.83745 2.28711
2.84150 2.08820
2.79971 2.16818
2.79610 2.23960
2.83745 2.28711
2.80606 2.36309
2.77655 2.43790
2.95560 2.23401
2.93169 2.31001
2.87078 2.38324
2.77655 2.43790
2.86421 2.22438
2.79763 2.29593
2.76291 2.37198
2.77655 2.43790
2.70348 2.50704
2.62242 2.57416
2.64375 2.17250
2.78825 1.94589
2.76711 2.02579
2.71764 2.10651
2.64375 2.17250
2.71097 1.94905
2.65556 2.03029
2.62961 2.10998
2.64375 2.17250
2.59080 2.24941
2.53615 2.32471
2.59936 2.10929
2.61080 2.17341
2.59080 2.24941
2.53615 2.32471
2.50003 2.14355
2.46864 2.22192
2.47954 2.28733
2.53615 2.32471
2.52082 2.39836
2.51072 2.47055
2.43930 2.29879
2.49426 2.33848
2.52082 2.39836
2.51072 2.47055
2.32785 2.36070
2.34022 2.42697
2.40632 2.46736
2.51072 2.47055
2.55881 2.52457
2.62242 2.57416
2.72665 2.36569
2.73571 2.43297
2.70348 2.50704
2.62242 2.57416
2.60708 2.38043
2.55831 2.45478
2.55881 2.52457
2.62242 2.57416
2.58618 2.64664
2.55017 2.71866
2.65217 2.51465
2.67279 2.58023
2.64448 2.65244
2.55017 2.71866
2.50743 2.52795
2.45326 2.60027
2.46010 2.66920
2.55017 2.71866
2.51454 2.78993
2.47913 2.86074
2.68221 2.45457
2.68371 2.25697
2.71767 2.31045
2.71961 2.37978
2.68221 2.45457
2.57181 2.30298
2.55823 2.37653
2.59615 2.43190
2.68221 2.45457
2.69761 2.52078
2.72510 2.58441
2.80031 2.37718
2.81853 2.44154
2.79647 2.51487
2.72510 2.58441
2.67679 2.39923
2.63603 2.47375
2.64850 2.54079
2.72510 2.58441
2.70481 2.65637
2.69005 2.72770
2.88318 2.52985
2.87886 2.60048
2.81826 2.67168
2.69005 2.72770
2.74449 2.52542
2.66730 2.59381
2.63935 2.66609
2.69005 2.72770
2.59788 2.79523
2.47913 2.86074
2.41851 2.47098
2.58068 2.26364
2.56468 2.33804
2.51053 2.41215
2.41851 2.47098
2.48191 2.26097
2.41934 2.33411
2.39283 2.40914
2.41851 2.47098
2.35297 2.54206
2.28064 2.61153
2.35287 2.40526
2.37357 2.46906
2.35297 2.54206
2.28064 2.61153
2.22521 2.42718
2.18433 2.50133
2.19885 2.56830
2.28064 2.61153
2.26218 2.68324
2.25032 2.75415
2.14291 2.57458
2.22025 2.62089
2.26218 2.68324
2.25032 2.75415
1.98416 2.62048
1.98928 2.68984
2.08189 2.74022
2.25032 2.75415
2.34064 2.81073
2.47913 2.86074
2.57935 2.66030
2.61890 2.72421
2.59788 2.79523
2.47913 2.86074
2.39427 2.67147
2.32757 2.74186
2.34064 2.81073
2.47913 2.86074
2.44389 2.93121
2.40869 3.00162
2.50791 2.80318
2.58439 2.86582
2.58607 2.93566
2.40869 3.00162
2.24843 2.81113
2.14690 2.87900
2.15301 2.94878
2.40869 3.00162
2.38303 3.05294
3.14397 3.04007
3.40594 2.57793
3.86316 1.66348
4.05439 1.08642
4.14376 0.75927
4.14215 0.83190
4.10910 0.95079
4.05439 1.08642
4.03290 0.92320
4.00039 1.03842
4.00962 1.09417
4.05439 1.08642
4.03781 1.17857
4.02745 1.26170
4.16229 0.90682
4.13852 1.01137
4.09089 1.13781
4.02745 1.26170
4.07275 1.00429
4.02057 1.13445
4.00536 1.22408
4.02745 1.26170
3.99241 1.36698
3.96243 1.46495
4.12506 1.13968
4.08713 1.25213
4.03051 1.36698
3.96243 1.46495
4.06007 1.16987
3.99744 1.29072
3.96263 1.39475
3.96243 1.46495
3.91155 1.56669
3.86316 1.66348
3.88918 1.23904
4.05393 0.85594
4.01651 0.97937
3.95887 1.11485
3.88918 1.23904
3.97082 0.93575
3.90669 1.07861
3.87889 1.18362
3.88918 1.23904
3.84414 1.35131
3.80394 1.45591
3.85101 1.20578
3.86088 1.26205
3.84414 1.35131
3.80394 1.45591
3.76210 1.31261
3.74214 1.40411
3.75765 1.45470
3.80394 1.45591
3.79710 1.53280
3.79511 1.60477
3.72734 1.48913
3.77360 1.49180
3.79710 1.53280
3.79511 1.60477
3.65247 1.60645
3.67553 1.65094
3.72754 1.65012
3.79511 1.60477
3.82716 1.63667
3.86316 1.66348
3.93907 1.40286
3.93788 1.47424
3.91155 1.56669
3.86316 1.66348
3.85633 1.47334
3.82472 1.56897
3.82716 1.63667
3.86316 1.66348
3.84436 1.74728
3.82979 1.82721
3.88158 1.59244
3.88969 1.65422
3.87205 1.73730
3.82979 1.82721
3.79716 1.65967
3.77349 1.74623
3.78507 1.80606
3.82979 1.82721
3.81961 1.90377
3.81415 1.97709
4.04544 1.45772
4.12961 1.17277
4.12542 1.24836
4.09595 1.34971
4.04544 1.45772
4.04293 1.26375
4.00913 1.36794
4.01052 1.43617
4.04544 1.45772
4.02522 1.54637
4.00967 1.63005
4.13806 1.34068
4.11599 1.43342
4.07131 1.53598
4.00967 1.63005
4.06532 1.38155
4.01518 1.48764
3.99491 1.57578
4.00967 1.63005
3.96995 1.72330
3.93282 1.81296
4.09985 1.55870
4.06149 1.65422
4.00340 1.74439
3.93282 1.81296
4.04402 1.55097
3.98179 1.64382
3.94122 1.73677
3.93282 1.81296
3.87392 1.89636
3.81415 1.97709
3.90282 1.51796
4.06327 1.20507
4.02634 1.31393
3.97044 1.42452
3.90282 1.51796
3.99984 1.22932
3.93814 1.34552
3.90328 1.44743
3.90282 1.51796
3.85158 1.61704
3.80249 1.71162
3.88010 1.45380
3.87828 1.52583
3.85158 1.61704
3.80249 1.71162
3.79798 1.51884
3.76559 1.61342
3.76702 1.68216
3.80249 1.71162
3.78246 1.79529
3.76667 1.87525
3.73702 1.70336
3.77187 1.73466
3.78246 1.79529
3.76667 1.87525
3.65351 1.79478
3.66015 1.85950
3.70138 1.88843
3.76667 1.87525
3.78753 1.92834
3.81415 1.97709
3.92039 1.73203
3.91008 1.80964
3.87392 1.89636
3.81415 1.97709
3.84115 1.76269
3.79824 1.85172
3.78753 1.92834
3.81415 1.97709
3.78037 2.05925
3.74869 2.13943
3.84317 1.90846
3.83997 1.98046
3.80815 2.06230
3.74869 2.13943
3.75707 1.93786
3.71724 2.02152
3.71271 2.09377
3.74869 2.13943
3.71917 2.21766
3.69211 2.29439
4.00902 1.84895
4.10229 1.59581
4.09555 1.67189
4.06348 1.76165
4.00902 1.84895
4.02266 1.64107
3.98440 1.73361
3.97887 1.80785
4.00902 1.84895
3.98173 1.93274
3.95754 2.01392
4.10334 1.77412
4.07802 1.85875
4.02773 1.94395
3.95754 2.01392
4.03351 1.77879
3.97807 1.86526
3.94957 1.94905
3.95754 2.01392
3.90567 2.09447
3.85302 2.17296
4.05473 1.98094
4.00768 2.06323
3.93686 2.13209
3.85302 2.17296
3.99959 1.94662
3.92864 2.01511
3.87502 2.09516
3.85302 2.17296
3.77492 2.23535
3.69211 2.29439
3.87342 1.83836
4.04406 1.59047
4.00420 1.68539
3.94473 1.77335
3.87342 1.83836
3.98997 1.57805
3.92682 1.66837
3.88427 1.76087
3.87342 1.83836
3.81252 1.91976
3.75038 1.99843
3.86390 1.75460
3.85125 1.83330
3.81252 1.91976
3.75038 1.99843
3.78589 1.77982
3.74057 1.86827
3.72671 1.94638
3.75038 1.99843
3.71314 2.08052
3.67758 2.16045
3.69655 1.95391
3.71863 2.00773
3.71314 2.08052
3.67758 2.16045
3.60353 2.01154
3.58910 2.08820
3.61513 2.14195
3.67758 2.16045
3.68137 2.22886
3.69211 2.29439
3.85516 2.08029
3.83067 2.15885
3.77492 2.23535
3.69211 2.29439
3.77427 2.07446
3.71320 2.15041
3.68137 2.22886
3.69211 2.29439
3.62920 2.36699
3.56195 2.43790
3.74100 2.23401
3.71709 2.31001
3.65618 2.38324
3.56195 2.43790
3.64961 2.22438
3.58303 2.29593
3.54831 2.37198
3.56195 2.43790
3.48888 2.50704
3.40782 2.57416
3.58679 1.70523
3.94295 1.10990
4.14280 0.66100
4.08924 0.81432
4.01987 0.97166
3.94295 1.10990
4.05196 0.75927
3.97445 0.92770
3.93805 1.04729
3.94295 1.10990
3.89170 1.23280
3.84634 1.34552
4.04201 0.99338
3.98710 1.12620
3.91903 1.24973
3.84634 1.34552
3.99025 1.00011
3.91457 1.13445
3.86362 1.25556
3.84634 1.34552
3.78486 1.45228
3.72551 1.55298
3.92322 1.30336
3.86238 1.41404
3.79283 1.50213
3.72551 1.55298
3.89889 1.25282
3.82623 1.34713
3.76395 1.45349
3.72551 1.55298
3.65618 1.63143
3.58679 1.70523
3.84763 1.10033
4.10122 0.65415
4.01331 0.84277
3.92697 0.99507
3.84763 1.10033
4.06594 0.63512
3.96085 0.82190
3.88545 0.98151
3.84763 1.10033
3.77413 1.22233
3.70487 1.33387
3.87187 0.97466
3.83244 1.09532
3.77413 1.22233
3.70487 1.33387
3.79960 1.02620
3.73463 1.16073
3.70142 1.26816
3.70487 1.33387
3.65587 1.44227
3.61048 1.54464
3.67633 1.28234
3.67887 1.34906
3.65587 1.44227
3.61048 1.54464
3.59040 1.37080
3.56297 1.46705
3.57058 1.52845
3.61048 1.54464
3.59625 1.62729
3.58679 1.70523
3.75523 1.43434
3.71500 1.53540
3.65618 1.63143
3.58679 1.70523
3.70087 1.43005
3.63780 1.52961
3.59625 1.62729
3.58679 1.70523
3.52858 1.79323
3.47040 1.87799
3.63450 1.63061
3.59848 1.72304
3.54144 1.81092
3.47040 1.87799
3.57591 1.62397
3.51492 1.71375
3.47609 1.80401
3.47040 1.87799
3.41184 1.95972
3.35241 2.03879
3.57349 1.53483
3.64819 1.26443
3.64752 1.33517
3.62146 1.43128
3.57349 1.53483
3.56295 1.34971
3.53222 1.44895
3.53642 1.51416
3.57349 1.53483
3.55609 1.61981
3.54342 1.70015
3.66466 1.42268
3.64583 1.51094
3.60378 1.60924
3.54342 1.70015
3.59108 1.46164
3.54332 1.56356
3.52580 1.64820
3.54342 1.70015
3.50567 1.79066
3.47040 1.87799
3.63450 1.63061
3.59848 1.72304
3.54144 1.81092
3.47040 1.87799
3.57591 1.62397
3.51492 1.71375
3.47609 1.80401
3.47040 1.87799
3.41184 1.95972
3.35241 2.03879
3.42784 1.59272
3.58114 1.29472
3.54772 1.39756
3.49439 1.50301
3.42784 1.59272
3.51689 1.31721
3.45806 1.42729
3.42572 1.52496
3.42784 1.59272
3.37822 1.68835
3.33036 1.78008
3.40212 1.53077
3.40289 1.60002
3.37822 1.68835
3.33036 1.78008
3.31954 1.59272
3.28904 1.68432
3.29260 1.75121
3.33036 1.78008
3.31235 1.86151
3.29862 1.93957
3.26210 1.77179
3.29939 1.80222
3.31235 1.86151
3.29862 1.93957
3.17817 1.86026
3.18673 1.92393
3.23077 1.95245
3.29862 1.93957
3.32247 1.99125
3.35241 2.03879
3.45407 1.79965
3.44640 1.87500
3.41184 1.95972
3.35241 2.03879
3.37265 1.82950
3.33081 1.91657
3.32247 1.99125
3.35241 2.03879
3.32008 2.11944
3.28995 2.19830
3.38000 1.97179
3.37955 2.04209
3.34960 2.12220
3.28995 2.19830
3.29069 2.00082
3.25198 2.08285
3.25010 2.15361
3.28995 2.19830
3.26231 2.27539
3.23735 2.35091
3.23853 1.95415
3.21097 1.77827
3.24565 1.81271
3.25562 1.87476
3.23853 1.95415
3.12584 1.86351
3.13078 1.93005
3.17189 1.96262
3.23853 1.95415
3.25922 2.00916
3.28612 2.05995
3.31548 1.84643
3.33308 1.90204
3.32361 1.97757
3.28612 2.05995
3.22616 1.90648
3.20905 1.98550
3.23004 2.04091
3.28612 2.05995
3.28506 2.13048
3.28995 2.19830
3.38000 1.97179
3.37955 2.04209
3.34960 2.12220
3.28995 2.19830
3.29069 2.00082
3.25198 2.08285
3.25010 2.15361
3.28995 2.19830
3.26231 2.27539
3.23735 2.35091
3.05029 2.05902
3.12532 1.82696
3.12751 1.89537
3.10231 1.97757
3.05029 2.05902
3.03932 1.86876
3.00649 1.95342
3.00932 2.02176
3.05029 2.05902
3.02985 2.13691
3.01324 2.21271
2.97594 2.03572
3.01596 2.07469
3.02985 2.13691
3.01324 2.21271
2.88214 2.10651
2.88777 2.17386
2.93537 2.21226
3.01324 2.21271
3.04062 2.26896
3.07680 2.32120
2.90018 2.23803
2.97948 2.24004
3.04062 2.26896
3.07680 2.32120
2.82542 2.32755
2.88704 2.36352
2.98033 2.36113
3.07680 2.32120
3.15392 2.33935
3.23735 2.35091
3.21452 2.16295
3.25283 2.20934
3.26231 2.27539
3.23735 2.35091
3.11138 2.22125
3.10901 2.29218
3.15392 2.33935
3.23735 2.35091
3.26132 2.41236
3.29612 2.47055
3.22470 2.29879
3.27966 2.33848
3.30622 2.39836
3.29612 2.47055
3.11325 2.36070
3.12562 2.42697
3.19172 2.46736
3.29612 2.47055
3.34421 2.52457
3.40782 2.57416
3.62107 2.14767
3.65426 1.93469
3.67171 1.99197
3.66129 2.06721
3.62107 2.14767
3.56213 1.98814
3.54293 2.06674
3.56336 2.12427
3.62107 2.14767
3.61892 2.21855
3.62285 2.28711
3.72015 2.06511
3.71933 2.13553
3.68716 2.21429
3.62285 2.28711
3.62690 2.08820
3.58511 2.16818
3.58150 2.23960
3.62285 2.28711
3.59136 2.36309
3.56195 2.43790
3.74100 2.23401
3.71709 2.31001
3.65618 2.38324
3.56195 2.43790
3.64961 2.22438
3.58303 2.29593
3.54831 2.37198
3.56195 2.43790
3.48888 2.50704
3.40782 2.57416
3.42915 2.17250
3.57365 1.94589
3.55251 2.02579
3.50304 2.10651
3.42915 2.17250
3.49637 1.94905
3.44096 2.03029
3.41501 2.10998
3.42915 2.17250
3.37620 2.24941
3.32155 2.32471
3.38476 2.10929
3.39620 2.17341
3.37620 2.24941
3.32155 2.32471
3.28543 2.14355
3.25404 2.22192
3.26494 2.28733
3.32155 2.32471
3.30622 2.39836
3.29612 2.47055
3.22470 2.29879
3.27966 2.33848
3.30622 2.39836
3.29612 2.47055
3.11325 2.36070
3.12562 2.42697
3.19172 2.46736
3.29612 2.47055
3.34421 2.52457
3.40782 2.57416
3.51205 2.36569
3.52111 2.43297
3.48888 2.50704
3.40782 2.57416
3.39248 2.38043
3.34371 2.45478
3.34421 2.52457
3.40782 2.57416
3.37158 2.64664
3.33557 2.71866
3.43757 2.51465
3.45819 2.58023
3.42988 2.65244
3.33557 2.71866
3.29283 2.52795
3.23866 2.60027
3.24550 2.66920
3.33557 2.71866
3.29994 2.78993
3.26453 2.86074
3.46761 2.45457
3.46911 2.25697
3.50307 2.31045
3.50501 2.37978
3.46761 2.45457
3.35721 2.30298
3.34363 2.37653
3.38155 2.43190
3.46761 2.45457
3.48301 2.52078
3.51050 2.58441
3.58571 2.37718
3.60393 2.44154
3.58187 2.51487
3.51050 2.58441
3.46219 2.39923
3.42143 2.47375
3.43390 2.54079
3.51050 2.58441
3.49021 2.65637
3.47545 2.72770
3.66858 2.52985
3.66426 2.60048
3.60366 2.67168
3.47545 2.72770
3.52989 2.52542
3.45270 2.59381
3.42475 2.66609
3.47545 2.72770
3.38328 2.79523
3.26453 2.86074
3.20391 2.47098
3.36608 2.26364
3.35008 2.33804
3.29593 2.41215
3.20391 2.47098
3.26731 2.26097
3.20474 2.33411
3.17823 2.40914
3.20391 2.47098
3.13837 2.54206
3.06604 2.61153
3.13827 2.40526
3.15897 2.46906
3.13837 2.54206
3.06604 2.61153
3.01061 2.42718
2.96973 2.50133
2.98425 2.56830
3.06604 2.61153
3.04748 2.68324
3.03572 2.75415
2.92831 2.57458
3.00565 2.62089
3.04748 2.68324
3.03572 2.75415
2.76956 2.62048
2.77468 2.68984
2.86729 2.74022
3.03572 2.75415
3.12604 2.81073
3.26453 2.86074
3.36475 2.66030
3.40430 2.72421
3.38328 2.79523
3.26453 2.86074
3.17967 2.67147
3.11297 2.74186
3.12604 2.81073
3.26453 2.86074
3.22929 2.93121
3.19409 3.00162
3.29331 2.80318
3.36979 2.86582
3.37147 2.93566
3.19409 3.00162
3.03383 2.81113
2.93230 2.87900
2.93841 2.94878
3.19409 3.00162
3.16843 3.05294
3.92937 3.04007
4.19134 2.57793
4.64856 1.66348
4.83979 1.08642
4.92916 0.75927
4.92755 0.83190
4.89450 0.95079
4.83979 1.08642
4.81830 0.92320
4.78579 1.03842
4.79502 1.09417
4.83979 1.08642
4.82321 1.17857
4.81285 1.26170
4.94769 0.90682
4.92392 1.01137
4.87629 1.13781
4.81285 1.26170
4.85815 1.00429
4.80597 1.13445
4.79076 1.22408
4.81285 1.26170
4.77781 1.36698
4.74783 1.46495
4.91046 1.13968
4.87253 1.25213
4.81591 1.36698
4.74783 1.46495
4.84547 1.16987
4.78284 1.29072
4.74803 1.39475
4.74783 1.46495
4.69695 1.56669
4.64856 1.66348
4.67458 1.23904
4.83933 0.85594
4.80191 0.97937
4.74427 1.11485
4.67458 1.23904
4.75622 0.93575
4.69209 1.07861
4.66429 1.18362
4.67458 1.23904
4.62954 1.35131
4.58934 1.45591
4.63641 1.20578
4.64628 1.26205
4.62954 1.35131
4.58934 1.45591
4.54750 1.31261
4.52754 1.40411
4.54305 1.45470
4.58934 1.45591
4.58250 1.53280
4.58051 1.60477
4.51274 1.48913
4.55900 1.49180
4.58250 1.53280
4.58051 1.60477
4.43787 1.60645
4.46093 1.65094
4.51294 1.65012
4.58051 1.60477
4.61256 1.63667
4.64856 1.66348
4.72447 1.40286
4.72328 1.47424
4.69695 1.56669
4.64856 1.66348
4.64173 1.47334
4.61012 1.56897
4.61256 1.63667
4.64856 1.66348
4.62976 1.74728
4.61519 1.82721
4.66698 1.59244
4.67509 1.65422
4.65745 1.73730
4.61519 1.82721
4.58256 1.65967
4.55889 1.74623
4.57047 1.80606
4.61519 1.82721
4.60501 1.90377
4.59955 1.97709
4.83084 1.45772
4.91501 1.17277
4.91082 1.24836
4.88135 1.34971
4.83084 1.45772
4.82833 1.26375
4.79453 1.36794
4.79592 1.43617
4.83084 1.45772
4.81062 1.54637
4.79507 1.63005
4.92346 1.34068
4.90139 1.43342
4.85671 1.53598
4.79507 1.63005
4.85072 1.38155
4.80058 1.48764
4.78031 1.57578
4.79507 1.63005
4.75535 1.72330
4.71822 1.81296
4.88525 1.55870
4.84689 1.65422
4.78880 1.74439
4.71822 1.81296
4.82942 1.55097
4.76719 1.64382
4.72662 1.73677
4.71822 1.81296
4.65932 1.89636
4.59955 1.97709
4.68822 1.51796
4.84867 1.20507
4.81174 1.31393
4.75584 1.42452
4.68822 1.51796
4.78524 1.22932
4.72354 1.34552
4.68868 1.44743
4.68822 1.51796
4.63698 1.61704
4.58789 1.71162
4.66550 1.45380
4.66368 1.52583
4.63698 1.61704
4.58789 1.71162
4.58338 1.51884
4.55099 1.61342
4.55242 1.68216
4.58789 1.71162
4.56786 1.79529
4.55207 1.87525
4.52242 1.70336
4.55727 1.73466
4.56786 1.79529
4.55207 1.87525
4.43891 1.79478
4.44555 1.85950
4.48678 1.88843
4.55207 1.87525
4.57293 1.92834
4.59955 1.97709
4.70579 1.73203
4.69548 1.80964
4.65932 1.89636
4.59955 1.97709
4.62655 1.76269
4.58364 1.85172
4.57293 1.92834
4.59955 1.97709
4.56577 2.05925
4.53409 2.13943
4.62857 1.90846
4.62537 1.98046
4.59355 2.06230
4.53409 2.13943
4.54237 1.93786
4.50264 2.02152
4.49811 2.09377
4.53409 2.13943
4.50457 2.21766
4.47751 2.29439
4.79442 1.84895
4.88769 1.59581
4.88095 1.67189
4.84888 1.76165
4.79442 1.84895
4.80806 1.64107
4.76980 1.73361
4.76427 1.80785
4.79442 1.84895
4.76713 1.93274
4.74294 2.01392
4.88874 1.77412
4.86342 1.85875
4.81313 1.94395
4.74294 2.01392
4.81891 1.77879
4.76347 1.86526
4.73497 1.94905
4.74294 2.01392
4.69107 2.09447
4.63842 2.17296
4.84013 1.98094
4.79308 2.06323
4.72226 2.13209
4.63842 2.17296
4.78499 1.94662
4.71404 2.01511
4.66042 2.09516
4.63842 2.17296
4.56032 2.23535
4.47751 2.29439
4.65882 1.83836
4.82946 1.59047
4.78960 1.68539
4.73013 1.77335
4.65882 1.83836
4.77537 1.57805
4.71222 1.66837
4.66957 1.76087
4.65882 1.83836
4.59792 1.91976
4.53578 1.99843
4.64930 1.75460
4.63665 1.83330
4.59792 1.91976
4.53578 1.99843
4.57129 1.77982
4.52597 1.86827
4.51211 1.94638
4.53578 1.99843
4.49854 2.08052
4.46298 2.16045
4.48195 1.95391
4.50403 2.00773
4.49854 2.08052
4.46298 2.16045
4.38893 2.01154
4.37450 2.08820
4.40053 2.14195
4.46298 2.16045
4.46677 2.22886
4.47751 2.29439
4.64056 2.08029
4.61607 2.15885
4.56032 2.23535
4.47751 2.29439
4.55967 2.07446
4.49860 2.15041
4.46677 2.22886
4.47751 2.29439
4.41460 2.36699
4.34735 2.43790
4.52640 2.23401
4.50249 2.31001
4.44158 2.38324
4.34735 2.43790
4.43501 2.22438
4.36843 2.29593
4.33371 2.37198
4.34735 2.43790
4.27418 2.50704
4.19322 2.57416
4.37219 1.70523
4.72835 1.10990
4.92820 0.66100
4.87464 0.81432
4.80527 0.97166
4.72835 1.10990
4.83736 0.75927
4.75985 0.92770
4.72345 1.04729
4.72835 1.10990
4.67710 1.23280
4.63174 1.34552
4.82741 0.99338
4.77250 1.12620
4.70443 1.24973
4.63174 1.34552
4.77555 1.00011
4.69997 1.13445
4.64902 1.25556
4.63174 1.34552
4.57026 1.45228
4.51091 1.55298
4.70862 1.30336
4.64778 1.41404
4.57823 1.50213
4.51091 1.55298
4.68429 1.25282
4.61163 1.34713
4.54935 1.45349
4.51091 1.55298
4.44158 1.63143
4.37219 1.70523
4.63303 1.10033
4.88662 0.65415
4.79871 0.84277
4.71237 0.99507
4.63303 1.10033
4.85134 0.63512
4.74625 0.82190
4.67085 0.98151
4.63303 1.10033
4.55953 1.22233
4.49027 1.33387
4.65727 0.97466
4.61784 1.09532
4.55953 1.22233
4.49027 1.33387
4.58500 1.02620
4.52003 1.16073
4.48682 1.26816
4.49027 1.33387
4.44127 1.44227
4.39588 1.54464
4.46173 1.28234
4.46427 1.34906
4.44127 1.44227
4.39588 1.54464
4.37580 1.37080
4.34837 1.46705
4.35598 1.52845
4.39588 1.54464
4.38165 1.62729
4.37219 1.70523
4.54063 1.43434
4.50040 1.53540
4.44158 1.63143
4.37219 1.70523
4.48627 1.43005
4.42320 1.52961
4.38165 1.62729
4.37219 1.70523
4.31398 1.79323
4.25580 1.87799
4.41990 1.63061
4.38388 1.72304
4.32684 1.81092
4.25580 1.87799
4.36131 1.62397
4.30032 1.71375
4.26149 1.80401
4.25580 1.87799
4.19724 1.95972
4.13781 2.03879
4.35889 1.53483
4.43359 1.26443
4.43292 1.33517
4.40686 1.43128
4.35889 1.53483
4.34835 1.34971
4.31762 1.44895
4.32182 1.51416
4.35889 1.53483
4.34149 1.61981
4.32882 1.70015
4.45006 1.42268
4.43123 1.51094
4.38918 1.60924
4.32882 1.70015
4.37648 1.46164
4.32872 1.56356
4.31120 1.64820
4.32882 1.70015
4.29107 1.79066
4.25580 1.87799
4.41990 1.63061
4.38388 1.72304
4.32684 1.81092
4.25580 1.87799
4.36131 1.62397
4.30032 1.71375
4.26149 1.80401
4.25580 1.87799
4.19724 1.95972
4.13781 2.03879
4.21324 1.59272
4.36654 1.29472
4.33312 1.39756
4.27979 1.50301
4.21324 1.59272
4.30229 1.31721
4.24346 1.42729
4.21112 1.52496
4.21324 1.59272
4.16362 1.68835
4.11576 1.78008
4.18752 1.53077
4.18829 1.60002
4.16362 1.68835
4.11576 1.78008
4.10494 1.59272
4.07434 1.68432
4.07800 1.75121
4.11576 1.78008
4.09775 1.86151
4.08402 1.93957
4.04750 1.77179
4.08479 1.80222
4.09775 1.86151
4.08402 1.93957
3.96357 1.86026
3.97213 1.92393
4.01617 1.95245
4.08402 1.93957
4.10787 1.99125
4.13781 2.03879
4.23947 1.79965
4.23180 1.87500
4.19724 1.95972
4.13781 2.03879
4.15805 1.82950
4.11621 1.91657
4.10787 1.99125
4.13781 2.03879
4.10548 2.11944
4.07535 2.19830
4.16540 1.97179
4.16495 2.04209
4.13500 2.12220
4.07535 2.19830
4.07609 2.00082
4.03738 2.08285
4.03550 2.15361
4.07535 2.19830
4.04771 2.27539
4.02275 2.35091
4.02393 1.95415
3.99637 1.77827
4.03105 1.81271
4.04102 1.87476
4.02393 1.95415
3.91124 1.86351
3.91618 1.93005
3.95729 1.96262
4.02393 1.95415
4.04462 2.00916
4.07152 2.05995
4.10088 1.84643
4.11848 1.90204
4.10901 1.97757
4.07152 2.05995
4.01156 1.90648
3.99445 1.98550
4.01544 2.04091
4.07152 2.05995
4.07046 2.13048
4.07535 2.19830
4.16540 1.97179
4.16495 2.04209
4.13500 2.12220
4.07535 2.19830
4.07609 2.00082
4.03738 2.08285
4.03550 2.15361
4.07535 2.19830
4.04771 2.27539
4.02275 2.35091
3.83569 2.05902
3.91072 1.82696
3.91291 1.89537
3.88771 1.97757
3.83569 2.05902
3.82472 1.86876
3.79179 1.95342
3.79472 2.02176
3.83569 2.05902
3.81525 2.13691
3.79864 2.21271
3.76134 2.03572
3.80136 2.07469
3.81525 2.13691
3.79864 2.21271
3.66754 2.10651
3.67317 2.17386
3.72077 2.21226
3.79864 2.21271
3.82602 2.26896
3.86220 2.32120
3.68558 2.23803
3.76488 2.24004
3.82602 2.26896
3.86220 2.32120
3.61082 2.32755
3.67244 2.36352
3.76573 2.36113
3.86220 2.32120
3.93932 2.33935
4.02275 2.35091
3.99992 2.16295
4.03823 2.20934
4.04771 2.27539
4.02275 2.35091
3.89678 2.22125
3.89441 2.29218
3.93932 2.33935
4.02275 2.35091
4.04672 2.41236
4.08152 2.47055
4.01010 2.29879
4.06506 2.33848
4.09162 2.39836
4.08152 2.47055
3.89865 2.36070
3.91102 2.42697
3.97712 2.46736
4.08152 2.47055
4.12961 2.52457
4.19322 2.57416
4.40647 2.14767
4.43966 1.93469
4.45711 1.99197
4.44669 2.06721
4.40647 2.14767
4.34753 1.98814
4.32833 2.06674
4.34876 2.12427
4.40647 2.14767
4.40422 2.21855
4.40825 2.28711
4.50555 2.06511
4.50473 2.13553
4.47256 2.21429
4.40825 2.28711
4.41230 2.08820
4.37051 2.16818
4.36690 2.23960
4.40825 2.28711
4.37676 2.36309
4.34735 2.43790
4.52640 2.23401
4.50249 2.31001
4.44158 2.38324
4.34735 2.43790
4.43501 2.22438
4.36843 2.29593
4.33371 2.37198
4.34735 2.43790
4.27418 2.50704
4.19322 2.57416
4.21455 2.17250
4.35905 1.94589
4.33791 2.02579
4.28844 2.10651
4.21455 2.17250
4.28177 1.94905
4.22636 2.03029
4.20041 2.10998
4.21455 2.17250
4.16160 2.24941
4.10695 2.32471
4.17016 2.10929
4.18160 2.17341
4.16160 2.24941
4.10695 2.32471
4.07083 2.14355
4.03944 2.22192
4.05034 2.28733
4.10695 2.32471
4.09162 2.39836
4.08152 2.47055
4.01010 2.29879
4.06506 2.33848
4.09162 2.39836
4.08152 2.47055
3.89865 2.36070
3.91102 2.42697
3.97712 2.46736
4.08152 2.47055
4.12961 2.52457
4.19322 2.57416
4.29745 2.36569
4.30651 2.43297
4.27418 2.50704
4.19322 2.57416
4.17788 2.38043
4.12911 2.45478
4.12961 2.52457
4.19322 2.57416
4.15698 2.64664
4.12097 2.71866
4.22297 2.51465
4.24359 2.58023
4.21528 2.65244
4.12097 2.71866
4.07823 2.52795
4.02406 2.60027
4.03090 2.66920
4.12097 2.71866
4.08534 2.78993
4.04993 2.86074
4.25301 2.45457
4.25451 2.25697
4.28847 2.31045
4.29041 2.37978
4.25301 2.45457
4.14261 2.30298
4.12903 2.37653
4.16695 2.43190
4.25301 2.45457
4.26841 2.52078
4.29590 2.58441
4.37111 2.37718
4.38933 2.44154
4.36727 2.51487
4.29590 2.58441
4.24759 2.39923
4.20683 2.47375
4.21930 2.54079
4.29590 2.58441
4.27561 2.65637
4.26085 2.72770
4.45398 2.52985
4.44966 2.60048
4.38906 2.67168
4.26085 2.72770
4.31529 2.52542
4.23810 2.59381
4.21015 2.66609
4.26085 2.72770
4.16868 2.79523
4.04993 2.86074
3.98931 2.47098
4.15148 2.26364
4.13548 2.33804
4.08133 2.41215
3.98931 2.47098
4.05271 2.26097
3.99014 2.33411
3.96363 2.40914
3.98931 2.47098
3.92377 2.54206
3.85144 2.61153
3.92367 2.40526
3.94437 2.46906
3.92377 2.54206
3.85144 2.61153
3.79601 2.42718
3.75513 2.50133
3.76965 2.56830
3.85144 2.61153
3.83288 2.68324
3.82112 2.75415
3.71371 2.57458
3.79105 2.62089
3.83288 2.68324
3.82112 2.75415
3.55496 2.62048
3.56008 2.68984
3.65269 2.74022
3.82112 2.75415
3.91144 2.81073
4.04993 2.86074
4.15015 2.66030
4.18970 2.72421
4.16868 2.79523
4.04993 2.86074
3.96507 2.67147
3.89837 2.74186
3.91144 2.81073
4.04993 2.86074
4.01469 2.93121
3.97949 3.00162
4.07871 2.80318
4.15519 2.86582
4.15687 2.93566
3.97949 3.00162
3.81923 2.81113
3.71770 2.87900
3.72381 2.94878
3.97949 3.00162
3.95383 3.05294
4.71477 3.04007
4.97674 2.57793
5.43396 1.66348
5.62519 1.08642
5.71456 0.75927
5.71295 0.83190
5.67990 0.95079
5.62519 1.08642
5.60370 0.92320
5.57119 1.03842
5.58042 1.09417
5.62519 1.08642
5.60861 1.17857
5.59825 1.26170
5.73309 0.90682
5.70932 1.01137
5.66169 1.13781
5.59825 1.26170
5.64355 1.00429
5.59137 1.13445
5.57616 1.22408
5.59825 1.26170
5.56321 1.36698
5.53323 1.46495
5.69586 1.13968
5.65793 1.25213
5.60131 1.36698
5.53323 1.46495
5.63087 1.16987
5.56824 1.29072
5.53343 1.39475
5.53323 1.46495
5.48235 1.56669
5.43396 1.66348
5.45998 1.23904
5.62473 0.85594
5.58731 0.97937
5.52967 1.11485
5.45998 1.23904
5.54162 0.93575
5.47749 1.07861
5.44969 1.18362
5.45998 1.23904
5.41494 1.35131
5.37474 1.45591
5.42181 1.20578
5.43168 1.26205
5.41494 1.35131
5.37474 1.45591
5.33290 1.31261
5.31294 1.40411
5.32845 1.45470
5.37474 1.45591
5.36790 1.53280
5.36591 1.60477
5.29814 1.48913
5.34440 1.49180
5.36790 1.53280
5.36591 1.60477
5.22327 1.60645
5.24633 1.65094
5.29834 1.65012
5.36591 1.60477
5.39796 1.63667
5.43396 1.66348
5.50987 1.40286
5.50868 1.47424
5.48235 1.56669
5.43396 1.66348
5.42713 1.47334
5.39552 1.56897
5.39796 1.63667
5.43396 1.66348
5.41516 1.74728
5.40059 1.82721
5.45238 1.59244
5.46049 1.65422
5.44285 1.73730
5.40059 1.82721
5.36796 1.65967
5.34429 1.74623
5.35587 1.80606
5.40059 1.82721
5.39041 1.90377
5.38495 1.97709
5.61624 1.45772
5.70041 1.17277
5.69622 1.24836
5.66675 1.34971
5.61624 1.45772
5.61373 1.26375
5.57993 1.36794
5.58132 1.43617
5.61624 1.45772
5.59602 1.54637
5.58047 1.63005
5.70886 1.34068
5.68679 1.43342
5.64211 1.53598
5.58047 1.63005
5.63612 1.38155
5.58598 1.48764
5.56571 1.57578
5.58047 1.63005
5.54075 1.72330
5.50362 1.81296
5.67065 1.55870
5.63229 1.65422
5.57420 1.74439
5.50362 1.81296
5.61482 1.55097
5.55259 1.64382
5.51202 1.73677
5.50362 1.81296
5.44472 1.89636
5.38495 1.97709
5.47362 1.51796
5.63407 1.20507
5.59714 1.31393
5.54124 1.42452
5.47362 1.51796
5.57064 1.22932
5.50894 1.34552
5.47408 1.44743
5.47362 1.51796
5.42238 1.61704
5.37329 1.71162
5.45090 1.45380
5.44908 1.52583
5.42238 1.61704
5.37329 1.71162
5.36878 1.51884
5.33639 1.61342
5.33782 1.68216
5.37329 1.71162
5.35326 1.79529
5.33747 1.87525
5.30782 1.70336
5.34267 1.73466
5.35326 1.79529
5.33747 1.87525
5.22431 1.79478
5.23095 1.85950
5.27218 1.88843
5.33747 1.87525
5.35833 1.92834
5.38495 1.97709
5.49119 1.73203
5.48088 1.80964
5.44472 1.89636
5.38495 1.97709
5.41195 1.76269
5.36904 1.85172
5.35833 1.92834
5.38495 1.97709
5.35117 2.05925
5.31949 2.13943
5.41397 1.90846
5.41077 1.98046
5.37895 2.06230
5.31949 2.13943
5.32777 1.93786
5.28804 2.02152
5.28351 2.09377
5.31949 2.13943
5.28997 2.21766
5.26291 2.29439
5.57982 1.84895
5.67309 1.59581
5.66635 1.67189
5.63428 1.76165
5.57982 1.84895
5.59346 1.64107
5.55520 1.73361
5.54967 1.80785
5.57982 1.84895
5.55253 1.93274
5.52834 2.01392
5.67414 1.77412
5.64882 1.85875
5.59853 1.94395
5.52834 2.01392
5.60431 1.77879
5.54887 1.86526
5.52037 1.94905
5.52834 2.01392
5.47647 2.09447
5.42382 2.17296
5.62553 1.98094
5.57848 2.06323
5.50766 2.13209
5.42382 2.17296
5.57039 1.94662
5.49944 2.01511
5.44582 2.09516
5.42382 2.17296
5.34572 2.23535
5.26291 2.29439
5.44422 1.83836
5.61486 1.59047
5.57500 1.68539
5.51553 1.77335
5.44422 1.83836
5.56077 1.57805
5.49762 1.66837
5.45497 1.76087
5.44422 1.83836
5.38322 1.91976
5.32118 1.99843
5.43470 1.75460
5.42205 1.83330
5.38322 1.91976
5.32118 1.99843
5.35669 1.77982
5.31137 1.86827
5.29751 1.94638
5.32118 1.99843
5.28394 2.08052
5.24828 2.16045
5.26735 1.95391
5.28943 2.00773
5.28394 2.08052
5.24828 2.16045
5.17433 2.01154
5.15990 2.08820
5.18593 2.14195
5.24828 2.16045
5.25217 2.22886
5.26291 2.29439
5.42596 2.08029
5.40147 2.15885
5.34572 2.23535
5.26291 2.29439
5.34507 2.07446
5.28400 2.15041
5.25217 2.22886
5.26291 2.29439
5.20000 2.36699
5.13275 2.43790
5.31180 2.23401
5.28789 2.31001
5.22698 2.38324
5.13275 2.43790
5.22041 2.22438
5.15383 2.29593
5.11911 2.37198
5.13275 2.43790
5.05958 2.50704
4.97862 2.57416
5.15749 1.70523
5.51375 1.10990
5.71360 0.66100
5.66004 0.81432
5.59067 0.97166
5.51375 1.10990
5.62276 0.75927
5.54525 0.92770
5.50885 1.04729
5.51375 1.10990
5.46250 1.23280
5.41714 1.34552
5.61281 0.99338
5.55790 1.12620
5.48983 1.24973
5.41714 1.34552
5.56095 1.00011
5.48537 1.13445
5.43442 1.25556
5.41714 1.34552
5.35566 1.45228
5.29631 1.55298
5.49402 1.30336
5.43318 1.41404
5.36363 1.50213
5.29631 1.55298
5.46969 1.25282
5.39703 1.34713
5.33475 1.45349
5.29631 1.55298
5.22698 1.63143
5.15749 1.70523
5.41843 1.10033
5.67202 0.65415
5.58411 0.84277
5.49777 0.99507
5.41843 1.10033
5.63674 0.63512
5.53165 0.82190
5.45625 0.98151
5.41843 1.10033
5.34493 1.22233
5.27567 1.33387
5.44267 0.97466
5.40324 1.09532
5.34493 1.22233
5.27567 1.33387
5.37040 1.02620
5.30543 1.16073
5.27222 1.26816
5.27567 1.33387
5.22667 1.44227
5.18128 1.54464
5.24713 1.28234
5.24967 1.34906
5.22667 1.44227
5.18128 1.54464
5.16120 1.37080
5.13377 1.46705
5.14138 1.52845
5.18128 1.54464
5.16705 1.62729
5.15749 1.70523
5.32603 1.43434
5.28580 1.53540
5.22698 1.63143
5.15749 1.70523
5.27167 1.43005
5.20860 1.52961
5.16705 1.62729
5.15749 1.70523
5.09938 1.79323
5.04120 1.87799
5.20530 1.63061
5.16928 1.72304
5.11224 1.81092
5.04120 1.87799
5.14671 1.62397
5.08572 1.71375
5.04689 1.80401
5.04120 1.87799
4.98264 1.95972
4.92321 2.03879
5.14429 1.53483
5.21899 1.26443
5.21832 1.33517
5.19226 1.43128
5.14429 1.53483
5.13375 1.34971
5.10302 1.44895
5.10722 1.51416
5.14429 1.53483
5.12689 1.61981
5.11422 1.70015
5.23546 1.42268
5.21663 1.51094
5.17458 1.60924
5.11422 1.70015
5.16188 1.46164
5.11412 1.56356
5.09660 1.64820
5.11422 1.70015
5.07647 1.79066
5.04120 1.87799
5.20530 1.63061
5.16928 1.72304
5.11224 1.81092
5.04120 1.87799
5.14671 1.62397
5.08572 1.71375
5.04689 1.80401
5.04120 1.87799
4.98264 1.95972
4.92321 2.03879
4.99864 1.59272
5.15194 1.29472
5.11852 1.39756
5.06519 1.50301
4.99864 1.59272
5.08769 1.31721
5.02886 1.42729
4.99652 1.52496
4.99864 1.59272
4.94902 1.68835
4.90116 1.78008
4.97292 1.53077
4.97359 1.60002
4.94902 1.68835
4.90116 1.78008
4.89034 1.59272
4.85974 1.68432
4.86340 1.75121
4.90116 1.78008
4.88315 1.86151
4.86942 1.93957
4.83290 1.77179
4.87019 1.80222
4.88315 1.86151
4.86942 1.93957
4.74897 1.86026
4.75753 1.92393
4.80157 1.95245
4.86942 1.93957
4.89327 1.99125
4.92321 2.03879
5.02487 1.79965
5.01720 1.87500
4.98264 1.95972
4.92321 2.03879
4.94345 1.82950
4.90161 1.91657
4.89327 1.99125
4.92321 2.03879
4.89088 2.11944
4.86075 2.19830
4.95080 1.97179
4.95035 2.04209
4.92040 2.12220
4.86075 2.19830
4.86149 2.00082
4.82278 2.08285
4.82090 2.15361
4.86075 2.19830
4.83311 2.27539
4.80815 2.35091
4.80933 1.95415
4.78177 1.77827
4.81645 1.81271
4.82642 1.87476
4.80933 1.95415
4.69664 1.86351
4.70158 1.93005
4.74269 1.96262
4.80933 1.95415
4.83002 2.00916
4.85692 2.05995
4.88628 1.84643
4.90388 1.90204
4.89441 1.97757
4.85692 2.05995
4.79696 1.90648
4.77985 1.98550
4.80084 2.04091
4.85692 2.05995
4.85586 2.13048
4.86075 2.19830
4.95080 1.97179
4.95035 2.04209
4.92040 2.12220
4.86075 2.19830
4.86149 2.00082
4.82278 2.08285
4.82090 2.15361
4.86075 2.19830
4.83311 2.27539
4.80815 2.35091
4.62109 2.05902
4.69612 1.82696
4.69831 1.89537
4.67311 1.97757
4.62109 2.05902
4.61012 1.86876
4.57719 1.95342
4.58012 2.02176
4.62109 2.05902
4.60065 2.13691
4.58404 2.21271
4.54674 2.03572
4.58676 2.07469
4.60065 2.13691
4.58404 2.21271
4.45294 2.10651
4.45857 2.17386
4.50617 2.21226
4.58404 2.21271
4.61142 2.26896
4.64760 2.32120
4.47098 2.23803
4.55028 2.24004
4.61142 2.26896
4.64760 2.32120
4.39622 2.32755
4.45784 2.36352
4.55113 2.36113
4.64760 2.32120
4.72472 2.33935
4.80815 2.35091
4.78532 2.16295
4.82363 2.20934
4.83311 2.27539
4.80815 2.35091
4.68218 2.22125
4.67981 2.29218
4.72472 2.33935
4.80815 2.35091
4.83212 2.41236
4.86692 2.47055
4.79550 2.29879
4.85046 2.33848
4.87702 2.39836
4.86692 2.47055
4.68405 2.36070
4.69642 2.42697
4.76252 2.46736
4.86692 2.47055
4.91501 2.52457
4.97862 2.57416
5.19187 2.14767
5.22506 1.93469
5.24251 1.99197
5.23209 2.06721
5.19187 2.14767
5.13293 1.98814
5.11373 2.06674
5.13416 2.12427
5.19187 2.14767
5.18962 2.21855
5.19365 2.28711
5.29095 2.06511
5.29013 2.13553
5.25796 2.21429
5.19365 2.28711
5.19770 2.08820
5.15591 2.16818
5.15230 2.23960
5.19365 2.28711
5.16216 2.36309
5.13275 2.43790
5.31180 2.23401
5.28789 2.31001
5.22698 2.38324
5.13275 2.43790
5.22041 2.22438
5.15383 2.29593
5.11911 2.37198
5.13275 2.43790
5.05958 2.50704
4.97862 2.57416
4.99995 2.17250
5.14445 1.94589
5.12331 2.02579
5.07384 2.10651
4.99995 2.17250
5.06717 1.94905
5.01176 2.03029
4.98581 2.10998
4.99995 2.17250
4.94700 2.24941
4.89235 2.32471
4.95546 2.10929
4.96700 2.17341
4.94700 2.24941
4.89235 2.32471
4.85623 2.14355
4.82484 2.22192
4.83574 2.28733
4.89235 2.32471
4.87702 2.39836
4.86692 2.47055
4.79550 2.29879
4.85046 2.33848
4.87702 2.39836
4.86692 2.47055
4.68405 2.36070
4.69642 2.42697
4.76252 2.46736
4.86692 2.47055
4.91501 2.52457
4.97862 2.57416
5.08285 2.36569
5.09191 2.43297
5.05958 2.50704
4.97862 2.57416
4.96328 2.38043
4.91451 2.45478
4.91501 2.52457
4.97862 2.57416
4.94238 2.64664
4.90637 2.71866
5.00837 2.51465
5.02899 2.58023
5.00058 2.65244
4.90637 2.71866
4.86363 2.52795
4.80946 2.60027
4.81630 2.66920
4.90637 2.71866
4.87074 2.78993
4.83533 2.86074
5.03841 2.45457
5.03991 2.25697
5.07387 2.31045
5.07581 2.37978
5.03841 2.45457
4.92801 2.30298
4.91443 2.37653
4.95235 2.43190
5.03841 2.45457
5.05381 2.52078
5.08130 2.58441
5.15651 2.37718
5.17473 2.44154
5.15267 2.51487
5.08130 2.58441
5.03299 2.39923
4.99223 2.47375
5.00470 2.54079
5.08130 2.58441
5.06101 2.65637
5.04625 2.72770
5.23938 2.52985
5.23506 2.60048
5.17446 2.67168
5.04625 2.72770
5.10069 2.52542
5.02350 2.59381
4.99545 2.66609
5.04625 2.72770
4.95408 2.79523
4.83533 2.86074
4.77461 2.47098
4.93688 2.26364
4.92088 2.33804
4.86673 2.41215
4.77461 2.47098
4.83811 2.26097
4.77554 2.33411
4.74903 2.40914
4.77461 2.47098
4.70917 2.54206
4.63684 2.61153
4.70907 2.40526
4.72977 2.46906
4.70917 2.54206
4.63684 2.61153
4.58141 2.42718
4.54053 2.50133
4.55505 2.56830
4.63684 2.61153
4.61828 2.68324
4.60652 2.75415
4.49911 2.57458
4.57645 2.62089
4.61828 2.68324
4.60652 2.75415
4.34036 2.62048
4.34548 2.68984
4.43809 2.74022
4.60652 2.75415
4.69684 2.81073
4.83533 2.86074
4.93555 2.66030
4.97510 2.72421
4.95408 2.79523
4.83533 2.86074
4.75047 2.67147
4.68377 2.74186
4.69684 2.81073
4.83533 2.86074
4.80009 2.93121
4.76489 3.00162
4.86411 2.80318
4.94059 2.86582
4.94227 2.93566
4.76489 3.00162
4.60453 2.81113
4.50310 2.87900
4.50921 2.94878
4.76489 3.00162
4.73923 3.05294
5.50017 3.04007
5.76214 2.57793
6.21936 1.66348
6.41059 1.08642
6.49996 0.75927
6.49835 0.83190
6.46530 0.95079
6.41059 1.08642
6.38910 0.92320
6.35659 1.03842
6.36582 1.09417
6.41059 1.08642
6.39401 1.17857
6.38365 1.26170
6.51849 0.90682
6.49472 1.01137
6.44709 1.13781
6.38365 1.26170
6.42895 1.00429
6.37677 1.13445
6.36156 1.22408
6.38365 1.26170
6.34861 1.36698
6.31863 1.46495
6.48126 1.13968
6.44333 1.25213
6.38671 1.36698
6.31863 1.46495
6.41627 1.16987
6.35364 1.29072
6.31883 1.39475
6.31863 1.46495
6.26775 1.56669
6.21936 1.66348
6.24538 1.23904
6.41013 0.85594
6.37271 0.97937
6.31507 1.11485
6.24538 1.23904
6.32702 0.93575
6.26289 1.07861
6.23509 1.18362
6.24538 1.23904
6.20034 1.35131
6.16014 1.45591
6.20721 1.20578
6.21708 1.26205
6.20034 1.35131
6.16014 1.45591
6.11830 1.31261
6.09834 1.40411
6.11385 1.45470
6.16014 1.45591
6.15330 1.53280
6.15131 1.60477
6.08354 1.48913
6.12980 1.49180
6.15330 1.53280
6.15131 1.60477
6.00867 1.60645
6.03173 1.65094
6.08374 1.65012
6.15131 1.60477
6.18336 1.63667
6.21936 1.66348
6.29527 1.40286
6.29408 1.47424
6.26775 1.56669
6.21936 1.66348
6.21253 1.47334
6.18092 1.56897
6.18336 1.63667
6.21936 1.66348
6.20056 1.74728
6.18599 1.82721
6.23768 1.59244
6.24589 1.65422
6.22825 1.73730
6.18599 1.82721
6.15336 1.65967
6.12969 1.74623
6.14127 1.80606
6.18599 1.82721
6.17581 1.90377
6.17035 1.97709
6.40164 1.45772
6.48581 1.17277
6.48162 1.24836
6.45215 1.34971
6.40164 1.45772
6.39913 1.26375
6.36533 1.36794
6.36672 1.43617
6.40164 1.45772
6.38142 1.54637
6.36577 1.63005
6.49426 1.34068
6.47219 1.43342
6.42751 1.53598
6.36577 1.63005
6.42152 1.38155
6.37138 1.48764
6.35111 1.57578
6.36577 1.63005
6.32615 1.72330
6.28902 1.81296
6.45605 1.55870
6.41769 1.65422
6.35960 1.74439
6.28902 1.81296
6.40022 1.55097
6.33799 1.64382
6.29742 1.73677
6.28902 1.81296
6.23012 1.89636
6.17035 1.97709
6.25902 1.51796
6.41947 1.20507
6.38254 1.31393
6.32664 1.42452
6.25902 1.51796
6.35604 1.22932
6.29434 1.34552
6.25948 1.44743
6.25902 1.51796
6.20778 1.61704
6.15869 1.71162
6.23630 1.45380
6.23448 1.52583
6.20778 1.61704
6.15869 1.71162
6.15418 1.51884
6.12179 1.61342
6.12322 1.68216
6.15869 1.71162
6.13866 1.79529
6.12287 1.87525
6.09322 1.70336
6.12807 1.73466
6.13866 1.79529
6.12287 1.87525
6.00971 1.79478
6.01635 1.85950
6.05758 1.88843
6.12287 1.87525
6.14373 1.92834
6.17035 1.97709
6.27659 1.73203
6.26628 1.80964
6.23012 1.89636
6.17035 1.97709
6.19735 1.76269
6.15444 1.85172
6.14373 1.92834
6.17035 1.97709
6.13657 2.05925
6.10489 2.13943
6.19937 1.90846
6.19617 1.98046
6.16435 2.06230
6.10489 2.13943
6.11317 1.93786
6.07344 2.02152
6.06891 2.09377
6.10489 2.13943
6.07537 2.21766
6.04831 2.29439
6.36522 1.84895
6.45849 1.59581
6.45175 1.67189
6.41968 1.76165
6.36522 1.84895
6.37886 1.64107
6.34060 1.73361
6.33507 1.80785
6.36522 1.84895
6.33793 1.93274
6.31374 2.01392
6.45954 1.77412
6.43422 1.85875
6.38393 1.94395
6.31374 2.01392
6.38971 1.77879
6.33427 1.86526
6.30577 1.94905
6.31374 2.01392
6.26187 2.09447
6.20922 2.17296
6.41093 1.98094
6.36388 2.06323
6.29306 2.13209
6.20922 2.17296
6.35579 1.94662
6.28484 2.01511
6.23122 2.09516
6.20922 2.17296
6.13112 2.23535
6.04831 2.29439
6.22962 1.83836
6.40026 1.59047
6.36040 1.68539
6.30093 1.77335
6.22962 1.83836
6.34617 1.57805
6.28302 1.66837
6.24037 1.76087
6.22962 1.83836
6.16862 1.91976
6.10658 1.99843
6.22010 1.75460
6.20745 1.83330
6.16862 1.91976
6.10658 1.99843
6.14209 1.77982
6.09677 1.86827
6.08291 1.94638
6.10658 1.99843
6.06934 2.08052
6.03368 2.16045
6.05275 1.95391
6.07483 2.00773
6.06934 2.08052
6.03368 2.16045
5.95973 2.01154
5.94530 2.08820
5.97133 2.14195
6.03368 2.16045
6.03757 2.22886
6.04831 2.29439
6.21136 2.08029
6.18687 2.15885
6.13112 2.23535
6.04831 2.29439
6.13047 2.07446
6.06940 2.15041
6.03757 2.22886
6.04831 2.29439
5.98540 2.36699
5.91815 2.43790
6.09720 2.23401
6.07329 2.31001
6.01238 2.38324
5.91815 2.43790
6.00581 2.22438
5.93923 2.29593
5.90451 2.37198
5.91815 2.43790
5.84498 2.50704
5.76402 2.57416
5.94289 1.70523
6.29915 1.10990
6.49900 0.66100
6.44544 0.81432
6.37607 0.97166
6.29915 1.10990
6.40816 0.75927
6.33065 0.92770
6.29425 1.04729
6.29915 1.10990
6.24790 1.23280
6.20254 1.34552
6.39821 0.99338
6.34330 1.12620
6.27523 1.24973
6.20254 1.34552
6.34635 1.00011
6.27077 1.13445
6.21982 1.25556
6.20254 1.34552
6.14106 1.45228
6.08171 1.55298
6.27942 1.30336
6.21858 1.41404
6.14903 1.50213
6.08171 1.55298
6.25509 1.25282
6.18243 1.34713
6.12015 1.45349
6.08171 1.55298
6.01238 1.63143
5.94289 1.70523
6.20383 1.10033
6.45742 0.65415
6.36951 0.84277
6.28317 0.99507
6.20383 1.10033
6.42204 0.63512
6.31705 0.82190
6.24165 0.98151
6.20383 1.10033
6.13033 1.22233
6.06107 1.33387
6.22807 0.97466
6.18864 1.09532
6.13033 1.22233
6.06107 1.33387
6.15580 1.02620
6.09083 1.16073
6.05762 1.26816
6.06107 1.33387
6.01207 1.44227
5.96668 1.54464
6.03243 1.28234
6.03507 1.34906
6.01207 1.44227
5.96668 1.54464
5.94660 1.37080
5.91917 1.46705
5.92678 1.52845
5.96668 1.54464
5.95245 1.62729
5.94289 1.70523
6.11143 1.43434
6.07120 1.53540
6.01238 1.63143
5.94289 1.70523
6.05707 1.43005
5.99400 1.52961
5.95245 1.62729
5.94289 1.70523
5.88478 1.79323
5.82660 1.87799
5.99070 1.63061
5.95468 1.72304
5.89764 1.81092
5.82660 1.87799
5.93211 1.62397
5.87112 1.71375
5.83229 1.80401
5.82660 1.87799
5.76804 1.95972
5.70861 2.03879
5.92969 1.53483
6.00439 1.26443
6.00372 1.33517
5.97766 1.43128
5.92969 1.53483
5.91915 1.34971
5.88842 1.44895
5.89262 1.51416
5.92969 1.53483
5.91229 1.61981
5.89962 1.70015
6.02086 1.42268
6.00203 1.51094
5.95998 1.60924
5.89962 1.70015
5.94728 1.46164
5.89952 1.56356
5.88200 1.64820
5.89962 1.70015
5.86187 1.79066
5.82660 1.87799
5.99070 1.63061
5.95468 1.72304
5.89764 1.81092
5.82660 1.87799
5.93211 1.62397
5.87112 1.71375
5.83229 1.80401
5.82660 1.87799
5.76804 1.95972
5.70861 2.03879
5.78404 1.59272
5.93734 1.29472
5.90392 1.39756
5.85059 1.50301
5.78404 1.59272
5.87309 1.31721
5.81426 1.42729
5.78192 1.52496
5.78404 1.59272
5.73442 1.68835
5.68656 1.78008
5.75832 1.53077
5.75899 1.60002
5.73442 1.68835
5.68656 1.78008
5.67574 1.59272
5.64514 1.68432
5.64880 1.75121
5.68656 1.78008
5.66855 1.86151
5.65482 1.93957
5.61830 1.77179
5.65559 1.80222
5.66855 1.86151
5.65482 1.93957
5.53437 1.86026
5.54293 1.92393
5.58697 1.95245
5.65482 1.93957
5.67867 1.99125
5.70861 2.03879
5.81027 1.79965
5.80260 1.87500
5.76804 1.95972
5.70861 2.03879
5.72885 1.82950
5.68701 1.91657
5.67867 1.99125
5.70861 2.03879
5.67628 2.11944
5.64615 2.19830
5.73620 1.97179
5.73575 2.04209
5.70580 2.12220
5.64615 2.19830
5.64689 2.00082
5.60818 2.08285
5.60630 2.15361
5.64615 2.19830
5.61851 2.27539
5.59355 2.35091
5.59473 1.95415
5.56717 1.77827
5.60185 1.81271
5.61182 1.87476
5.59473 1.95415
5.48204 1.86351
5.48698 1.93005
5.52809 1.96262
5.59473 1.95415
5.61542 2.00916
5.64232 2.05995
5.67168 1.84643
5.68928 1.90204
5.67981 1.97757
5.64232 2.05995
5.58236 1.90648
5.56525 1.98550
5.58624 2.04091
5.64232 2.05995
5.64126 2.13048
5.64615 2.19830
5.73620 1.97179
5.73575 2.04209
5.70580 2.12220
5.64615 2.19830
5.64689 2.00082
5.60818 2.08285
5.60630 2.15361
5.64615 2.19830
5.61851 2.27539
5.59355 2.35091
5.40649 2.05902
5.48152 1.82696
5.48371 1.89537
5.45851 1.97757
5.40649 2.05902
5.39552 1.86876
5.36259 1.95342
5.36552 2.02176
5.40649 2.05902
5.38605 2.13691
5.36944 2.21271
5.33214 2.03572
5.37216 2.07469
5.38605 2.13691
5.36944 2.21271
5.23834 2.10651
5.24397 2.17386
5.29157 2.21226
5.36944 2.21271
5.39682 2.26896
5.43300 2.32120
5.25638 2.23803
5.33568 2.24004
5.39682 2.26896
5.43300 2.32120
5.18162 2.32755
5.24324 2.36352
5.33653 2.36113
5.43300 2.32120
5.51012 2.33935
5.59355 2.35091
5.57072 2.16295
5.60903 2.20934
5.61851 2.27539
5.59355 2.35091
5.46758 2.22125
5.46521 2.29218
5.51012 2.33935
5.59355 2.35091
5.61752 2.41236
5.65232 2.47055
5.58090 2.29879
5.63586 2.33848
5.66242 2.39836
5.65232 2.47055
5.46945 2.36070
5.48182 2.42697
5.54792 2.46736
5.65232 2.47055
5.70041 2.52457
5.76402 2.57416
5.97727 2.14767
6.01046 1.93469
6.02791 1.99197
6.01749 2.06721
5.97727 2.14767
5.91833 1.98814
5.89913 2.06674
5.91956 2.12427
5.97727 2.14767
5.97502 2.21855
5.97905 2.28711
6.07635 2.06511
6.07553 2.13553
6.04336 2.21429
5.97905 2.28711
5.98310 2.08820
5.94131 2.16818
5.93770 2.23960
5.97905 2.28711
5.94756 2.36309
5.91815 2.43790
6.09720 2.23401
6.07329 2.31001
6.01238 2.38324
5.91815 2.43790
6.00581 2.22438
5.93923 2.29593
5.90451 2.37198
5.91815 2.43790
5.84498 2.50704
5.76402 2.57416
5.78535 2.17250
5.92985 1.94589
5.90871 2.02579
5.85914 2.10651
5.78535 2.17250
5.85257 1.94905
5.79716 2.03029
5.77121 2.10998
5.78535 2.17250
5.73240 2.24941
5.67775 2.32471
5.74086 2.10929
5.75240 2.17341
5.73240 2.24941
5.67775 2.32471
5.64163 2.14355
5.61024 2.22192
5.62114 2.28733
5.67775 2.32471
5.66242 2.39836
5.65232 2.47055
5.58090 2.29879
5.63586 2.33848
5.66242 2.39836
5.65232 2.47055
5.46945 2.36070
5.48182 2.42697
5.54792 2.46736
5.65232 2.47055
5.70041 2.52457
5.76402 2.57416
5.86825 2.36569
5.87731 2.43297
5.84498 2.50704
5.76402 2.57416
5.74868 2.38043
5.69991 2.45478
5.70041 2.52457
5.76402 2.57416
5.72778 2.64664
5.69177 2.71866
5.79377 2.51465
5.81439 2.58023
5.78598 2.65244
5.69177 2.71866
5.64903 2.52795
5.59486 2.60027
5.60170 2.66920
5.69177 2.71866
5.65614 2.78993
5.62073 2.86074
5.82381 2.45457
5.82531 2.25697
5.85927 2.31045
5.86121 2.37978
5.82381 2.45457
5.71341 2.30298
5.69983 2.37653
5.73775 2.43190
5.82381 2.45457
5.83921 2.52078
5.86670 2.58441
5.94191 2.37718
5.96003 2.44154
5.93807 2.51487
5.86670 2.58441
5.81839 2.39923
5.77763 2.47375
5.79010 2.54079
5.86670 2.58441
5.84641 2.65637
5.83165 2.72770
6.02478 2.52985
6.02046 2.60048
5.95986 2.67168
5.83165 2.72770
5.88609 2.52542
5.80890 2.59381
5.78085 2.66609
5.83165 2.72770
5.73948 2.79523
5.62073 2.86074
5.56001 2.47098
5.72228 2.26364
5.70628 2.33804
5.65213 2.41215
5.56001 2.47098
5.62351 2.26097
5.56094 2.33411
5.53443 2.40914
5.56001 2.47098
5.49457 2.54206
5.42224 2.61153
5.49447 2.40526
5.51517 2.46906
5.49457 2.54206
5.42224 2.61153
5.36681 2.42718
5.32593 2.50133
5.34045 2.56830
5.42224 2.61153
5.40368 2.68324
5.39192 2.75415
5.28451 2.57458
5.36185 2.62089
5.40368 2.68324
5.39192 2.75415
5.12576 2.62048
5.13088 2.68984
5.22349 2.74022
5.39192 2.75415
5.48224 2.81073
5.62073 2.86074
5.72095 2.66030
5.76050 2.72421
5.73948 2.79523
5.62073 2.86074
5.53587 2.67147
5.46917 2.74186
5.48224 2.81073
5.62073 2.86074
5.58549 2.93121
5.55029 3.00162
5.64951 2.80318
5.72599 2.86582
5.72767 2.93566
5.55029 3.00162
5.38993 2.81113
5.28850 2.87900
5.29461 2.94878
5.55029 3.00162
5.52463 3.05294
6.28557 3.04007
6.54754 2.57793
7.00476 1.66348
7.19599 1.08642
7.28536 0.75927
7.28375 0.83190
7.25070 0.95079
7.19599 1.08642
7.17450 0.92320
7.14199 1.03842
7.15122 1.09417
7.19599 1.08642
7.17941 1.17857
7.16905 1.26170
7.30389 0.90682
7.28012 1.01137
7.23249 1.13781
7.16905 1.26170
7.21435 1.00429
7.16217 1.13445
7.14696 1.22408
7.16905 1.26170
7.13401 1.36698
7.10403 1.46495
7.26666 1.13968
7.22873 1.25213
7.17211 1.36698
7.10403 1.46495
7.20167 1.16987
7.13904 1.29072
7.10423 1.39475
7.10403 1.46495
7.05315 1.56669
7.00476 1.66348
7.03078 1.23904
7.19553 0.85594
7.15811 0.97937
7.10047 1.11485
7.03078 1.23904
7.11242 0.93575
7.04829 1.07861
7.02049 1.18362
7.03078 1.23904
6.98574 1.35131
6.94554 1.45591
6.99261 1.20578
7.00248 1.26205
6.98574 1.35131
6.94554 1.45591
6.90370 1.31261
6.88374 1.40411
6.89925 1.45470
6.94554 1.45591
6.93870 1.53280
6.93671 1.60477
6.86894 1.48913
6.91520 1.49180
6.93870 1.53280
6.93671 1.60477
6.79407 1.60645
6.81713 1.65094
6.86914 1.65012
6.93671 1.60477
6.96876 1.63667
7.00476 1.66348
7.08067 1.40286
7.07948 1.47424
7.05315 1.56669
7.00476 1.66348
6.99793 1.47334
6.96632 1.56897
6.96876 1.63667
7.00476 1.66348
6.98596 1.74728
6.97139 1.82721
7.02308 1.59244
7.03129 1.65422
7.01365 1.73730
6.97139 1.82721
6.93876 1.65967
6.91509 1.74623
6.92667 1.80606
6.97139 1.82721
6.96121 1.90377
6.95575 1.97709
7.18704 1.45772
7.27121 1.17277
7.26702 1.24836
7.23755 1.34971
7.18704 1.45772
7.18453 1.26375
7.15073 1.36794
7.15212 1.43617
7.18704 1.45772
7.16682 1.54637
7.15117 1.63005
7.27966 1.34068
7.25759 1.43342
7.21291 1.53598
7.15117 1.63005
7.20692 1.38155
7.15678 1.48764
7.13651 1.57578
7.15117 1.63005
7.11155 1.72330
7.07442 1.81296
7.24145 1.55870
7.20309 1.65422
7.14500 1.74439
7.07442 1.81296
7.18562 1.55097
7.12339 1.64382
7.08282 1.73677
7.07442 1.81296
7.01552 1.89636
6.95575 1.97709
7.04442 1.51796
7.20487 1.20507
7.16794 1.31393
7.11204 1.42452
7.04442 1.51796
7.14144 1.22932
7.07974 1.34552
7.04488 1.44743
7.04442 1.51796
6.99318 1.61704
6.94409 1.71162
7.02170 1.45380
7.01988 1.52583
6.99318 1.61704
6.94409 1.71162
6.93958 1.51884
6.90719 1.61342
6.90862 1.68216
6.94409 1.71162
6.92406 1.79529
6.90827 1.87525
6.87862 1.70336
6.91347 1.73466
6.92406 1.79529
6.90827 1.87525
6.79511 1.79478
6.80175 1.85950
6.84298 1.88843
6.90827 1.87525
6.92913 1.92834
6.95575 1.97709
7.06199 1.73203
7.05168 1.80964
7.01552 1.89636
6.95575 1.97709
6.98275 1.76269
6.93984 1.85172
6.92913 1.92834
6.95575 1.97709
6.92197 2.05925
6.89029 2.13943
6.98477 1.90846
6.98147 1.98046
6.94975 2.06230
6.89029 2.13943
6.89857 1.93786
6.85884 2.02152
6.85431 2.09377
6.89029 2.13943
6.86077 2.21766
6.83371 2.29439
7.15062 1.84895
7.24389 1.59581
7.23715 1.67189
7.20508 1.76165
7.15062 1.84895
7.16426 1.64107
7.12600 1.73361
7.12047 1.80785
7.15062 1.84895
7.12333 1.93274
7.09914 2.01392
7.24484 1.77412
7.21962 1.85875
7.16933 1.94395
7.09914 2.01392
7.17511 1.77879
7.11967 1.86526
7.09117 1.94905
7.09914 2.01392
7.04727 2.09447
6.99462 2.17296
7.19633 1.98094
7.14928 2.06323
7.07846 2.13209
6.99462 2.17296
7.14119 1.94662
7.07014 2.01511
7.01662 2.09516
6.99462 2.17296
6.91652 2.23535
6.83371 2.29439
7.01502 1.83836
7.18566 1.59047
7.14580 1.68539
7.08633 1.77335
7.01502 1.83836
7.13157 1.57805
7.06842 1.66837
7.02577 1.76087
7.01502 1.83836
6.95402 1.91976
6.89198 1.99843
7.00550 1.75460
6.99285 1.83330
6.95402 1.91976
6.89198 1.99843
6.92749 1.77982
6.88217 1.86827
6.86831 1.94638
6.89198 1.99843
6.85474 2.08052
6.81908 2.16045
6.83805 1.95391
6.86023 2.00773
6.85474 2.08052
6.81908 2.16045
6.74513 2.01154
6.73070 2.08820
6.75673 2.14195
6.81908 2.16045
6.82297 2.22886
6.83371 2.29439
6.99676 2.08029
6.97227 2.15885
6.91652 2.23535
6.83371 2.29439
6.91587 2.07446
6.85480 2.15041
6.82297 2.22886
6.83371 2.29439
6.77080 2.36699
6.70355 2.43790
6.88260 2.23401
6.85869 2.31001
6.79778 2.38324
6.70355 2.43790
6.79121 2.22438
6.72463 2.29593
6.68991 2.37198
6.70355 2.43790
6.63038 2.50704
6.54942 2.57416
6.72829 1.70523
7.08455 1.10990
7.28440 0.66100
7.23074 0.81432
7.16147 0.97166
7.08455 1.10990
7.19356 0.75927
7.11605 0.92770
7.07965 1.04729
7.08455 1.10990
7.03330 1.23280
6.98794 1.34552
7.18361 0.99338
7.12870 1.12620
7.06063 1.24973
6.98794 1.34552
7.13175 1.00011
7.05617 1.13445
7.00522 1.25556
6.98794 1.34552
6.92636 1.45228
6.86711 1.55298
7.06482 1.30336
7.00398 1.41404
6.93443 1.50213
6.86711 1.55298
7.04049 1.25282
6.96783 1.34713
6.90555 1.45349
6.86711 1.55298
6.79778 1.63143
6.72829 1.70523
6.98923 1.10033
7.24282 0.65415
7.15491 0.84277
7.06857 0.99507
6.98923 1.10033
7.20744 0.63512
7.10245 0.82190
7.02705 0.98151
6.98923 1.10033
6.91573 1.22233
6.84647 1.33387
7.01347 0.97466
6.97404 1.09532
6.91573 1.22233
6.84647 1.33387
6.94120 1.02620
6.87623 1.16073
6.84302 1.26816
6.84647 1.33387
6.79747 1.44227
6.75208 1.54464
6.81783 1.28234
6.82047 1.34906
6.79747 1.44227
6.75208 1.54464
6.73200 1.37080
6.70457 1.46705
6.71218 1.52845
6.75208 1.54464
6.73785 1.62729
6.72829 1.70523
6.89683 1.43434
6.85660 1.53540
6.79778 1.63143
6.72829 1.70523
6.84247 1.43005
6.77940 1.52961
6.73785 1.62729
6.72829 1.70523
6.67018 1.79323
6.61200 1.87799
6.77610 1.63061
6.74008 1.72304
6.68304 1.81092
6.61200 1.87799
6.71751 1.62397
6.65652 1.71375
6.61769 1.80401
6.61200 1.87799
6.55344 1.95972
6.49401 2.03879
6.71509 1.53483
6.78979 1.26443
6.78912 1.33517
6.76306 1.43128
6.71509 1.53483
6.70455 1.34971
6.67382 1.44895
6.67802 1.51416
6.71509 1.53483
6.69769 1.61981
6.68502 1.70015
6.80626 1.42268
6.78743 1.51094
6.74538 1.60924
6.68502 1.70015
6.73268 1.46164
6.68492 1.56356
6.66740 1.64820
6.68502 1.70015
6.64727 1.79066
6.61200 1.87799
6.77610 1.63061
6.74008 1.72304
6.68304 1.81092
6.61200 1.87799
6.71751 1.62397
6.65652 1.71375
6.61769 1.80401
6.61200 1.87799
6.55344 1.95972
6.49401 2.03879
6.56944 1.59272
6.72274 1.29472
6.68932 1.39756
6.63599 1.50301
6.56944 1.59272
6.65849 1.31721
6.59966 1.42729
6.56732 1.52496
6.56944 1.59272
6.51982 1.68835
6.47196 1.78008
6.54372 1.53077
6.54439 1.60002
6.51982 1.68835
6.47196 1.78008
6.46114 1.59272
6.43054 1.68432
6.43420 1.75121
6.47196 1.78008
6.45395 1.86151
6.44022 1.93957
6.40370 1.77179
6.44099 1.80222
6.45395 1.86151
6.44022 1.93957
6.31977 1.86026
6.32833 1.92393
6.37237 1.95245
6.44022 1.93957
6.46407 1.99125
6.49401 2.03879
6.59567 1.79965
6.58800 1.87500
6.55344 1.95972
6.49401 2.03879
6.51425 1.82950
6.47241 1.91657
6.46407 1.99125
6.49401 2.03879
6.46168 2.11944
6.43155 2.19830
6.52160 1.97179
6.52115 2.04209
6.49120 2.12220
6.43155 2.19830
6.43229 2.00082
6.39358 2.08285
6.39170 2.15361
6.43155 2.19830
6.40391 2.27539
6.37895 2.35091
6.38013 1.95415
6.35257 1.77827
6.38725 1.81271
6.39722 1.87476
6.38013 1.95415
6.26744 1.86351
6.27238 1.93005
6.31349 1.96262
6.38013 1.95415
6.40082 2.00916
6.42772 2.05995
6.45708 1.84643
6.47468 1.90204
6.46521 1.97757
6.42772 2.05995
6.36776 1.90648
6.35065 1.98550
6.37164 2.04091
6.42772 2.05995
6.42666 2.13048
6.43155 2.19830
6.52160 1.97179
6.52115 2.04209
6.49120 2.12220
6.43155 2.19830
6.43229 2.00082
6.39358 2.08285
6.39170 2.15361
6.43155 2.19830
6.40391 2.27539
6.37895 2.35091
6.19189 2.05902
6.26692 1.82696
6.26911 1.89537
6.24391 1.97757
6.19189 2.05902
6.18092 1.86876
6.14799 1.95342
6.15092 2.02176
6.19189 2.05902
6.17145 2.13691
6.15484 2.21271
6.11754 2.03572
6.15756 2.07469
6.17145 2.13691
6.15484 2.21271
6.02374 2.10651
6.02937 2.17386
6.07697 2.21226
6.15484 2.21271
6.18222 2.26896
6.21840 2.32120
6.04178 2.23803
6.12108 2.24004
6.18222 2.26896
6.21840 2.32120
5.96702 2.32755
6.02864 2.36352
6.12193 2.36113
6.21840 2.32120
6.29552 2.33935
6.37895 2.35091
6.35612 2.16295
6.39443 2.20934
6.40391 2.27539
6.37895 2.35091
6.25298 2.22125
6.25061 2.29218
6.29552 2.33935
6.37895 2.35091
6.40292 2.41236
6.43772 2.47055
6.36630 2.29879
6.42126 2.33848
6.44782 2.39836
6.43772 2.47055
6.25485 2.36070
6.26722 2.42697
6.33332 2.46736
6.43772 2.47055
6.48581 2.52457
6.54942 2.57416
6.76267 2.14767
6.79586 1.93469
6.81331 1.99197
6.80289 2.06721
6.76267 2.14767
6.70373 1.98814
6.68453 2.06674
6.70496 2.12427
6.76267 2.14767
6.76042 2.21855
6.76445 2.28711
6.86175 2.06511
6.86093 2.13553
6.82876 2.21429
6.76445 2.28711
6.76850 2.08820
6.72671 2.16818
6.72310 2.23960
6.76445 2.28711
6.73296 2.36309
6.70355 2.43790
6.88260 2.23401
6.85869 2.31001
6.79778 2.38324
6.70355 2.43790
6.79121 2.22438
6.72463 2.29593
6.68991 2.37198
6.70355 2.43790
6.63038 2.50704
6.54942 2.57416
6.57075 2.17250
6.71525 1.94589
6.69411 2.02579
6.64454 2.10651
6.57075 2.17250
6.63797 1.94905
6.58256 2.03029
6.55661 2.10998
6.57075 2.17250
6.51780 2.24941
6.46315 2.32471
6.52626 2.10929
6.53780 2.17341
6.51780 2.24941
6.46315 2.32471
6.42703 2.14355
6.39564 2.22192
6.40654 2.28733
6.46315 2.32471
6.44782 2.39836
6.43772 2.47055
6.36630 2.29879
6.42126 2.33848
6.44782 2.39836
6.43772 2.47055
6.25485 2.36070
6.26722 2.42697
6.33332 2.46736
6.43772 2.47055
6.48581 2.52457
6.54942 2.57416
6.65365 2.36569
6.66271 2.43297
6.63038 2.50704
6.54942 2.57416
6.53408 2.38043
6.48531 2.45478
6.48581 2.52457
6.54942 2.57416
6.51318 2.64664
6.47717 2.71866
6.57917 2.51465
6.59979 2.58023
6.57138 2.65244
6.47717 2.71866
6.43443 2.52795
6.38026 2.60027
6.38710 2.66920
6.47717 2.71866
6.44154 2.78993
6.40613 2.86074
6.60921 2.45457
6.61071 2.25697
6.64467 2.31045
6.64661 2.37978
6.60921 2.45457
6.49881 2.30298
6.48523 2.37653
6.52315 2.43190
6.60921 2.45457
6.62461 2.52078
6.65210 2.58441
6.72731 2.37718
6.74543 2.44154
6.72347 2.51487
6.65210 2.58441
6.60379 2.39923
6.56303 2.47375
6.57550 2.54079
6.65210 2.58441
6.63181 2.65637
6.61705 2.72770
6.81018 2.52985
6.80586 2.60048
6.74526 2.67168
6.61705 2.72770
6.67149 2.52542
6.59430 2.59381
6.56625 2.66609
6.61705 2.72770
6.52488 2.79523
6.40613 2.86074
6.34541 2.47098
6.50768 2.26364
6.49168 2.33804
6.43753 2.41215
6.34541 2.47098
6.40891 2.26097
6.34634 2.33411
6.31983 2.40914
6.34541 2.47098
6.27997 2.54206
6.20764 2.61153
6.27987 2.40526
6.30057 2.46906
6.27997 2.54206
6.20764 2.61153
6.15221 2.42718
6.11133 2.50133
6.12585 2.56830
6.20764 2.61153
6.18908 2.68324
6.17732 2.75415
6.06991 2.57458
6.14725 2.62089
6.18908 2.68324
6.17732 2.75415
5.91116 2.62048
5.91628 2.68984
6.00889 2.74022
6.17732 2.75415
6.26764 2.81073
6.40613 2.86074
6.50635 2.66030
6.54590 2.72421
6.52488 2.79523
6.40613 2.86074
6.32127 2.67147
6.25457 2.74186
6.26764 2.81073
6.40613 2.86074
6.37089 2.93121
6.33569 3.00162
6.43491 2.80318
6.51139 2.86582
6.51307 2.93566
6.33569 3.00162
6.17533 2.81113
6.07390 2.87900
6.08001 2.94878
6.33569 3.00162
6.31003 3.05294
7.07097 3.04007
7.33294 2.57793
7.79016 1.66348
7.98139 1.08642
8.07076 0.75927
8.06915 0.83190
8.03610 0.95079
7.98139 1.08642
7.95990 0.92320
7.92739 1.03842
7.93662 1.09417
7.98139 1.08642
7.96481 1.17857
7.95445 1.26170
8.08929 0.90682
8.06552 1.01137
8.01789 1.13781
7.95445 1.26170
7.99975 1.00429
7.94757 1.13445
7.93236 1.22408
7.95445 1.26170
7.91941 1.36698
7.88943 1.46495
8.05206 1.13968
8.01413 1.25213
7.95751 1.36698
7.88943 1.46495
7.98707 1.16987
7.92444 1.29072
7.88963 1.39475
7.88943 1.46495
7.83855 1.56669
7.79016 1.66348
7.81618 1.23904
7.98093 0.85594
7.94351 0.97937
7.88587 1.11485
7.81618 1.23904
7.89782 0.93575
7.83369 1.07861
7.80589 1.18362
7.81618 1.23904
7.77114 1.35131
7.73094 1.45591
7.77801 1.20578
7.78788 1.26205
7.77114 1.35131
7.73094 1.45591
7.68910 1.31261
7.66914 1.40411
7.68465 1.45470
7.73094 1.45591
7.72410 1.53280
7.72211 1.60477
7.65434 1.48913
7.70060 1.49180
7.72410 1.53280
7.72211 1.60477
7.57947 1.60645
7.60253 1.65094
7.65454 1.65012
7.72211 1.60477
7.75416 1.63667
7.79016 1.66348
7.86607 1.40286
7.86488 1.47424
7.83855 1.56669
7.79016 1.66348
7.78333 1.47334
7.75172 1.56897
7.75416 1.63667
7.79016 1.66348
7.77136 1.74728
7.75679 1.82721
7.80848 1.59244
7.81669 1.65422
7.79905 1.73730
7.75679 1.82721
7.72416 1.65967
7.70049 1.74623
7.71207 1.80606
7.75679 1.82721
7.74661 1.90377
7.74115 1.97709
7.97244 1.45772
8.05661 1.17277
8.05242 1.24836
8.02295 1.34971
7.97244 1.45772
7.96993 1.26375
7.93613 1.36794
7.93752 1.43617
7.97244 1.45772
7.95222 1.54637
7.93657 1.63005
8.06506 1.34068
8.04299 1.43342
7.99831 1.53598
7.93657 1.63005
7.99232 1.38155
7.94218 1.48764
7.92191 1.57578
7.93657 1.63005
7.89695 1.72330
7.85982 1.81296
8.02685 1.55870
7.98849 1.65422
7.93030 1.74439
7.85982 1.81296
7.97102 1.55097
7.90879 1.64382
7.86822 1.73677
7.85982 1.81296
7.80092 1.89636
7.74115 1.97709
7.82982 1.51796
7.99027 1.20507
7.95334 1.31393
7.89744 1.42452
7.82982 1.51796
7.92684 1.22932
7.86514 1.34552
7.83028 1.44743
7.82982 1.51796
7.77858 1.61704
7.72949 1.71162
7.80710 1.45380
7.80528 1.52583
7.77858 1.61704
7.72949 1.71162
7.72498 1.51884
7.69259 1.61342
7.69402 1.68216
7.72949 1.71162
7.70946 1.79529
7.69367 1.87525
7.66402 1.70336
7.69887 1.73466
7.70946 1.79529
7.69367 1.87525
7.58051 1.79478
7.58715 1.85950
7.62838 1.88843
7.69367 1.87525
7.71453 1.92834
7.74115 1.97709
7.84739 1.73203
7.83708 1.80964
7.80092 1.89636
7.74115 1.97709
7.76815 1.76269
7.72524 1.85172
7.71453 1.92834
7.74115 1.97709
7.70737 2.05925
7.67569 2.13943
7.77017 1.90846
7.76687 1.98046
7.73515 2.06230
7.67569 2.13943
7.68397 1.93786
7.64424 2.02152
7.63971 2.09377
7.67569 2.13943
7.64617 2.21766
7.61911 2.29439
7.93602 1.84895
8.02929 1.59581
8.02245 1.67189
7.99048 1.76165
7.93602 1.84895
7.94966 1.64107
7.91140 1.73361
7.90587 1.80785
7.93602 1.84895
7.90873 1.93274
7.88454 2.01392
8.03024 1.77412
8.00502 1.85875
7.95473 1.94395
7.88454 2.01392
7.96051 1.77879
7.90507 1.86526
7.87657 1.94905
7.88454 2.01392
7.83267 2.09447
7.78002 2.17296
7.98173 1.98094
7.93468 2.06323
7.86386 2.13209
7.78002 2.17296
7.92659 1.94662
7.85554 2.01511
7.80202 2.09516
7.78002 2.17296
7.70192 2.23535
7.61911 2.29439
7.80042 1.83836
7.97106 1.59047
7.93120 1.68539
7.87173 1.77335
7.80042 1.83836
7.91697 1.57805
7.85382 1.66837
7.81117 1.76087
7.80042 1.83836
7.73942 1.91976
7.67738 1.99843
7.79090 1.75460
7.77825 1.83330
7.73942 1.91976
7.67738 1.99843
7.71289 1.77982
7.66757 1.86827
7.65371 1.94638
7.67738 1.99843
7.64014 2.08052
7.60448 2.16045
7.62345 1.95391
7.64563 2.00773
7.64014 2.08052
7.60448 2.16045
7.53053 2.01154
7.51610 2.08820
7.54213 2.14195
7.60448 2.16045
7.60837 2.22886
7.61911 2.29439
7.78216 2.08029
7.75767 2.15885
7.70192 2.23535
7.61911 2.29439
7.70127 2.07446
7.64020 2.15041
7.60837 2.22886
7.61911 2.29439
7.55620 2.36699
7.48895 2.43790
7.66800 2.23401
7.64409 2.31001
7.58318 2.38324
7.48895 2.43790
7.57661 2.22438
7.51003 2.29593
7.47531 2.37198
7.48895 2.43790
7.41578 2.50704
7.33482 2.57416
7.51369 1.70523
7.86995 1.10990
8.06980 0.66100
8.01614 0.81432
7.94687 0.97166
7.86995 1.10990
7.97896 0.75927
7.90145 0.92770
7.86505 1.04729
7.86995 1.10990
7.81870 1.23280
7.77334 1.34552
7.96901 0.99338
7.91400 1.12620
7.84603 1.24973
7.77334 1.34552
7.91715 1.00011
7.84157 1.13445
7.79062 1.25556
7.77334 1.34552
7.71176 1.45228
7.65251 1.55298
7.85022 1.30336
7.78938 1.41404
7.71983 1.50213
7.65251 1.55298
7.82589 1.25282
7.75323 1.34713
7.69095 1.45349
7.65251 1.55298
7.58318 1.63143
7.51369 1.70523
7.77463 1.10033
8.02822 0.65415
7.94031 0.84277
7.85397 0.99507
7.77463 1.10033
7.99284 0.63512
7.88775 0.82190
7.81245 0.98151
7.77463 1.10033
7.70113 1.22233
7.63177 1.33387
7.79887 0.97466
7.75944 1.09532
7.70113 1.22233
7.63177 1.33387
7.72660 1.02620
7.66163 1.16073
7.62842 1.26816
7.63177 1.33387
7.58287 1.44227
7.53748 1.54464
7.60323 1.28234
7.60587 1.34906
7.58287 1.44227
7.53748 1.54464
7.51740 1.37080
7.48997 1.46705
7.49758 1.52845
7.53748 1.54464
7.52325 1.62729
7.51369 1.70523
7.68223 1.43434
7.64200 1.53540
7.58318 1.63143
7.51369 1.70523
7.62787 1.43005
7.56480 1.52961
7.52325 1.62729
7.51369 1.70523
7.45558 1.79323
7.39740 1.87799
7.56150 1.63061
7.52548 1.72304
7.46834 1.81092
7.39740 1.87799
7.50291 1.62397
7.44182 1.71375
7.40309 1.80401
7.39740 1.87799
7.33884 1.95972
7.27931 2.03879
7.50049 1.53483
7.57519 1.26443
7.57452 1.33517
7.54846 1.43128
7.50049 1.53483
7.48995 1.34971
7.45922 1.44895
7.46342 1.51416
7.50049 1.53483
7.48309 1.61981
7.47042 1.70015
7.59166 1.42268
7.57283 1.51094
7.53078 1.60924
7.47042 1.70015
7.51808 1.46164
7.47032 1.56356
7.45280 1.64820
7.47042 1.70015
7.43267 1.79066
7.39740 1.87799
7.56150 1.63061
7.52548 1.72304
7.46834 1.81092
7.39740 1.87799
7.50291 1.62397
7.44182 1.71375
7.40309 1.80401
7.39740 1.87799
7.33884 1.95972
7.27931 2.03879
7.35484 1.59272
7.50814 1.29472
7.47472 1.39756
7.42139 1.50301
7.35484 1.59272
7.44389 1.31721
7.38506 1.42729
7.35272 1.52496
7.35484 1.59272
7.30522 1.68835
7.25736 1.78008
7.32912 1.53077
7.32979 1.60002
7.30522 1.68835
7.25736 1.78008
7.24654 1.59272
7.21594 1.68432
7.21960 1.75121
7.25736 1.78008
7.23935 1.86151
7.22562 1.93957
7.18910 1.77179
7.22639 1.80222
7.23935 1.86151
7.22562 1.93957
7.10517 1.86026
7.11373 1.92393
7.15767 1.95245
7.22562 1.93957
7.24947 1.99125
7.27931 2.03879
7.38107 1.79965
7.37330 1.87500
7.33884 1.95972
7.27931 2.03879
7.29965 1.82950
7.25781 1.91657
7.24947 1.99125
7.27931 2.03879
7.24708 2.11944
7.21695 2.19830
7.30700 1.97179
7.30655 2.04209
7.27660 2.12220
7.21695 2.19830
7.21769 2.00082
7.17898 2.08285
7.17710 2.15361
7.21695 2.19830
7.18931 2.27539
7.16435 2.35091
7.16553 1.95415
7.13797 1.77827
7.17265 1.81271
7.18262 1.87476
7.16553 1.95415
7.05284 1.86351
7.05778 1.93005
7.09889 1.96262
7.16553 1.95415
7.18622 2.00916
7.21312 2.05995
7.24248 1.84643
7.26008 1.90204
7.25061 1.97757
7.21312 2.05995
7.15316 1.90648
7.13605 1.98550
7.15704 2.04091
7.21312 2.05995
7.21206 2.13048
7.21695 2.19830
7.30700 1.97179
7.30655 2.04209
7.27660 2.12220
7.21695 2.19830
7.21769 2.00082
7.17898 2.08285
7.17710 2.15361
7.21695 2.19830
7.18931 2.27539
7.16435 2.35091
6.97729 2.05902
7.05232 1.82696
7.05451 1.89537
7.02931 1.97757
6.97729 2.05902
6.96632 1.86876
6.93339 1.95342
6.93632 2.02176
6.97729 2.05902
6.95685 2.13691
6.94024 2.21271
6.90294 2.03572
6.94296 2.07469
6.95685 2.13691
6.94024 2.21271
6.80914 2.10651
6.81477 2.17386
6.86237 2.21226
6.94024 2.21271
6.96762 2.26896
7.00380 2.32120
6.82718 2.23803
6.90648 2.24004
6.96762 2.26896
7.00380 2.32120
6.75242 2.32755
6.81404 2.36352
6.90733 2.36113
7.00380 2.32120
7.08092 2.33935
7.16435 2.35091
7.14152 2.16295
7.17983 2.20934
7.18931 2.27539
7.16435 2.35091
7.03838 2.22125
7.03601 2.29218
7.08092 2.33935
7.16435 2.35091
7.18832 2.41236
7.22312 2.47055
7.15170 2.29879
7.20666 2.33848
7.23322 2.39836
7.22312 2.47055
7.04025 2.36070
7.05262 2.42697
7.11872 2.46736
7.22312 2.47055
7.27121 2.52457
7.33482 2.57416
7.54807 2.14767
7.58126 1.93469
7.59871 1.99197
7.58829 2.06721
7.54807 2.14767
7.48913 1.98814
7.46993 2.06674
7.49036 2.12427
7.54807 2.14767
7.54582 2.21855
7.54985 2.28711
7.64715 2.06511
7.64633 2.13553
7.61416 2.21429
7.54985 2.28711
7.55390 2.08820
7.51211 2.16818
7.50850 2.23960
7.54985 2.28711
7.51836 2.36309
7.48895 2.43790
7.66800 2.23401
7.64409 2.31001
7.58318 2.38324
7.48895 2.43790
7.57661 2.22438
7.51003 2.29593
7.47531 2.37198
7.48895 2.43790
7.41578 2.50704
7.33482 2.57416
7.35615 2.17250
7.50065 1.94589
7.47951 2.02579
7.42994 2.10651
7.35615 2.17250
7.42337 1.94905
7.36796 2.03029
7.34201 2.10998
7.35615 2.17250
7.30320 2.24941
7.24855 2.32471
7.31166 2.10929
7.32320 2.17341
7.30320 2.24941
7.24855 2.32471
7.21243 2.14355
7.18104 2.22192
7.19194 2.28733
7.24855 2.32471
7.23322 2.39836
7.22312 2.47055
7.15170 2.29879
7.20666 2.33848
7.23322 2.39836
7.22312 2.47055
7.04025 2.36070
7.05262 2.42697
7.11872 2.46736
7.22312 2.47055
7.27121 2.52457
7.33482 2.57416
7.43905 2.36569
7.44811 2.43297
7.41578 2.50704
7.33482 2.57416
7.31948 2.38043
7.27071 2.45478
7.27121 2.52457
7.33482 2.57416
7.29858 2.64664
7.26257 2.71866
7.36457 2.51465
7.38519 2.58023
7.35678 2.65244
7.26257 2.71866
7.21983 2.52795
7.16566 2.60027
7.17250 2.66920
7.26257 2.71866
7.22694 2.78993
7.19153 2.86074
7.39461 2.45457
7.39611 2.25697
7.43007 2.31045
7.43201 2.37978
7.39461 2.45457
7.28421 2.30298
7.27063 2.37653
7.30855 2.43190
7.39461 2.45457
7.41001 2.52078
7.43750 2.58441
7.51271 2.37718
7.53083 2.44154
7.50887 2.51487
7.43750 2.58441
7.38919 2.39923
7.34843 2.47375
7.36090 2.54079
7.43750 2.58441
7.41721 2.65637
7.40245 2.72770
7.59558 2.52985
7.59126 2.60048
7.53066 2.67168
7.40245 2.72770
7.45689 2.52542
7.37970 2.59381
7.35165 2.66609
7.40245 2.72770
7.31028 2.79523
7.19153 2.86074
7.13081 2.47098
7.29308 2.26364
7.27708 2.33804
7.22293 2.41215
7.13081 2.47098
7.19431 2.26097
7.13164 2.33411
7.10523 2.40914
7.13081 2.47098
7.06537 2.54206
6.99294 2.61153
7.06527 2.40526
7.08597 2.46906
7.06537 2.54206
6.99294 2.61153
6.93761 2.42718
6.89673 2.50133
6.91125 2.56830
6.99294 2.61153
6.97448 2.68324
6.96272 2.75415
6.85531 2.57458
6.93265 2.62089
6.97448 2.68324
6.96272 2.75415
6.69656 2.62048
6.70168 2.68984
6.79429 2.74022
6.96272 2.75415
7.05304 2.81073
7.19153 2.86074
7.29175 2.66030
7.33130 2.72421
7.31028 2.79523
7.19153 2.86074
7.10667 2.67147
7.03997 2.74186
7.05304 2.81073
7.19153 2.86074
7.15629 2.93121
7.12109 3.00162
7.22031 2.80318
7.29679 2.86582
7.29847 2.93566
7.12109 3.00162
6.96073 2.81113
6.85920 2.87900
6.86541 2.94878
7.12109 3.00162
7.09543 3.05294
7.85637 3.04007
8.11834 2.57793
8.57556 1.66348
8.76679 1.08642
8.85616 0.75927
8.85455 0.83190
8.82150 0.95079
8.76679 1.08642
8.74530 0.92320
8.71279 1.03842
8.72202 1.09417
8.76679 1.08642
8.75021 1.17857
8.73985 1.26170
8.87469 0.90682
8.85092 1.01137
8.80329 1.13781
8.73985 1.26170
8.78515 1.00429
8.73297 1.13445
8.71776 1.22408
8.73985 1.26170
8.70481 1.36698
8.67483 1.46495
8.83746 1.13968
8.79953 1.25213
8.74291 1.36698
8.67483 1.46495
8.77247 1.16987
8.70984 1.29072
8.67493 1.39475
8.67483 1.46495
8.62395 1.56669
8.57556 1.66348
8.60158 1.23904
8.76633 0.85594
8.72891 0.97937
8.67127 1.11485
8.60158 1.23904
8.68322 0.93575
8.61909 1.07861
8.59129 1.18362
8.60158 1.23904
8.55654 1.35131
8.51634 1.45591
8.56341 1.20578
8.57328 1.26205
8.55654 1.35131
8.51634 1.45591
8.47450 1.31261
8.45454 1.40411
8.47005 1.45470
8.51634 1.45591
8.50950 1.53280
8.50751 1.60477
8.43974 1.48913
8.48600 1.49180
8.50950 1.53280
8.50751 1.60477
8.36487 1.60645
8.38793 1.65094
8.43994 1.65012
8.50751 1.60477
8.53956 1.63667
8.57556 1.66348
8.65147 1.40286
8.65028 1.47424
8.62395 1.56669
8.57556 1.66348
8.56873 1.47334
8.53712 1.56897
8.53956 1.63667
8.57556 1.66348
8.55676 1.74728
8.54219 1.82721
8.59388 1.59244
8.60209 1.65422
8.58445 1.73730
8.54219 1.82721
8.50956 1.65967
8.48589 1.74623
8.49747 1.80606
8.54219 1.82721
8.53201 1.90377
8.52655 1.97709
8.75784 1.45772
8.84201 1.17277
8.83782 1.24836
8.80835 1.34971
8.75784 1.45772
8.75533 1.26375
8.72153 1.36794
8.72292 1.43617
8.75784 1.45772
8.73762 1.54637
8.72197 1.63005
8.85046 1.34068
8.82829 1.43342
8.78371 1.53598
8.72197 1.63005
8.77772 1.38155
8.72758 1.48764
8.70731 1.57578
8.72197 1.63005
8.68235 1.72330
8.64522 1.81296
8.81225 1.55870
8.77389 1.65422
8.71570 1.74439
8.64522 1.81296
8.75642 1.55097
8.69419 1.64382
8.65362 1.73677
8.64522 1.81296
8.58632 1.89636
8.52655 1.97709
8.61522 1.51796
8.77557 1.20507
8.73864 1.31393
8.68284 1.42452
8.61522 1.51796
8.71224 1.22932
8.65054 1.34552
8.61568 1.44743
8.61522 1.51796
8.56398 1.61704
8.51489 1.71162
8.59250 1.45380
8.59068 1.52583
8.56398 1.61704
8.51489 1.71162
8.51038 1.51884
8.47799 1.61342
8.47942 1.68216
8.51489 1.71162
8.49486 1.79529
8.47907 1.87525
8.44942 1.70336
8.48427 1.73466
8.49486 1.79529
8.47907 1.87525
8.36591 1.79478
8.37255 1.85950
8.41378 1.88843
8.47907 1.87525
8.49993 1.92834
8.52655 1.97709
8.63279 1.73203
8.62248 1.80964
8.58632 1.89636
8.52655 1.97709
8.55355 1.76269
8.51064 1.85172
8.49993 1.92834
8.52655 1.97709
8.49277 2.05925
8.46109 2.13943
8.55557 1.90846
8.55227 1.98046
8.52055 2.06230
8.46109 2.13943
8.46937 1.93786
8.42964 2.02152
8.42511 2.09377
8.46109 2.13943
8.43157 2.21766
8.40451 2.29439
8.72142 1.84895
8.81469 1.59581
8.80785 1.67189
8.77588 1.76165
8.72142 1.84895
8.73506 1.64107
8.69680 1.73361
8.69127 1.80785
8.72142 1.84895
8.69413 1.93274
8.66994 2.01392
8.81564 1.77412
8.79042 1.85875
8.74013 1.94395
8.66994 2.01392
8.74591 1.77879
8.69047 1.86526
8.66197 1.94905
8.66994 2.01392
8.61807 2.09447
8.56542 2.17296
8.76713 1.98094
8.72008 2.06323
8.64926 2.13209
8.56542 2.17296
8.71199 1.94662
8.64094 2.01511
8.58742 2.09516
8.56542 2.17296
8.48722 2.23535
8.40451 2.29439
8.58582 1.83836
8.75646 1.59047
8.71660 1.68539
8.65713 1.77335
8.58582 1.83836
8.70237 1.57805
8.63922 1.66837
8.59657 1.76087
8.58582 1.83836
8.52482 1.91976
8.46278 1.99843
8.57630 1.75460
8.56365 1.83330
8.52482 1.91976
8.46278 1.99843
8.49829 1.77982
8.45297 1.86827
8.43901 1.94638
8.46278 1.99843
8.42554 2.08052
8.38988 2.16045
8.40885 1.95391
8.43103 2.00773
8.42554 2.08052
8.38988 2.16045
8.31593 2.01154
8.30150 2.08820
8.32753 2.14195
8.38988 2.16045
8.39377 2.22886
8.40451 2.29439
8.56756 2.08029
8.54307 2.15885
8.48722 2.23535
8.40451 2.29439
8.48667 2.07446
8.42550 2.15041
8.39377 2.22886
8.40451 2.29439
8.34160 2.36699
8.27435 2.43790
8.45340 2.23401
8.42949 2.31001
8.36858 2.38324
8.27435 2.43790
8.36201 2.22438
8.29543 2.29593
8.26071 2.37198
8.27435 2.43790
8.20118 2.50704
8.12022 2.57416
8.29909 1.70523
8.65535 1.10990
8.85520 0.66100
8.80154 0.81432
8.73227 0.97166
8.65535 1.10990
8.76436 0.75927
8.68685 0.92770
8.65045 1.04729
8.65535 1.10990
8.60410 1.23280
8.55874 1.34552
8.75441 0.99338
8.69940 1.12620
8.63143 1.24973
8.55874 1.34552
8.70255 1.00011
8.62697 1.13445
8.57602 1.25556
8.55874 1.34552
8.49716 1.45228
8.43791 1.55298
8.63562 1.30336
8.57478 1.41404
8.50523 1.50213
8.43791 1.55298
8.61129 1.25282
8.53863 1.34713
8.47635 1.45349
8.43791 1.55298
8.36858 1.63143
8.29909 1.70523
8.56003 1.10033
8.81362 0.65415
8.72571 0.84277
8.63937 0.99507
8.56003 1.10033
8.77824 0.63512
8.67315 0.82190
8.59785 0.98151
8.56003 1.10033
8.48653 1.22233
8.41717 1.33387
8.58427 0.97466
8.54484 1.09532
8.48653 1.22233
8.41717 1.33387
8.51200 1.02620
8.44703 1.16073
8.41382 1.26816
8.41717 1.33387
8.36827 1.44227
8.32288 1.54464
8.38863 1.28234
8.39127 1.34906
8.36827 1.44227
8.32288 1.54464
8.30280 1.37080
8.27537 1.46705
8.28298 1.52845
8.32288 1.54464
8.30865 1.62729
8.29909 1.70523
8.46763 1.43434
8.42740 1.53540
8.36858 1.63143
8.29909 1.70523
8.41327 1.43005
8.35020 1.52961
8.30865 1.62729
8.29909 1.70523
8.24098 1.79323
8.18280 1.87799
8.34690 1.63061
8.31088 1.72304
8.25374 1.81092
8.18280 1.87799
8.28831 1.62397
8.22722 1.71375
8.18849 1.80401
8.18280 1.87799
8.12424 1.95972
8.06471 2.03879
8.28589 1.53483
8.36059 1.26443
8.35992 1.33517
8.33386 1.43128
8.28589 1.53483
8.27535 1.34971
8.24462 1.44895
8.24882 1.51416
8.28589 1.53483
8.26849 1.61981
8.25582 1.70015
8.37706 1.42268
8.35823 1.51094
8.31618 1.60924
8.25582 1.70015
8.30348 1.46164
8.25572 1.56356
8.23820 1.64820
8.25582 1.70015
8.21807 1.79066
8.18280 1.87799
8.34690 1.63061
8.31088 1.72304
8.25374 1.81092
8.18280 1.87799
8.28831 1.62397
8.22722 1.71375
8.18849 1.80401
8.18280 1.87799
8.12424 1.95972
8.06471 2.03879
8.14024 1.59272
8.29354 1.29472
8.26012 1.39756
8.20679 1.50301
8.14024 1.59272
8.22929 1.31721
8.17046 1.42729
8.13812 1.52496
8.14024 1.59272
8.09062 1.68835
8.04276 1.78008
8.11452 1.53077
8.11519 1.60002
8.09062 1.68835
8.04276 1.78008
8.03194 1.59272
8.00134 1.68432
8.00500 1.75121
8.04276 1.78008
8.02475 1.86151
8.01102 1.93957
7.97450 1.77179
8.01179 1.80222
8.02475 1.86151
8.01102 1.93957
7.89057 1.86026
7.89913 1.92393
7.94307 1.95245
8.01102 1.93957
8.03487 1.99125
8.06471 2.03879
8.16647 1.79965
8.15870 1.87500
8.12424 1.95972
8.06471 2.03879
8.08505 1.82950
8.04321 1.91657
8.03487 1.99125
8.06471 2.03879
8.03248 2.11944
8.00235 2.19830
8.09240 1.97179
8.09195 2.04209
8.06200 2.12220
8.00235 2.19830
8.00309 2.00082
7.96438 2.08285
7.96250 2.15361
8.00235 2.19830
7.97471 2.27539
7.94975 2.35091
7.95093 1.95415
7.92337 1.77827
7.95805 1.81271
7.96802 1.87476
7.95093 1.95415
7.83824 1.86351
7.84318 1.93005
7.88429 1.96262
7.95093 1.95415
7.97162 2.00916
7.99852 2.05995
8.02788 1.84643
8.04548 1.90204
8.03601 1.97757
7.99852 2.05995
7.93856 1.90648
7.92145 1.98550
7.94244 2.04091
7.99852 2.05995
7.99746 2.13048
8.00235 2.19830
8.09240 1.97179
8.09195 2.04209
8.06200 2.12220
8.00235 2.19830
8.00309 2.00082
7.96438 2.08285
7.96250 2.15361
8.00235 2.19830
7.97471 2.27539
7.94975 2.35091
7.76269 2.05902
7.83772 1.82696
7.83991 1.89537
7.81471 1.97757
7.76269 2.05902
7.75172 1.86876
7.71879 1.95342
7.72172 2.02176
7.76269 2.05902
7.74225 2.13691
7.72564 2.21271
7.68834 2.03572
7.72836 2.07469
7.74225 2.13691
7.72564 2.21271
7.59454 2.10651
7.60017 2.17386
7.64777 2.21226
7.72564 2.21271
7.75302 2.26896
7.78920 2.32120
7.61258 2.23803
7.69178 2.24004
7.75302 2.26896
7.78920 2.32120
7.53782 2.32755
7.59944 2.36352
7.69273 2.36113
7.78920 2.32120
7.86632 2.33935
7.94975 2.35091
7.92692 2.16295
7.96523 2.20934
7.97471 2.27539
7.94975 2.35091
7.82378 2.22125
7.82141 2.29218
7.86632 2.33935
7.94975 2.35091
7.97372 2.41236
8.00852 2.47055
7.93710 2.29879
7.99206 2.33848
8.01862 2.39836
8.00852 2.47055
7.82565 2.36070
7.83802 2.42697
7.90412 2.46736
8.00852 2.47055
8.05661 2.52457
8.12022 2.57416
8.33347 2.14767
8.36666 1.93469
8.38411 1.99197
8.37369 2.06721
8.33347 2.14767
8.27453 1.98814
8.25533 2.06674
8.27576 2.12427
8.33347 2.14767
8.33122 2.21855
8.33525 2.28711
8.43255 2.06511
8.43173 2.13553
8.39956 2.21429
8.33525 2.28711
8.33930 2.08820
8.29751 2.16818
8.29390 2.23960
8.33525 2.28711
8.30376 2.36309
8.27435 2.43790
8.45340 2.23401
8.42949 2.31001
8.36858 2.38324
8.27435 2.43790
8.36201 2.22438
8.29543 2.29593
8.26071 2.37198
8.27435 2.43790
8.20118 2.50704
8.12022 2.57416
8.14155 2.17250
8.28605 1.94589
8.26491 2.02579
8.21534 2.10651
8.14155 2.17250
8.20877 1.94905
8.15336 2.03029
8.12741 2.10998
8.14155 2.17250
8.08860 2.24941
8.03395 2.32471
8.09706 2.10929
8.10860 2.17341
8.08860 2.24941
8.03395 2.32471
7.99783 2.14355
7.96644 2.22192
7.97734 2.28733
8.03395 2.32471
8.01862 2.39836
8.00852 2.47055
7.93710 2.29879
7.99206 2.33848
8.01862 2.39836
8.00852 2.47055
7.82565 2.36070
7.83802 2.42697
7.90412 2.46736
8.00852 2.47055
8.05661 2.52457
8.12022 2.57416
8.22445 2.36569
8.23351 2.43297
8.20118 2.50704
8.12022 2.57416
8.10488 2.38043
8.05611 2.45478
8.05661 2.52457
8.12022 2.57416
8.08398 2.64664
8.04797 2.71866
8.14997 2.51465
8.17059 2.58023
8.14218 2.65244
8.04797 2.71866
8.00523 2.52795
7.95096 2.60027
7.95790 2.66920
8.04797 2.71866
8.01234 2.78993
7.97693 2.86074
8.18001 2.45457
8.18151 2.25697
8.21547 2.31045
8.21741 2.37978
8.18001 2.45457
8.06961 2.30298
8.05603 2.37653
8.09395 2.43190
8.18001 2.45457
8.19541 2.52078
8.22290 2.58441
8.29811 2.37718
8.31623 2.44154
8.29427 2.51487
8.22290 2.58441
8.17459 2.39923
8.13383 2.47375
8.14630 2.54079
8.22290 2.58441
8.20261 2.65637
8.18785 2.72770
8.38098 2.52985
8.37666 2.60048
8.31606 2.67168
8.18785 2.72770
8.24229 2.52542
8.16510 2.59381
8.13705 2.66609
8.18785 2.72770
8.09568 2.79523
7.97693 2.86074
7.91621 2.47098
8.07848 2.26364
8.06248 2.33804
8.00833 2.41215
7.91621 2.47098
7.97971 2.26097
7.91704 2.33411
7.89063 2.40914
7.91621 2.47098
7.85077 2.54206
7.77834 2.61153
7.85067 2.40526
7.87137 2.46906
7.85077 2.54206
7.77834 2.61153
7.72301 2.42718
7.68213 2.50133
7.69665 2.56830
7.77834 2.61153
7.75988 2.68324
7.74812 2.75415
7.64071 2.57458
7.71805 2.62089
7.75988 2.68324
7.74812 2.75415
7.48196 2.62048
7.48708 2.68984
7.57969 2.74022
7.74812 2.75415
7.83844 2.81073
7.97693 2.86074
8.07715 2.66030
8.11670 2.72421
8.09568 2.79523
7.97693 2.86074
7.89207 2.67147
7.82537 2.74186
7.83844 2.81073
7.97693 2.86074
7.94169 2.93121
7.90649 3.00162
8.00571 2.80318
8.08219 2.86582
8.08387 2.93566
7.90649 3.00162
7.74613 2.81113
7.64460 2.87900
7.65081 2.94878
7.90649 3.00162
7.88083 3.05294
6.28320 3.14159