# sss file
-1.57080 3.14159
-1.50185 3.03191
-1.46075 2.98430
-1.45719 2.94119
-1.41779 2.90678
-1.44042 2.92724
-1.20148 2.92476
-1.10547 2.90315
-1.21526 2.86732
-1.34545 2.84909
-1.48554 2.84948
-1.60433 2.86886
-1.66277 2.89434
-1.71403 2.93126
-1.72627 2.95474
-1.46075 2.98430
-1.40826 3.00411
-1.05889 2.99059
-0.96248 2.95436
-0.89521 2.91023
-0.94987 2.88074
-0.99760 2.84621
-1.10344 2.80388
-1.20819 2.79559
-1.31497 2.78575
-1.47124 2.77648
-1.61184 2.79867
-1.77985 2.85389
-1.90747 2.90315
-2.06060 2.96600
-2.13763 3.01725
-1.77128 3.05435
-1.01207 3.05093
-0.71068 3.01097
-0.64195 2.97610
-0.65583 2.92266
-0.73243 2.88726
-0.75562 2.84544
-0.83341 2.80561
-0.92781 2.76082
-1.01379 2.73718
-1.13824 2.72107
-1.31266 2.70571
-1.45342 2.70843
-1.56622 2.72884
-1.66960 2.75540
-1.82838 2.79636
-1.96283 2.82006
-2.11375 2.87729
-2.36827 2.94214
-2.52527 2.98773
-2.59381 3.05302
-2.50262 3.09504
-0.64496 3.11252
-0.25858 3.05816
-0.24961 3.01383
-0.33019 2.94558
-0.42960 2.89741
-0.56905 2.83891
-0.73853 2.77107
-0.78964 2.73388
-0.88116 2.69812
-0.98705 2.67491
-1.11227 2.63693
-1.27099 2.64498
-1.42242 2.66103
-1.56283 2.67686
-1.68524 2.69948
-1.79859 2.71718
-1.89635 2.74610
-2.02574 2.76488
-2.15891 2.80022
-2.37237 2.85754
-2.51718 2.89396
-2.66691 2.93641
-2.85918 2.98697
-3.06770 3.03000
-3.49839 3.08097
-4.70110 3.09941
-5.49989 3.07299
-5.78393 3.02106
-5.98587 2.98335
-6.12208 2.95837
-6.29721 2.92762
-6.42974 2.88668
-6.55433 2.85466
-6.68665 2.82429
-6.77525 2.79250
-6.94658 2.72496
-7.00670 2.68740
-7.10580 2.65359
-7.18906 2.62712
-7.28689 2.58337
-7.41744 2.57428
-7.49681 2.55862
-7.65115 2.57210
-7.77511 2.60922
-7.89827 2.61434
-7.99079 2.63478
-8.10791 2.65262
-8.20805 2.66709
-8.33139 2.71038
-8.43358 2.73117
-8.59893 2.78806
-8.75547 2.82314
-8.89806 2.85792
-9.15716 2.91252
-9.37941 2.94462
-9.70627 2.98354
-10.16043 3.03286
-10.78627 3.02334
-11.19114 3.00888
-11.51366 2.98373
-11.78138 2.96256
-11.97767 2.92514
-12.19357 2.89875
-12.33036 2.88113
-12.46140 2.86061
-12.63496 2.83372
-12.79056 2.80812
-12.87113 2.78826
-12.73410 2.77281
-12.64335 2.73970
-12.57170 2.70260
-12.54288 2.67315
-12.55047 2.69714
-12.50930 2.74920
-12.53512 2.77165
-12.62721 2.78903
-12.46676 2.80272
-12.38688 2.82756
-12.22145 2.83910
-12.13987 2.85735
-11.98080 2.86541
-11.84115 2.87710
-11.69975 2.90430
-11.47759 2.91979
-11.22492 2.92743
-11.03318 2.94577
-10.70417 2.96314
-10.40923 2.96466
-10.28963 2.96867
-10.37817 2.92934
-10.48797 2.89875
-10.64782 2.89224
-10.90476 2.88573
-11.11937 2.87614
-11.31645 2.85831
-11.45543 2.84986
-11.60017 2.83814
-11.75488 2.82756
-11.86968 2.81756
-11.67530 2.79540
-11.54036 2.78092
-11.38973 2.79925
-11.21583 2.80465
-11.09610 2.79520
-10.90526 2.80831
-10.79571 2.81602
-10.66919 2.82198
-10.56771 2.82083
-10.47388 2.82756
-10.55410 2.78440
-10.59148 2.77397
-10.66385 2.73350
-10.75548 2.72496
-10.92017 2.73214
-11.10422 2.74145
-11.22507 2.74474
-11.33309 2.74377
-11.42287 2.73835
-11.51090 2.74300
-11.35827 2.71893
-11.18075 2.69890
-11.06183 2.69247
-10.96119 2.67999
-10.85407 2.66494
-10.77755 2.64831
-10.74367 2.61453
-10.68971 2.55783
-10.67162 2.49884
-10.71581 2.49523
-10.76212 2.55684
-10.81853 2.57606
-10.86126 2.58851
-10.91427 2.60134
-10.96809 2.61217
-11.01546 2.60232
-11.06045 2.60410
-11.14211 2.57863
-11.18709 2.53497
-11.21682 2.49703
-11.22035 2.46651
-11.13668 2.37656
-11.02129 2.25478
-10.90779 2.15318
-10.81608 2.11456
-10.76570 2.11259
-10.74920 2.15900
-10.75443 2.17706
-10.74120 2.15900
-10.74591 2.12501
-10.77025 2.11870
-10.80101 2.14561
-10.81525 2.18669
-10.81082 2.21844
-10.77745 2.24509
-10.74062 2.23284
-10.70287 2.17834
-10.66614 2.12088
-10.67389 2.08498
-10.70446 2.06513
-10.73351 2.06203
-10.76402 2.07043
-10.80226 2.10473
-10.86993 2.15986
-10.90355 2.22289
-10.91136 2.26192
-10.87474 2.30808
-10.82883 2.31825
-10.76682 2.30684
-10.71134 2.26528
-10.65237 2.19674
-10.61260 2.10801
-10.58773 2.03266
-10.61514 1.99647
-10.65726 1.97993
-10.71440 1.97060
-10.76494 1.98628
-10.82820 2.03780
-10.88547 2.10713
-10.92026 2.13912
-11.00025 2.27890
-10.99168 2.29456
-10.97221 2.34822
-10.90374 2.37328
-10.82721 2.38843
-10.73906 2.35871
-10.64719 2.28559
-10.56558 2.16417
-10.53104 2.07529
-10.51254 1.99308
-10.52819 1.96238
-10.57181 1.90862
-10.62086 1.89251
-10.67663 1.88407
-10.73872 1.90303
-10.80429 1.93159
-10.90508 2.05116
-11.01923 2.17427
-11.04243 2.19866
-11.08548 2.27576
-11.11819 2.36118
-11.09068 2.38516
-11.08123 2.41146
-11.00633 2.45925
-10.96155 2.46691
-10.90347 2.47274
-10.73569 2.40699
-10.62907 2.35995
-10.61539 2.33419
-10.55437 2.24593
-10.52438 2.19076
-10.50180 2.15361
-10.48755 2.11390
-10.50409 2.24699
-10.52082 2.34203
-10.58574 2.39129
-10.68408 2.44795
-10.79972 2.49944
-10.92181 2.52142
-11.03202 2.51324
-11.12961 2.49062
-11.15987 2.44734
-11.19567 2.38434
-11.18385 2.34430
-11.16019 2.27157
-11.06651 2.17362
-11.00718 2.11935
-10.95639 2.06778
-11.10456 2.22692
-11.17424 2.29768
-11.25224 2.40128
-11.29320 2.48601
-11.29232 2.55525
-11.26822 2.60804
-11.24800 2.63301
-11.22274 2.66748
-11.30379 2.66338
-11.36410 2.66260
-11.38444 2.66788
-11.43423 2.67725
-11.47076 2.69071
-11.53332 2.70805
-11.68052 2.75404
-11.67485 2.74629
-11.58016 2.70552
-11.44460 2.64380
-11.39093 2.59246
-11.39440 2.56120
-11.38210 2.53019
-11.39122 2.49723
-11.44392 2.45865
-11.60896 2.46711
-11.76992 2.50184
-11.90772 2.50484
-11.99963 2.46026
-11.94264 2.46187
-11.92577 2.47154
-11.92642 2.50124
-11.95810 2.52940
-12.01308 2.53836
-12.08756 2.54413
-12.09902 2.50224
-12.06209 2.45159
-12.01434 2.42507
-11.95066 2.41512
-11.84962 2.41024
-11.82643 2.43946
-11.82391 2.49262
-11.89509 2.56318
-11.95103 2.59285
-12.07672 2.60784
-12.18245 2.60429
-12.19471 2.55981
-12.20591 2.52421
-12.18266 2.46973
-12.12838 2.41715
-12.05604 2.37328
-11.92235 2.34451
-11.87991 2.34142
-11.80742 2.34203
-11.77658 2.36836
-11.74375 2.40271
-11.70497 2.44775
-11.72172 2.49643
-11.74285 2.57131
-11.80852 2.61984
-11.98375 2.68369
-12.22958 2.71116
-12.28301 2.67022
-12.33471 2.62102
-12.31711 2.55942
-12.27426 2.46792
-12.20236 2.38373
-12.12721 2.35501
-12.01285 2.30351
-11.93234 2.27869
-11.83425 2.26549
-11.77687 2.26675
-11.73523 2.27785
-11.71052 2.31763
-11.67772 2.35604
-11.63623 2.40006
-11.63940 2.45239
-11.60812 2.51723
-11.64904 2.59147
-11.71328 2.64576
-11.83385 2.70629
-12.04303 2.75927
-12.25495 2.76991
-12.37734 2.72767
-12.40215 2.68311
-12.43616 2.62653
-12.41966 2.54512
-12.35363 2.46087
-12.29451 2.37902
-12.21810 2.32819
-12.14363 2.28726
-12.05248 2.24636
-11.95625 2.22289
-11.89682 2.21504
-11.82967 2.20994
-11.76583 2.20207
-11.70146 2.21653
-11.64678 2.23136
-11.61093 2.26486
-11.59824 2.31328
-11.56021 2.34162
-11.52946 2.37492
-11.51550 2.42061
-11.50602 2.49944
-11.50934 2.55207
-11.56304 2.61827
-11.64253 2.69247
-11.74889 2.74339
-11.94654 2.79867
-12.06445 2.80850
-12.27054 2.80388
-12.48380 2.76120
-12.58127 2.71855
-12.57579 2.66357
-12.57294 2.60449
-12.53246 2.57012
-12.48082 2.50544
-12.43197 2.44633
-12.35749 2.38638
-12.32000 2.36221
-12.42659 2.40638
-12.52646 2.44553
-12.61536 2.46953
-12.73982 2.49683
-12.92101 2.48901
-12.89821 2.52481
-12.88865 2.54909
-12.93481 2.55961
-12.96483 2.55346
-13.00301 2.52122
-12.98811 2.49222
-12.95257 2.47053
-12.90531 2.45562
-12.86340 2.45340
-12.83778 2.47737
-12.82662 2.51683
-12.82301 2.55842
-12.85467 2.58614
-12.92406 2.60252
-13.00635 2.60370
-13.10056 2.56933
-13.10905 2.54830
-13.10172 2.49643
-13.03626 2.44512
-12.94069 2.41939
-12.83711 2.39843
-12.76906 2.41492
-12.66688 2.44795
-12.68341 2.48821
-12.67426 2.54413
-12.74983 2.59167
-12.81517 2.62555
-12.94932 2.65183
-13.07002 2.64164
-13.20284 2.60548
-13.21910 2.53019
-13.20541 2.49022
-13.12457 2.44734
-13.06619 2.41817
-12.97155 2.37390
-12.88998 2.34657
-12.76961 2.36303
-12.69129 2.38618
-12.60648 2.41736
-12.58966 2.46812
-12.61275 2.54671
-12.67018 2.62515
-12.75402 2.66084
-12.91653 2.69247
-13.04765 2.68369
-13.23788 2.63536
-13.30088 2.59996
-13.30311 2.52202
-13.27275 2.46671
-13.21232 2.43723
-13.14470 2.40780
-13.04437 2.35234
-12.95678 2.31535
-12.83060 2.28579
-12.78854 2.29268
-12.69545 2.31950
-12.59830 2.35481
-12.54998 2.41715
-12.52474 2.46207
-12.51358 2.53617
-12.59619 2.62397
-12.68788 2.68876
-12.81678 2.73776
-12.93423 2.75966
-13.10735 2.74629
-13.26200 2.68740
-13.38602 2.63085
-13.43269 2.58337
-13.42806 2.54492
-13.44712 2.50464
-13.39940 2.48199
-13.31191 2.43642
-13.24069 2.40638
-13.18746 2.38393
-13.13258 2.36036
-13.05211 2.32923
-13.03634 2.33068
-12.94530 2.32840
-12.86608 2.36857
-12.83275 2.37369
-12.71623 2.38066
-12.66261 2.39843
-12.59522 2.39863
-12.44850 2.36959
-12.37641 2.33522
-12.25516 2.29872
-12.12458 2.23876
-12.06929 2.20718
-12.06219 2.20079
-11.98634 2.16567
-11.84127 2.12914
-11.78209 2.13739
-11.73221 2.13023
-11.66783 2.13327
-11.60431 2.16223
-11.54820 2.20739
-11.49230 2.26780
-11.48104 2.30808
-11.46805 2.33791
-11.45523 2.39986
-11.42575 2.44269
-11.39365 2.44371
-11.37432 2.38904
-11.38228 2.32136
-11.39350 2.29060
-11.39538 2.22777
-11.40321 2.18862
-11.42521 2.12262
-11.46900 2.07860
-11.49775 2.05471
-11.55055 2.03690
-11.59901 2.01922
-11.65069 2.01338
-11.70745 1.99851
-11.79800 2.01361
-11.86423 2.01046
-11.94142 2.03445
-12.03408 2.05937
-12.11950 2.07220
-12.20015 2.09750
-12.29244 2.13088
-12.36180 2.15900
-12.42380 2.17341
-12.52713 2.19225
-12.59465 2.21271
-12.69641 2.20782
-12.76751 2.18862
-12.84769 2.12718
-12.87471 2.09421
-12.89466 2.05071
-12.91051 2.00483
-12.95642 2.02863
-12.97685 2.07110
-12.95397 2.10035
-12.94816 2.12892
-12.93544 2.17448
-12.91664 2.20888
-12.88161 2.22522
-12.83358 2.25036
-12.77290 2.26339
-12.70834 2.28767
-12.60709 2.28538
-12.53420 2.25919
-12.44810 2.23580
-12.38915 2.22650
-12.34820 2.20441
-12.25015 2.17770
-12.17349 2.16158
-12.12312 2.14605
-12.11508 2.14215
-12.04270 2.11761
-11.97259 2.10997
-11.88237 2.08234
-11.81484 2.07087
-11.72506 2.04871
-11.66877 2.04893
-11.61743 2.05626
-11.56847 2.07374
-11.53459 2.09618
-11.48818 2.13955
-11.45522 2.16524
-11.42993 2.20867
-11.41300 2.26801
-11.42841 2.28642
-11.45652 2.23665
-11.48800 2.20420
-11.54901 2.16782
-11.57976 2.14172
-11.63628 2.12196
-11.68752 2.09903
-11.75636 2.10232
-11.82793 2.10385
-11.93330 2.12740
-12.01163 2.14626
-12.10924 2.18327
-12.23277 2.20973
-12.33219 2.24699
-12.42334 2.28287
-12.48870 2.30081
-12.53876 2.31473
-12.64921 2.32881
-12.70359 2.34038
-12.78754 2.34327
-12.86043 2.32447
-12.98793 2.29706
-13.00739 2.28078
-13.03161 2.22501
-13.02620 2.18220
-13.01801 2.14561
-13.05633 2.11586
-13.14874 2.08168
-13.20882 2.03824
-13.27339 2.00257
-13.32174 1.97629
-13.37883 1.95986
-13.40389 1.93159
-13.39761 1.93943
-13.43779 1.97697
-13.46504 1.96809
-13.44546 1.90513
-13.39898 1.87795
-13.36972 1.88383
-13.36121 1.91002
-13.37883 1.95986
-13.41667 2.01113
-13.46415 2.02371
-13.51272 2.03065
-13.52111 2.00122
-13.49529 1.91978
-13.42906 1.84312
-13.37650 1.81120
-13.32512 1.81843
-13.30458 1.85216
-13.30650 1.90560
-13.35068 1.99376
-13.40040 2.03980
-13.45265 2.07110
-13.52851 2.08762
-13.55499 2.06158
-13.58559 2.01518
-13.58403 1.97606
-13.52950 1.89181
-13.44744 1.78669
-13.38910 1.76759
-13.32588 1.75157
-13.26505 1.74909
-13.25246 1.79132
-13.24851 1.85002
-13.26625 1.92210
-13.29827 1.99014
-13.33888 2.03177
-13.39856 2.07551
-13.48742 2.11804
-13.55798 2.11216
-13.60431 2.07882
-13.62173 2.01765
-13.62513 1.96146
-13.58665 1.88970
-13.52683 1.80806
-13.47756 1.76612
-13.41560 1.72220
-13.36226 1.70712
-13.30726 1.68431
-13.27203 1.68686
-13.23300 1.70460
-13.19810 1.74140
-13.18608 1.79156
-13.19805 1.87889
-13.23406 1.96512
-13.28946 2.03512
-13.35301 2.09202
-13.46665 2.13630
-13.56140 2.15339
-13.62387 2.13413
-13.65984 2.08828
-13.67356 2.01653
-13.67251 1.95643
-13.64896 1.89392
-13.60152 1.82204
-13.53536 1.74711
-13.47539 1.70939
-13.41352 1.66205
-13.34897 1.63773
-13.30085 1.63669
-13.27720 1.64241
-13.25106 1.64293
-13.23412 1.59304
-13.25776 1.58612
-13.29124 1.57488
-13.35466 1.58532
-13.41261 1.61182
-13.45516 1.64111
-13.51641 1.68762
-13.57720 1.72119
-13.61265 1.74810
-13.67272 1.83164
-13.72222 1.89064
-13.74526 1.88853
-13.75583 1.83667
-13.71886 1.80491
-13.67801 1.75602
-13.62684 1.70787
-13.56848 1.65277
-13.49075 1.59330
-13.43505 1.55250
-13.37374 1.53288
-13.31833 1.51886
-13.26768 1.51775
-13.23260 1.52299
-13.21551 1.53562
-13.18590 1.47841
-13.21017 1.46255
-13.23935 1.44511
-13.25867 1.41935
-13.30111 1.41643
-13.32372 1.43444
-13.37935 1.45370
-13.41379 1.43877
-13.38495 1.39231
-13.33064 1.35727
-13.30035 1.36029
-13.24840 1.34420
-13.19593 1.34207
-13.17635 1.38071
-13.15710 1.40500
-13.09781 1.32702
-13.12045 1.29050
-13.15146 1.26211
-13.18998 1.24135
-13.26816 1.25792
-13.31387 1.27494
-13.37666 1.32671
-13.40796 1.37713
-13.43438 1.42197
-13.47072 1.52464
-13.40069 1.50417
-13.36659 1.49218
-13.31937 1.47474
-13.27711 1.47982
-13.24703 1.50445
-13.21762 1.50083
-13.18958 1.51775
-13.16893 1.52106
-13.07846 1.48432
-13.05628 1.45056
-13.05072 1.47304
-13.06210 1.49860
-13.07736 1.51111
-13.08874 1.50028
-13.08929 1.48937
-13.07418 1.45256
-13.05162 1.41964
-13.02782 1.40264
-13.00803 1.39586
-13.00371 1.41701
-13.01687 1.46794
-13.03645 1.50250
-13.06093 1.53507
-13.09665 1.55630
-13.10975 1.56709
-13.13187 1.56575
-13.13788 1.54217
-13.12409 1.50417
-13.09420 1.43039
-13.06258 1.38756
-13.03416 1.35212
-13.00514 1.33287
-12.97544 1.31929
-12.95877 1.34634
-12.97189 1.40999
-12.99602 1.47643
-13.02497 1.53233
-13.05525 1.57971
-13.09226 1.60892
-13.13992 1.62704
-13.17224 1.63148
-13.17039 1.58238
-13.15436 1.50111
-13.11844 1.41409
-13.07875 1.34390
-13.01752 1.30465
-12.96632 1.27844
-12.90638 1.24396
-12.92802 1.35363
-12.94336 1.41292
-12.98084 1.51388
-13.02734 1.59728
-13.07106 1.64293
-13.13770 1.67819
-13.17751 1.69422
-13.21856 1.67513
-13.22110 1.62599
-13.20532 1.56143
-13.16621 1.46823
-13.09781 1.32702
-13.05818 1.28797
-13.00950 1.23119
-12.97371 1.20361
-12.91147 1.16515
-12.86785 1.15091
-12.85363 1.17786
-12.84291 1.20562
-12.86693 1.26886
-12.86693 1.26886
-12.89452 1.34023
-12.91439 1.42139
-12.93039 1.46539
-12.96867 1.57354
-12.99177 1.61813
-13.04771 1.67922
-13.07519 1.70359
-13.11986 1.73792
-13.13220 1.74860
-13.12503 1.80806
-13.14389 1.84598
-13.16135 1.93389
-13.19069 1.98538
-13.20305 2.01810
-13.21781 2.05981
-13.19423 2.05027
-13.14509 2.01518
-13.13024 1.95849
-13.12586 1.91932
-13.11649 1.86639
-13.10420 1.75799
-13.09355 1.73269
-13.06582 1.71944
-13.08842 1.81963
-13.09825 1.86710
-13.11420 1.96421
-13.10517 1.97834
-13.08806 1.90653
-13.07339 1.83619
-13.04224 1.74389
-13.00499 1.63278
-12.96415 1.53890
-12.91496 1.44912
-12.85608 1.33656
-12.79363 1.22426
-12.73687 1.11874
-12.68168 1.00936
-12.60491 0.86503
-12.55552 0.79284
-12.50161 0.71162
-12.50678 0.74156
-12.57220 0.87539
-12.66112 1.03384
-12.71169 1.13298
-12.78285 1.28670
-12.82650 1.35121
-12.87496 1.44252
-12.90580 1.50501
-12.95167 1.61235
-12.99313 1.69346
-13.02899 1.79278
-13.03432 1.86023
-13.05588 1.95115
-13.05046 2.02191
-13.02777 2.00753
-13.00671 1.94863
-12.99887 1.87654
-12.98840 1.80539
-12.97340 1.75280
-12.92983 1.65767
-12.89205 1.55630
-12.85641 1.49302
-12.79636 1.38011
-12.74501 1.26082
-12.70363 1.17547
-12.64043 1.04646
-12.60365 0.98110
-12.54957 0.87495
-12.52644 0.83788
-12.48177 0.78194
-12.51723 0.85866
-12.58486 0.98351
-12.62037 1.05555
-12.67775 1.17649
-12.70630 1.23480
-12.75541 1.35181
-12.79069 1.42139
-12.82172 1.49804
-12.87602 1.58585
-12.90853 1.65225
-12.92888 1.70535
-12.96051 1.80443
-12.96165 1.85050
-12.97215 1.93089
-12.95441 1.95482
-12.94202 1.97265
-12.91905 1.95070
-12.91062 1.91444
-12.91878 1.85216
-12.89833 1.75725
-12.86342 1.67103
-12.83129 1.58718
-12.80097 1.50834
-12.75823 1.43647
-12.71990 1.35060
-12.65991 1.22062
-12.63135 1.16030
-12.57573 1.04265
-12.51425 0.92390
-12.44397 0.77994
-12.41609 0.73418
-12.45534 0.86048
-12.50064 0.94708
-12.52933 1.00147
-12.59696 1.14951
-12.64904 1.24787
-12.70168 1.34176
-12.75751 1.47021
-12.78487 1.54053
-12.81049 1.60338
-12.86845 1.75231
-12.88210 1.80200
-12.88783 1.89906
-12.87130 1.90699
-12.85896 1.85952
-12.81009 1.64578
-12.74061 1.47502
-12.67101 1.33962
-12.61280 1.22459
-12.53879 1.08277
-12.44580 0.92219
-12.37691 0.78443
-12.33054 0.74208
-12.31888 0.75456
-12.37723 0.83367
-12.46760 1.00660
-12.53652 1.12943
-12.59429 1.24037
-12.65026 1.35212
-12.71490 1.47219
-12.76287 1.60734
-12.78810 1.65561
-12.79564 1.73568
-12.79929 1.79278
-12.79627 1.85454
-12.78543 1.90886
-12.74223 1.99806
-12.70852 2.01945
-12.65659 2.02438
-12.62791 2.01563
-12.64298 2.04915
-12.65815 2.05870
-12.68740 2.06380
-12.68288 2.02236
-12.67214 2.00009
-12.64096 1.97333
-12.61253 1.95826
-12.58256 1.96032
-12.56755 1.98470
-12.58350 2.02460
-12.60074 2.04849
-12.62904 2.08608
-12.67655 2.12109
-12.70630 2.12479
-12.73206 2.10232
-12.74643 2.07286
-12.73948 2.03936
-12.72575 2.00911
-12.70390 1.97720
-12.67750 1.94679
-12.63643 1.91165
-12.60523 1.89766
-12.57689 1.89298
-12.54450 1.90420
-12.52883 1.92766
-12.52142 1.95803
-12.52512 1.98765
-12.53895 2.02371
-12.56197 2.06114
-12.58752 2.09004
-12.63761 2.13522
-12.66021 2.14842
-12.68654 2.16008
-12.70357 2.16374
-12.73910 2.15900
-12.76225 2.14670
-12.78663 2.12305
-12.80387 2.09333
-12.80156 2.05271
-12.79337 2.02393
-12.77142 1.98765
-12.73721 1.94081
-12.70107 1.90233
-12.64015 1.85050
-12.58896 1.82372
-12.55767 1.81795
-12.52847 1.81554
-12.50799 1.81699
-12.47863 1.83786
-12.47049 1.85739
-12.45842 1.87983
-12.44602 1.92164
-12.45904 1.95528
-12.46192 1.98583
-12.48323 2.03266
-12.51421 2.07661
-12.54747 2.11434
-12.57666 2.14691
-12.60465 2.17169
-12.61402 2.17984
-12.58201 2.17641
-12.55650 2.17620
-12.52013 2.16825
-12.48982 2.15684
-12.46336 2.11412
-12.43128 2.06977
-12.40858 2.02796
-12.39715 1.99150
-12.38897 1.94955
-12.39488 1.90816
-12.38908 1.86615
-12.39234 1.82948
-12.40650 1.78620
-12.44267 1.76194
-12.49842 1.74265
-12.52857 1.74413
-12.60921 1.76563
-12.64995 1.79010
-12.71789 1.85739
-12.77053 1.91025
-12.80450 1.95780
-12.84322 2.02684
-12.84912 2.04203
-12.86271 2.00302
-12.85469 1.95918
-12.80305 1.90909
-12.73320 1.84359
-12.65709 1.76538
-12.59332 1.70964
-12.53928 1.68177
-12.49488 1.67896
-12.45217 1.68075
-12.41831 1.67922
-12.38712 1.70005
-12.35705 1.73269
-12.33507 1.80854
-12.32388 1.84097
-12.32436 1.88313
-12.34219 1.95757
-12.38125 2.02371
-12.41038 2.08916
-12.45562 2.15404
-12.45562 2.15404
-12.41729 2.14259
-12.37410 2.12740
-12.33703 2.11826
-12.29672 2.04804
-12.26986 1.99512
-12.24819 1.92117
-12.23529 1.85857
-12.23061 1.78961
-12.24022 1.73543
-12.27937 1.68813
-12.32817 1.63174
-12.36376 1.61471
-12.40973 1.60046
-12.46981 1.59702
-12.50474 1.59888
-12.57140 1.62521
-12.63571 1.67743
-12.69086 1.73792
-12.73641 1.79083
-12.76926 1.82852
-12.78304 1.83068
-12.79929 1.79278
-12.75618 1.74116
-12.71759 1.69397
-12.66640 1.64059
-12.61871 1.59543
-12.56715 1.55711
-12.53044 1.53808
-12.48444 1.51968
-12.43383 1.51886
-12.38123 1.51886
-12.35013 1.55386
-12.31055 1.57810
-12.26675 1.62049
-12.23067 1.66333
-12.19703 1.71366
-12.18029 1.77618
-12.17360 1.83020
-12.19077 1.88594
-12.20506 1.96032
-12.23611 2.02102
-12.27286 2.07992
-12.27714 2.09048
-12.28475 2.10451
-12.23748 2.08916
-12.19242 2.06844
-12.16302 2.01203
-12.12037 1.94173
-12.08686 1.86213
-12.09879 1.77618
-12.12372 1.71944
-12.14123 1.67666
-12.18261 1.61682
-12.23655 1.54489
-12.27620 1.52519
-12.30921 1.49441
-12.34569 1.46738
-12.36424 1.40088
-12.44015 1.42109
-12.48631 1.42981
-12.55210 1.47700
-12.60010 1.50501
-12.65573 1.55386
-12.70292 1.59463
-12.74248 1.64656
-12.77571 1.68202
-12.76377 1.63435
-12.74652 1.58985
-12.72658 1.55575
-12.67125 1.50890
-12.60857 1.45313
-12.56594 1.41467
-12.51993 1.38726
-12.46696 1.35212
-12.41553 1.34207
-12.36307 1.33133
-12.32921 1.35181
-12.31992 1.39763
-12.26953 1.45027
-12.23047 1.50195
-12.19170 1.54081
-12.15845 1.58131
-12.12302 1.62364
-12.10018 1.64656
-12.06233 1.70586
-12.04145 1.76070
-12.03831 1.81723
-12.05482 1.89064
-12.06826 1.94012
-12.11037 2.00235
-12.14328 2.04715
-12.14527 2.05493
-12.11115 2.04671
-12.05719 2.03199
-12.02928 1.97856
-11.99512 1.91444
-11.98447 1.83834
-11.97803 1.78205
-11.97888 1.68177
-12.04656 1.61393
-12.07649 1.59277
-12.10303 1.52986
-12.13446 1.50111
-12.17387 1.46255
-12.19550 1.39999
-12.24731 1.36542
-12.26397 1.34054
-12.29349 1.31339
-12.31979 1.24917
-12.35016 1.24852
-12.37969 1.24037
-12.41835 1.24070
-12.47824 1.27908
-12.51711 1.30183
-12.56299 1.32579
-12.61802 1.37143
-12.66445 1.42109
-12.70858 1.46055
-12.64767 1.36993
-12.60169 1.27238
-12.56525 1.21131
-12.50468 1.17615
-12.45517 1.13475
-12.42059 1.11838
-12.38443 1.12445
-12.33778 1.11156
-12.31738 1.13156
-12.29307 1.13934
-12.26725 1.18571
-12.24623 1.25566
-12.21438 1.28797
-12.20553 1.35545
-12.17155 1.36029
-12.14810 1.39260
-12.12397 1.42313
-12.10311 1.47021
-12.06280 1.50000
-12.05314 1.54789
-12.02225 1.59171
-11.95469 1.59197
-11.94036 1.63851
-11.92985 1.67870
-11.91989 1.70838
-11.92902 1.75824
-11.94864 1.83308
-11.96442 1.91305
-11.98972 1.96283
-12.02628 2.02057
-12.00100 2.02079
-11.96571 1.99602
-11.94717 1.95734
-11.89806 1.86852
-11.87733 1.80346
-11.87231 1.74662
-11.87393 1.62547
-11.88729 1.58078
-11.91232 1.54843
-11.95757 1.51913
-12.01117 1.49274
-12.03968 1.43415
-12.07172 1.39023
-12.09080 1.36241
-12.11576 1.31152
-12.14660 1.28860
-12.17268 1.25177
-12.18122 1.19924
-12.18828 1.15857
-12.20551 1.10723
-12.22034 1.03768
-12.24182 1.01484
-12.26514 0.95909
-12.29016 0.88031
-12.35283 0.95207
-12.41528 0.96197
-12.37498 0.86276
-12.33450 0.82660
-12.28463 0.79185
-12.22550 0.80940
-12.17950 0.81900
-12.18255 0.92731
-12.15464 0.95248
-12.12464 1.02767
-12.11625 1.09049
-12.07484 1.12588
-12.07422 1.20864
-12.02726 1.23152
-12.01824 1.30527
-11.96720 1.34420
-11.93130 1.38220
-11.90037 1.42633
-11.84787 1.45313
-11.82267 1.53835
-11.79932 1.61524
-11.79738 1.68457
-11.81171 1.75182
-11.82918 1.81095
-11.87068 1.89976
-11.91625 1.99150
-11.88743 1.98606
-11.85289 1.98038
-11.82646 1.97652
-11.79423 1.91165
-11.76471 1.86663
-11.74905 1.77789
-11.70927 1.64474
-11.70758 1.59596
-11.73945 1.53370
-11.74299 1.50917
-11.74316 1.47332
-11.78160 1.44539
-11.78023 1.40147
-11.81861 1.36723
-11.84374 1.29428
-11.90465 1.28131
-11.91402 1.22625
-11.93999 1.20997
-11.96784 1.13969
-11.99956 1.10252
-12.01960 1.03499
-12.03191 0.97503
-12.04866 0.85912
-12.07009 0.83038
-12.08381 0.78542
-12.04626 0.77292
-11.98746 0.76532
-11.95788 0.84856
-11.93613 0.88786
-11.86869 1.08019
-11.86034 1.11228
-11.83474 1.15648
-11.76767 1.17135
-11.73502 1.29145
-11.69180 1.33379
-11.61503 1.40205
-11.60027 1.42633
-11.62098 1.51996
-11.63458 1.59357
-11.65132 1.65044
-11.66869 1.71718
-11.69724 1.78669
-11.72015 1.85050
-11.74346 1.89672
-11.76543 1.93966
-11.77826 1.96512
-11.75839 1.96238
-11.74774 1.96809
-11.74326 1.96672
-11.71282 1.92024
-11.68024 1.86308
-11.64728 1.79837
-11.63014 1.74389
-11.57810 1.56359
-11.57043 1.50806
-11.55742 1.42923
-11.55991 1.36723
-11.58192 1.32084
-11.62241 1.27462
-11.63686 1.22492
-11.66924 1.16687
-11.68983 1.09086
-11.74494 1.04988
-11.77825 0.98311
-11.80694 0.89007
-11.84214 0.86548
-11.72433 0.79087
-11.70437 0.80213
-11.68025 0.87450
-11.66636 0.89492
-11.63768 0.92177
-11.60481 0.94123
-11.59475 0.98311
-11.53738 1.00936
-11.52170 1.08240
-11.49031 1.12303
-11.46435 1.16030
-11.46360 1.23480
-11.45671 1.26982
-11.46260 1.35060
-11.48287 1.45713
-11.50565 1.53671
-11.55114 1.67129
-11.59150 1.76759
-11.64813 1.89906
-11.68413 1.93966
-11.68710 1.95001
-11.65827 1.96055
-11.63569 1.95757
-11.59931 1.91002
-11.56334 1.84288
-11.53764 1.78107
-11.50413 1.67206
-11.42935 1.50250
-11.38477 1.34695
-11.37220 1.28480
-11.36831 1.20361
-11.37622 1.16065
-11.38394 1.11228
-11.40373 1.02806
-11.43555 0.93070
-11.46604 0.89448
-11.52690 0.85041
-11.53967 0.81373
-11.44883 0.79087
-11.38311 0.80262
-11.33271 0.80262
-11.29148 0.80795
-11.25612 0.85225
-11.26404 0.92688
-11.26818 1.02535
-11.28226 1.11192
-11.30418 1.19857
-11.33272 1.32424
-11.37072 1.44884
-11.39200 1.51720
-11.44650 1.64059
-11.49206 1.77471
-11.51006 1.82972
-11.54830 1.90140
-11.56325 1.92951
-11.57816 1.96032
-11.59160 1.98220
-11.57787 1.99014
-11.54521 1.96923
-11.52748 1.93735
-11.43468 1.84216
-11.35947 1.75873
-11.26809 1.60179
-11.25886 1.57113
-11.23120 1.49860
-11.25541 1.49581
-11.29363 1.57166
-11.31702 1.63044
-11.29273 1.65225
-11.27418 1.63357
-11.22867 1.57435
-11.19878 1.48657
-11.18192 1.39023
-11.22348 1.41116
-11.26181 1.46823
-11.34188 1.61156
-11.35940 1.66179
-11.35258 1.70157
-11.31660 1.69980
-11.26203 1.65225
-11.19025 1.57890
-11.16881 1.51582
-11.14302 1.42604
-11.11830 1.29680
-11.17150 1.32980
-11.25848 1.40176
-11.26663 1.41145
-11.33142 1.52904
-11.39387 1.64734
-11.40819 1.71919
-11.39929 1.75058
-11.35748 1.75577
-11.30112 1.72345
-11.19586 1.64293
-11.14843 1.54625
-11.12519 1.47897
-11.06814 1.28067
-11.04690 1.19519
-11.09942 1.21564
-11.16655 1.25630
-11.24021 1.33502
-11.32624 1.44568
-11.38087 1.55954
-11.38867 1.57193
-11.42030 1.64941
-11.46386 1.78352
-11.45320 1.84359
-11.39871 1.85002
-11.34666 1.82972
-11.24047 1.74934
-11.20744 1.71668
-11.14051 1.62782
-11.11149 1.57917
-11.07203 1.46425
-11.04479 1.38399
-11.02075 1.29050
-10.98192 1.14145
-10.97507 1.07315
-11.00896 1.06232
-11.10815 1.15230
-11.20112 1.23644
-11.24420 1.28480
-11.32257 1.37053
-11.30248 1.28417
-11.28429 1.22658
-11.23590 1.18060
-11.18548 1.14356
-11.09700 1.06419
-11.00902 0.97584
-10.96985 0.94290
-10.92430 0.90540
-10.90147 0.94374
-10.91529 1.00778
-10.94237 1.12374
-10.97112 1.25404
-11.00674 1.38548
-11.03742 1.48404
-11.07732 1.58425
-11.11134 1.64889
-11.15339 1.71718
-11.22437 1.79253
-11.27038 1.83236
-11.35947 1.88454
-11.42534 1.92488
-11.45871 1.93482
-11.49331 1.94081
-11.53026 1.99172
-11.52080 1.99059
-11.47610 1.98901
-11.44784 1.99308
-11.41094 1.98968
-11.40513 2.02707
-11.38089 2.03757
-11.36598 2.08256
-11.35406 2.12632
-11.33688 2.15015
-11.28057 2.13413
-11.25243 2.10626
-11.21531 2.05582
-11.18405 2.03109
-11.16335 2.02550
-11.16071 2.04982
-11.19206 2.08652
-11.24060 2.10319
-11.26509 2.07838
-11.25446 2.04092
-11.22779 2.00798
-11.17279 1.96078
-11.10516 1.94012
-11.10755 1.97970
-11.10922 2.03824
-11.15428 2.11935
-11.25586 2.18091
-11.27484 2.16589
-11.33512 2.17684
-11.32495 2.11630
-11.32049 2.07838
-11.26960 2.01720
-11.22475 1.95070
-11.14689 1.90979
-11.10333 1.90886
-11.07644 1.91049
-11.05998 1.94035
-11.05456 1.98492
-11.05590 2.03020
-11.08832 2.10363
-11.14345 2.14950
-11.20950 2.19460
-11.31467 2.23094
-11.33507 2.23094
-11.32188 2.28036
-11.32364 2.33687
-11.33696 2.38373
-11.32863 2.41146
-11.28556 2.36693
-11.24490 2.32819
-11.22886 2.31452
-11.24572 2.31224
-11.26897 2.29414
-11.27648 2.27136
-11.27318 2.26717
-11.19858 2.25856
-11.19002 2.26024
-11.16697 2.25015
-11.17923 2.23327
-11.18854 2.22628
-11.13179 2.20057
-11.06387 2.14453
-11.06013 2.14107
-10.99773 2.06866
-10.98984 2.05049
-10.98904 2.00708
-10.98291 1.95322
-10.98092 1.88524
-11.01346 1.84931
-11.04622 1.82685
-11.06829 1.80878
-11.10591 1.81361
-11.15465 1.83930
-11.21112 1.88524
-11.25866 1.92511
-11.33394 2.00708
-11.35032 2.03244
-11.36091 2.01563
-11.36875 1.99331
-11.37347 1.98175
-11.32147 1.92233
-11.23431 1.83762
-11.18384 1.79788
-11.12962 1.76144
-11.07457 1.73593
-11.04487 1.72995
-11.02787 1.77054
-10.99071 1.77643
-10.96068 1.80636
-10.94157 1.85454
-10.93640 1.90280
-10.91269 1.83738
-10.88746 1.83332
-10.86117 1.81554
-10.80311 1.78083
-10.75536 1.74612
-10.71418 1.71316
-10.67712 1.66924
-10.62687 1.61235
-10.65365 1.70989
-10.66257 1.73294
-10.67791 1.75922
-10.70051 1.76341
-10.72828 1.76415
-10.77660 1.78839
-10.80884 1.80588
-10.85510 1.84741
-10.89422 1.88125
-10.93392 1.92164
-10.92984 1.94587
-10.81995 1.85549
-10.76787 1.84455
-10.71316 1.82372
-10.67412 1.82924
-10.65290 1.80660
-10.63257 1.71894
-10.61606 1.64111
-10.56833 1.54625
-10.56931 1.47021
-10.57963 1.35606
-10.55940 1.19519
-10.50192 0.95744
-10.46225 0.91491
-10.48433 0.97705
-10.53006 1.05593
-10.56978 1.09196
-10.58991 1.09122
-10.57310 1.03499
-10.53841 0.96443
-10.46661 0.84161
-10.38553 0.73365
-10.38289 0.75919
-10.39119 0.84718
-10.41228 0.90235
-10.47208 1.03076
-10.55570 1.15300
-10.59575 1.20830
-10.66097 1.25533
-10.66462 1.18944
-10.65176 1.10252
-10.60909 1.02458
-10.50310 0.84301
-10.43625 0.73630
-10.45474 0.70229
-10.46377 0.70614
-10.55628 0.87135
-10.61083 0.97827
-10.64582 1.04684
-10.69118 1.15335
-10.70967 1.22393
-10.72064 1.28829
-10.71224 1.32949
-10.69892 1.33625
-10.65477 1.31774
-10.62855 1.30371
-10.58241 1.24722
-10.51081 1.15021
-10.46177 1.06793
-10.38934 0.92347
-10.34545 0.82091
-10.30909 0.72137
-10.26465 0.65490
-10.24984 0.67067
-10.24947 0.70614
-10.27779 0.78938
-10.39012 1.04303
-10.44406 1.14671
-10.48999 1.22658
-10.57296 1.35212
-10.63378 1.41876
-10.68419 1.45998
-10.73363 1.49385
-10.77098 1.49637
-10.80290 1.44539
-10.79537 1.34634
-10.77662 1.28385
-10.74478 1.19756
-10.70694 1.11048
-10.62275 0.95289
-10.53307 0.78393
-10.51294 0.73788
-10.51580 0.73841
-10.62698 0.93577
-10.73738 1.12196
-10.79518 1.25695
-10.83997 1.37293
-10.87425 1.49050
-10.87196 1.59011
-10.85530 1.62939
-10.81271 1.63383
-10.73122 1.56143
-10.66109 1.50139
-10.58392 1.41204
-10.53192 1.33625
-10.48162 1.24625
-10.37821 1.06082
-10.29140 0.89579
-10.25899 0.81517
-10.21927 0.72834
-10.26718 0.89096
-10.30873 1.00305
-10.38984 1.16928
-10.48607 1.33594
-10.55875 1.45170
-10.61698 1.53315
-10.67496 1.60971
-10.75270 1.67819
-10.81720 1.72220
-10.87355 1.74190
-10.92227 1.73494
-10.94286 1.65793
-10.94871 1.55602
-10.91862 1.48545
-10.87636 1.36753
-10.82267 1.24233
-10.76739 1.13898
-10.62813 0.87987
-10.58719 0.80699
-10.55379 0.72137
-10.55670 0.70559
-10.59781 0.75042
-10.63444 0.81709
-10.72856 0.99552
-10.76427 1.06494
-10.82503 1.17547
-10.86265 1.24690
-10.88736 1.29491
-10.93493 1.38786
-10.96058 1.44597
-10.98163 1.50167
-11.00842 1.58505
-11.01923 1.64085
-11.02379 1.68839
-11.02440 1.70460
-11.04629 1.68839
-11.06712 1.69524
-11.09746 1.71492
-11.06192 1.63565
-11.03712 1.58985
-11.01986 1.54571
-10.99605 1.48010
-10.95867 1.40235
-10.92538 1.30996
-10.88095 1.22790
-10.81840 1.10180
-10.78662 1.04303
-10.74566 0.96893
-10.71593 0.90627
-10.69812 0.86865
-10.67843 0.82566
-10.66272 0.77744
-10.64579 0.72299
-10.67967 0.77894
-10.74677 0.89755
-10.78995 0.98230
-10.85799 1.12338
-10.91305 1.23349
-10.94168 1.29397
-10.98712 1.38964
-10.98608 1.38756
-10.96855 1.33010
-10.93653 1.24266
-10.91862 1.16825
-10.89294 1.07649
-10.81895 0.82991
-10.83251 0.77342
-10.91002 0.82423
-10.99795 0.90409
-11.10408 1.00896
-11.15922 1.04303
-11.20191 1.03423
-11.20444 0.87808
-11.10524 0.86548
-10.96937 0.80213
-10.83251 0.77342
-10.78100 0.80940
-10.64579 0.72299
-10.61164 0.75868
-10.50816 0.63512
-10.40036 0.63512
-10.37577 0.69674
-10.26266 0.63512
-10.19530 0.70779
-10.17686 0.73471
-10.22866 0.88432
-10.30866 1.07092
-10.37369 1.22559
-10.47162 1.41584
-10.55755 1.57890
-10.59710 1.69600
-10.60814 1.79788
-10.59064 1.84788
-10.54525 1.86710
-10.51047 1.88594
-10.46969 1.91978
-10.45382 1.95963
-10.45051 2.03422
-10.45489 2.09838
-10.46434 2.16868
-10.46057 2.27973
-10.48436 2.34513
-10.51576 2.39272
-10.55557 2.43014
-10.58320 2.48460
-10.60430 2.53019
-10.64291 2.59562
-10.64875 2.64831
-10.63819 2.69578
-10.60368 2.73156
-10.46113 2.77145
-10.34036 2.83852
-10.29834 2.89568
-10.17212 2.94443
-9.97033 2.96466
-9.71729 2.94978
-9.41061 2.92361
-9.00973 2.85447
-8.75284 2.77049
-8.45103 2.68525
-8.30141 2.64301
-7.98171 2.43561
-7.81177 2.29435
-7.66110 2.14280
-7.60924 2.02908
-7.56729 1.94357
-7.53056 1.85312
-7.49230 1.79521
-7.45957 1.75774
-7.41953 1.71366
-7.37189 1.66898
-7.33026 1.62991
-7.29938 1.61156
-7.28033 1.60787
-7.25178 1.59596
-7.22587 1.57354
-7.21032 1.56925
-7.18470 1.53780
-7.14672 1.48263
-7.11408 1.42517
-7.09308 1.38696
-7.07759 1.35818
-7.08173 1.34145
-7.09498 1.34756
-7.11699 1.38518
-7.14315 1.43271
-7.16999 1.47417
-7.18543 1.49106
-7.22366 1.51692
-7.24050 1.52519
-7.26528 1.52216
-7.28366 1.52712
-7.31354 1.55467
-7.35216 1.60232
-7.36970 1.62521
-7.37776 1.63252
-7.34829 1.58558
-7.31673 1.53206
-7.30164 1.50667
-7.26489 1.45998
-7.22993 1.43647
-7.21389 1.43618
-7.18081 1.42022
-7.16332 1.40764
-7.13086 1.36392
-7.10971 1.32702
-7.10397 1.31494
-7.07005 1.25209
-7.04302 1.21863
-7.01837 1.19553
-6.97662 1.18264
-6.93249 1.18298
-6.89132 1.17203
-6.85943 1.17066
-6.80549 1.17478
-6.78624 1.22029
-6.77720 1.24820
-6.68761 1.14741
-6.61078 1.09196
-6.54686 1.06232
-6.49762 1.10325
-6.53480 1.22261
-6.45978 1.06756
-6.41854 0.97948
-6.37085 0.88609
-6.30773 0.79185
-6.30773 0.79185
-6.35454 0.76328
-6.41666 0.78493
-6.43946 0.78493
-6.48404 0.78889
-6.59475 0.77090
-6.66922 0.75404
-6.72763 0.74627
-6.79952 0.77944
-6.84831 0.78641
-6.88755 0.82091
-6.90084 0.90148
-6.87777 0.93913
-6.82764 0.96648
-6.78536 0.96032
-6.70325 0.94749
-6.67353 0.95827
-6.60129 0.97219
-6.55040 0.94499
-6.48132 0.91405
-6.40249 0.91319
-6.46269 1.00778
-6.47829 0.97219
-6.54519 1.01719
-6.64104 1.05328
-6.69917 1.07315
-6.77369 1.07797
-6.83937 1.07834
-6.86445 1.05969
-6.90059 1.07017
-6.95630 1.05479
-7.01336 1.09232
-7.05337 1.16134
-7.12698 1.28797
-7.17079 1.34237
-7.20060 1.35060
-7.24165 1.39231
-7.29714 1.47248
-7.42615 1.61050
-7.49184 1.71768
-7.51365 1.74810
-7.54221 1.74562
-7.58157 1.73294
-7.59568 1.70535
-7.60056 1.67513
-7.59762 1.62704
-7.57957 1.55033
-7.57465 1.52409
-7.57726 1.50111
-7.60612 1.54244
-7.62096 1.53452
-7.61478 1.49916
-7.58083 1.44826
-7.53899 1.40559
-7.51776 1.40852
-7.50767 1.43935
-7.51834 1.48348
-7.54640 1.52739
-7.57987 1.57435
-7.61788 1.61997
-7.63662 1.63044
-7.65540 1.64059
-7.67080 1.62861
-7.68033 1.60787
-7.68409 1.57917
-7.66705 1.51830
-7.64956 1.46652
-7.61554 1.41847
-7.57592 1.37263
-7.54123 1.33686
-7.50865 1.30590
-7.48030 1.28860
-7.46566 1.28892
-7.45947 1.30934
-7.45153 1.32146
-7.44821 1.36482
-7.46090 1.40940
-7.47523 1.46027
-7.48947 1.48713
-7.50935 1.52629
-7.53270 1.56359
-7.55503 1.60126
-7.57601 1.63122
-7.59931 1.65122
-7.62826 1.67692
-7.64812 1.68584
-7.68258 1.70636
-7.72227 1.72295
-7.72911 1.69422
-7.74646 1.67231
-7.74826 1.64111
-7.73746 1.58371
-7.72638 1.55196
-7.69959 1.49357
-7.66749 1.43358
-7.63355 1.38190
-7.59112 1.32424
-7.54373 1.26726
-7.50849 1.23218
-7.47773 1.20025
-7.45069 1.17957
-7.42722 1.16584
-7.40472 1.16203
-7.39483 1.18366
-7.38098 1.20797
-7.38304 1.25047
-7.38224 1.28448
-7.39424 1.33287
-7.40106 1.37593
-7.43005 1.44309
-7.45531 1.49581
-7.50365 1.57971
-7.54590 1.64759
-7.59486 1.70712
-7.63238 1.74736
-7.67326 1.76931
-7.74434 1.78888
-7.79121 1.77863
-7.79972 1.73045
-7.79945 1.66949
-7.78351 1.61103
-7.72761 1.48881
-7.65551 1.37623
-7.56012 1.23283
-7.48525 1.14391
-7.39510 1.03499
-7.34844 1.00068
-7.31760 1.02960
-7.30820 1.06980
-7.30637 1.15474
-7.32507 1.25953
-7.36482 1.37023
-7.39009 1.43358
-7.43898 1.55196
-7.47925 1.62049
-7.51745 1.69270
-7.54757 1.74413
-7.58142 1.79205
-7.54222 1.76464
-7.49184 1.71768
-7.42615 1.61050
-7.35958 1.47615
-7.29794 1.32548
-7.27883 1.26886
-7.24569 1.13757
-7.22387 0.98913
-7.23102 0.91405
-7.24029 0.87719
-7.26663 0.85546
-7.26458 0.81995
-7.19767 0.70394
-7.18659 0.73418
-7.17958 0.79136
-7.17167 0.86593
-7.17029 0.91319
-7.18012 0.97543
-7.19786 1.08093
-7.22810 1.17581
-7.25520 1.28860
-7.29402 1.40264
-7.31130 1.44740
-7.22452 1.32084
-7.17513 1.27685
-7.12708 1.23316
-7.05788 1.13156
-6.98153 1.00305
-6.94342 0.95124
-6.92254 0.82708
-6.87403 0.74887
-6.91954 0.76328
-6.99586 0.96852
-7.08247 1.11874
-7.13583 1.17547
-7.20271 1.26082
-7.22146 1.26533
-7.11346 1.10831
-7.06392 1.03384
-7.00512 0.89623
-6.94296 0.72352
-7.03710 0.88120
-7.06456 0.95991
-7.11109 1.05517
-7.14878 1.11336
-7.20077 1.18094
-7.15803 1.07686
-7.07620 0.91620
-7.02946 0.80892
-7.01492 0.75765
-7.05074 0.80747
-7.15144 1.00107
-7.16449 1.02458
-7.12645 0.88609
-7.08642 0.77944
-7.08289 0.72299
-7.11259 0.73999
-7.22567 0.79234
-7.26526 0.76073
-7.30782 0.86684
-7.39354 1.00068
-7.46190 1.07760
-7.51419 1.12979
-7.59840 1.24201
-7.68787 1.37413
-7.77397 1.51554
-7.70817 1.37473
-7.64385 1.28131
-7.52272 1.10143
-7.40927 0.94874
-7.33703 0.85087
-7.27487 0.72994
-7.27487 0.72994
-7.31901 0.71922
-7.33744 0.72887
-7.40557 0.81373
-7.40757 0.89755
-7.52583 1.04646
-7.61579 1.18298
-7.68821 1.30183
-7.72932 1.37263
-7.78028 1.46397
-7.81565 1.54870
-7.84329 1.63278
-7.83546 1.69752
-7.83621 1.73942
-7.83605 1.77250
-7.83169 1.80297
-7.82122 1.81963
-7.79938 1.82396
-7.77056 1.82132
-7.74662 1.81023
-7.71656 1.81071
-7.68159 1.80418
-7.65635 1.79909
-7.61520 1.77520
-7.61166 1.80612
-7.58782 1.81144
-7.55473 1.83667
-7.51676 1.85952
-7.49707 1.88454
-7.45193 1.93366
-7.43541 1.97401
-7.41647 2.01855
-7.38229 2.06358
-7.32217 2.07573
-7.26234 2.10188
-7.22119 2.10079
-7.17868 2.09597
-7.14166 2.08652
-7.09917 2.07374
-7.05875 2.05870
-7.02214 2.03869
-6.97735 2.01451
-6.95781 1.99941
-6.92717 1.98334
-6.91343 1.97105
-6.95462 1.99964
-6.99860 2.02640
-7.05353 2.05427
-7.08827 2.07573
-7.13995 2.08630
-7.18126 2.09772
-7.22920 2.10101
-7.27839 2.10538
-7.31758 2.09597
-7.28841 2.12523
-7.27601 2.16481
-7.22594 2.17748
-7.18419 2.17298
-7.11613 2.15425
-7.07453 2.13825
-7.02970 2.11521
-6.99673 2.10385
-6.94855 2.09750
-6.87987 2.06313
-6.82342 2.03065
-6.77636 1.98833
-6.73736 1.94771
-6.71602 1.91583
-6.77342 1.97925
-6.84531 2.03221
-6.88875 2.06911
-6.97106 2.10691
-7.06596 2.14691
-7.14105 2.16331
-7.23589 2.17877
-7.27009 2.18177
-7.19855 2.20271
-7.14876 2.19972
-7.09947 2.20015
-7.03335 2.18669
-6.95592 2.15684
-6.90264 2.12827
-6.86683 2.10626
-6.81567 2.05493
-6.86403 2.10166
-6.91614 2.12827
-6.99059 2.17598
-7.03605 2.19631
-7.11849 2.20718
-7.17818 2.21695
-7.23182 2.21483
-7.22251 2.24383
-7.13693 2.24467
-7.06808 2.23876
-7.01312 2.21844
-6.90083 2.17405
-6.84359 2.13999
-6.77695 2.08850
-6.69522 2.02304
-6.64071 1.98243
-6.57409 1.93597
-6.48824 1.87347
-6.39464 1.82828
-6.30658 1.77177
-6.24084 1.71869
-6.16521 1.65922
-6.10679 1.58878
-6.05975 1.53671
-6.16514 1.65947
-6.22650 1.71039
-6.28839 1.75898
-6.34075 1.79229
-6.40334 1.83308
-6.55863 1.92326
-6.69200 2.01181
-6.74331 2.06601
-6.83135 2.13370
-6.86692 2.15684
-6.90319 2.20398
-6.99696 2.25373
-7.05711 2.26381
-7.10478 2.27136
-7.20188 2.27576
-7.25820 2.25919
-7.30599 2.24678
-7.32463 2.19247
-7.35424 2.16589
-7.38984 2.15188
-7.40794 2.11608
-7.43618 2.08256
-7.45689 2.03958
-7.48269 2.00618
-7.50453 1.97447
-7.52916 1.93413
-7.55248 1.90816
-7.58916 1.88313
-7.64504 1.84907
-7.67843 1.83786
-7.72350 1.85359
-7.77135 1.86189
-7.81190 1.87300
-7.85419 1.88078
-7.87946 1.86592
-7.89840 1.80079
-7.87730 1.64241
-7.84506 1.56413
-7.78454 1.42168
-7.72998 1.32455
-7.62818 1.15056
-7.53619 1.00857
-7.39087 0.74313
-7.42174 0.75868
-7.51034 0.89667
-7.62494 1.08388
-7.69214 1.20428
-7.76582 1.33625
-7.84662 1.47304
-7.87226 1.55413
-7.91205 1.71291
-7.95807 1.83715
-7.92642 1.90303
-7.88453 1.92326
-7.83275 1.91491
-7.75754 1.91328
-7.69540 1.92140
-7.64235 1.93689
-7.58876 1.94012
-7.54056 1.97652
-7.52378 2.02236
-7.50810 2.06999
-7.46880 2.13500
-7.41673 2.18605
-7.37859 2.22438
-7.34080 2.25940
-7.26914 2.30289
-7.38395 2.24909
-7.42752 2.19844
-7.46691 2.13522
-7.50434 2.08828
-7.54462 2.05404
-7.58270 2.00280
-7.61678 1.99036
-7.69529 1.99399
-7.66439 2.01338
-7.59594 2.05049
-7.57006 2.08212
-7.53921 2.16481
-7.50034 2.18969
-7.46395 2.24150
-7.41438 2.28015
-7.34606 2.29351
-7.21561 2.32281
-7.09944 2.30788
-6.95143 2.26486
-6.87201 2.23221
-6.82736 2.19033
-6.79183 2.14345
-6.74679 2.10079
-6.69147 2.04315
-6.57396 1.96192
-6.53407 1.93274
-6.48733 1.90466
-6.45247 1.88454
-6.53454 1.93528
-6.59315 1.98129
-6.62612 2.01023
-6.66244 2.04248
-6.69884 2.08168
-6.71879 2.10298
-6.75454 2.14648
-6.77596 2.16911
-6.81095 2.20590
-6.86499 2.25499
-6.91350 2.30081
-6.90602 2.29664
-7.02275 2.33150
-7.14887 2.34575
-7.24276 2.35871
-7.29599 2.35357
-7.36759 2.33997
-7.41800 2.32861
-7.42364 2.33109
-7.39734 2.34348
-7.36419 2.36939
-7.34799 2.37759
-7.32767 2.38454
-7.28522 2.38904
-7.22770 2.38761
-7.19076 2.38352
-7.18503 2.38986
-7.11385 2.37431
-7.06842 2.36364
-7.02797 2.35995
-6.96888 2.34657
-6.92120 2.32840
-6.85357 2.28934
-6.82174 2.25667
-6.80004 2.23348
-6.77078 2.20356
-6.70719 2.15058
-6.74949 2.18798
-6.78692 2.22205
-6.81056 2.26612
-6.86350 2.30060
-6.90612 2.33605
-6.95980 2.36221
-7.03726 2.39251
-7.11416 2.41451
-7.21774 2.42548
-7.27722 2.42304
-7.35964 2.41207
-7.43856 2.38373
-7.46524 2.35727
-7.50106 2.37492
-7.42746 2.41451
-7.32552 2.45663
-7.23405 2.46630
-7.07665 2.44371
-6.97699 2.40719
-6.90892 2.37164
-6.79935 2.29831
-6.77060 2.25940
-6.81983 2.31307
-6.88599 2.36097
-6.96750 2.40739
-7.14154 2.46308
-7.21409 2.47918
-7.32950 2.48239
-7.36696 2.46993
-7.42382 2.45744
-7.50642 2.42223
-7.57456 2.33832
-7.61695 2.23749
-7.66636 2.17513
-7.74754 2.14907
-7.82513 2.13825
-7.84979 2.12718
-8.01992 2.04404
-8.07005 2.00550
-8.06478 1.85597
-8.00075 1.70611
-7.97565 1.61050
-7.93797 1.51554
-7.89668 1.42197
-7.80135 1.25630
-7.77356 1.29932
-7.80611 1.36422
-7.84861 1.42981
-7.88315 1.50751
-7.91512 1.58024
-7.94254 1.65328
-7.97791 1.74662
-7.99530 1.82060
-7.99545 1.91769
-7.97089 1.95918
-7.91239 1.98379
-7.84726 1.98152
-7.77786 1.97652
-7.69747 1.95895
-7.61639 1.96717
-7.65390 1.97060
-7.70339 1.98197
-7.73747 1.99534
-7.79011 2.00663
-7.75780 2.03780
-7.70156 2.06092
-7.67492 2.07904
-7.61719 2.12718
-7.58086 2.16632
-7.55446 2.23052
-7.49036 2.27492
-7.45444 2.31908
-7.41160 2.36959
-7.32395 2.42710
-7.22836 2.41533
-7.13939 2.40699
-7.28991 2.40882
-7.40142 2.38924
-7.45982 2.32944
-7.51512 2.29185
-7.55566 2.27471
-7.60453 2.21526
-7.65130 2.16460
-7.72018 2.10757
-7.76699 2.08278
-7.81245 2.06690
-7.91159 2.02438
-7.93550 2.01720
-8.00706 2.00212
-8.00990 2.00460
-7.96012 2.06424
-7.90043 2.05427
-7.83061 2.11783
-7.80982 2.16244
-7.72847 2.23834
-7.66701 2.28183
-7.63901 2.34183
-7.62042 2.38004
-7.59641 2.42122
-7.54872 2.45824
-7.49111 2.48861
-7.45051 2.49403
-7.38802 2.50204
-7.30641 2.51983
-7.21602 2.51004
-7.13250 2.48319
-7.26012 2.51663
-7.31190 2.52621
-7.44586 2.54413
-7.57990 2.53039
-7.64280 2.48279
-7.66767 2.43055
-7.68735 2.40189
-7.75032 2.37144
-7.78543 2.38086
-7.76405 2.41431
-7.74932 2.42284
-7.70399 2.47918
-7.68328 2.53816
-7.57818 2.56635
-7.49628 2.56635
-7.61467 2.56715
-7.80920 2.56120
-7.90819 2.56279
-8.02128 2.56596
-8.09067 2.56873
-8.18274 2.57408
-8.20923 2.57546
-8.31434 2.59009
-8.35896 2.56972
-8.40774 2.55148
-8.29327 2.53995
-8.17047 2.54075
-8.08041 2.52262
-7.87752 2.51583
-7.79831 2.52302
-7.74410 2.53000
-7.80469 2.45058
-7.87147 2.41634
-7.99028 2.41797
-8.06653 2.44007
-8.21071 2.45502
-8.27761 2.45542
-8.36191 2.45603
-8.42027 2.37533
-8.43779 2.29497
-8.41120 2.25120
-8.40760 2.22120
-8.40383 2.18926
-8.40205 2.15771
-8.39644 2.07308
-8.40199 2.02998
-8.38759 1.96717
-8.39355 1.90769
-8.38004 1.86047
-8.36112 1.80225
-8.30208 1.75577
-8.26040 1.75379
-8.27262 1.82924
-8.29852 1.90303
-8.28893 1.97105
-8.30570 2.01361
-8.29218 2.07397
-8.30881 2.17941
-8.32944 2.22967
-8.35560 2.29080
-8.29076 2.39312
-8.21602 2.41065
-8.02606 2.36631
-7.98159 2.36097
-7.90361 2.37881
-7.84342 2.39884
-7.82395 2.41431
-7.78290 2.43420
-7.76272 2.45865
-7.74490 2.48319
-7.71812 2.50444
-7.70622 2.51523
-7.70885 2.46489
-7.71542 2.38025
-7.72491 2.34183
-7.76556 2.26192
-7.85079 2.19417
-7.87931 2.15943
-7.96904 2.13847
-8.00904 2.11848
-8.04776 2.10013
-8.09004 2.09267
-8.11455 2.09531
-8.13943 2.08366
-8.16519 2.03757
-8.16988 1.97037
-8.13979 1.89298
-8.08505 1.78229
-8.04312 1.72745
-8.01394 1.67129
-8.00258 1.60417
-7.97369 1.53999
-7.96245 1.46709
-7.93366 1.39171
-7.96857 1.40735
-7.99183 1.45027
-8.02962 1.55684
-8.06698 1.65096
-8.12545 1.76710
-8.13131 1.81602
-8.17689 1.92858
-8.19799 2.01518
-8.18974 2.12588
-8.13505 2.14670
-8.05265 2.15210
-7.91170 2.18520
-7.86408 2.22417
-7.82232 2.26024
-7.75414 2.32509
-7.69928 2.36036
-7.65962 2.40984
-7.58490 2.48380
-7.86274 2.35748
-7.91996 2.32592
-8.00943 2.30226
-8.10042 2.33584
-8.17354 2.34368
-8.21874 2.35028
-8.28722 2.23284
-8.26140 2.13500
-8.23166 1.98492
-8.19456 1.82132
-8.17688 1.70055
-8.17813 1.63825
-8.18930 1.57220
-8.14551 1.53562
-8.11029 1.60179
-8.14477 1.72295
-8.17120 1.85359
-8.21478 2.05315
-8.22668 2.24256
-8.11426 2.29351
-8.00950 2.28141
-7.90447 2.27513
-7.78688 2.36015
-7.80260 2.33440
-7.90876 2.25352
-8.04357 2.15555
-8.07024 2.11848
-8.07996 2.06291
-8.11428 2.05315
-8.11813 1.89906
-8.07782 1.72945
-8.05878 1.55196
-8.09640 1.54680
-8.16122 1.58024
-8.22434 1.62128
-8.25063 1.60787
-8.27496 1.61471
-8.37582 1.68024
-8.40945 1.74289
-8.45050 1.89040
-8.44917 2.02034
-8.45030 2.12479
-8.46725 2.20249
-8.49840 2.37841
-8.47331 2.45461
-8.40872 2.50144
-8.26522 2.51044
-8.09221 2.49002
-7.98360 2.48199
-7.86340 2.48701
-7.95309 2.48018
-8.07971 2.48982
-8.21492 2.50304
-8.31582 2.51144
-8.43570 2.52940
-8.56097 2.44613
-8.57046 2.26171
-8.52153 2.16266
-8.47902 2.06844
-8.48520 1.97720
-8.46852 1.83523
-8.43180 1.75700
-8.42720 1.73120
-8.47207 1.81554
-8.53458 2.04515
-8.56066 2.12131
-8.61944 2.24888
-8.65152 2.41024
-8.58189 2.53159
-8.46218 2.58515
-8.37216 2.61532
-8.29565 2.62790
-8.39640 2.63301
-8.51104 2.62889
-8.56682 2.57685
-8.62427 2.54214
-8.65991 2.48982
-8.87239 2.53139
-8.88482 2.51264
-8.84282 2.50824
-8.79062 2.49563
-8.69488 2.47375
-8.70502 2.43784
-8.73008 2.43116
-8.75772 2.43804
-8.80037 2.44755
-8.83599 2.45037
-8.82736 2.42913
-8.80429 2.41898
-8.77418 2.41756
-8.72898 2.40597
-8.70484 2.40108
-8.72481 2.37062
-8.73253 2.37226
-8.76015 2.37410
-8.79664 2.38148
-8.80461 2.34842
-8.78989 2.34719
-8.75285 2.34389
-8.71038 2.32737
-8.72106 2.30393
-8.74443 2.30767
-8.80645 2.31950
-8.81095 2.29789
-8.79893 2.27346
-8.74498 2.26276
-8.68516 2.24551
-8.65201 2.19183
-8.62203 2.14085
-8.58252 2.05004
-8.55529 1.94978
-8.51998 1.82036
-8.49108 1.75256
-8.38782 1.66025
-8.21069 1.68279
-8.25703 1.94725
-8.25091 2.05182
-8.16266 2.14972
-8.11520 2.18520
-8.07976 2.19332
-8.04857 2.20334
-8.01688 2.22056
-7.99175 2.24129
-7.95973 2.25246
-8.05387 2.25793
-8.10500 2.25940
-8.13636 2.25352
-8.16635 2.23749
-8.19737 2.20994
-8.21385 2.19631
-8.23356 2.18113
-8.25168 2.17577
-8.28610 2.15339
-8.34963 2.09706
-8.34281 1.99421
-8.33526 1.91932
-8.31717 1.83834
-8.33065 1.80951
-8.33354 1.75107
-8.41407 1.81554
-8.38545 1.74190
-8.40430 1.70081
-8.51820 1.74140
-8.47253 1.68406
-8.32231 1.61682
-8.22087 1.59994
-8.09546 1.51471
-7.94841 1.42981
-7.81273 1.29365
-7.68452 1.15544
-7.51034 0.89667
-7.36546 0.63512
-7.44040 0.73259
-7.59414 0.95248
-7.81348 1.20897
-8.02859 1.39379
-8.16254 1.49888
-8.23922 1.52684
-8.35834 1.56548
-8.47380 1.65380
-8.55319 1.69118
-8.73898 1.76317
-8.90839 1.73618
-8.98245 1.67589
-9.06475 1.57890
-9.08023 1.40205
-9.09466 1.22592
-9.07903 1.07426
-8.98039 0.75919
-8.95742 0.77944
-8.96417 0.88254
-9.01283 1.01406
-9.02700 1.13581
-9.03255 1.21630
-9.03964 1.34329
-9.02959 1.38458
-9.01725 1.42109
-9.01373 1.53726
-9.00122 1.58745
-8.97627 1.61314
-8.91767 1.65535
-8.86803 1.68126
-8.79607 1.68075
-8.66240 1.69321
-8.58791 1.66102
-8.47198 1.57837
-8.18311 1.37802
-8.01103 1.25307
-7.87408 1.15056
-7.66874 0.91749
-7.57002 0.79284
-7.60992 0.77944
-7.76091 0.95662
-7.79756 0.99631
-8.01267 1.20193
-8.08300 1.25339
-8.23320 1.34359
-8.30871 1.39822
-8.41477 1.48713
-8.49203 1.54026
-8.56472 1.57863
-8.68092 1.59144
-8.75337 1.57193
-8.77823 1.56467
-8.86307 1.53233
-8.98431 1.48741
-8.96264 1.27908
-8.95233 1.10107
-8.93870 0.92900
-8.92110 0.87180
-8.89072 0.80505
-8.85215 0.77191
-8.87224 0.90148
-8.88020 1.02960
-8.89241 1.11802
-8.91524 1.23808
-8.91255 1.31090
-8.89618 1.35697
-8.86471 1.38041
-8.78993 1.41087
-8.73967 1.43473
-8.67150 1.46681
-8.64137 1.47954
-8.59376 1.47191
-8.46612 1.42923
-8.41276 1.39053
-8.16245 1.24950
-8.11353 1.19046
-7.96233 1.06007
-7.87955 0.98069
-7.75601 0.84161
-7.75601 0.84161
-7.79576 0.80892
-7.83260 0.81900
-7.95042 0.94165
-8.09608 1.09816
-8.18197 1.18094
-8.39906 1.28512
-8.46297 1.30434
-8.54077 1.34634
-8.62775 1.36211
-8.76039 1.26597
-8.81841 1.15021
-8.82879 1.10578
-8.82207 1.04874
-8.80620 0.94999
-8.80349 0.88298
-8.79826 0.80892
-8.79826 0.80892
-8.70140 0.87000
-8.68256 0.91232
-8.67920 1.10361
-8.64275 1.13510
-8.58910 1.17820
-8.54471 1.19722
-8.49603 1.20227
-8.41078 1.15995
-8.10309 1.00857
-8.01822 0.93324
-7.95241 0.86003
-7.95241 0.86003
-7.89511 0.74783
-8.00926 0.81852
-8.04101 0.82802
-8.08050 0.84440
-8.20233 0.90366
-8.23335 0.88609
-8.32886 0.98432
-8.45041 1.06681
-8.55324 1.07129
-8.57942 1.06345
-8.61318 1.00936
-8.61513 0.88786
-8.58482 0.78044
-8.50980 0.82281
-8.47252 0.87763
-8.39518 0.89535
-8.30592 0.84764
-8.25666 0.80892
-8.19597 0.77593
-8.26616 0.63512
-8.37147 0.77593
-8.41707 0.76634
-8.42126 0.63512
-8.50546 0.63512
-8.55886 0.63512
-8.67418 0.76735
-8.70237 0.77894
-8.66436 0.63512
-8.73926 0.63512
-8.85215 0.77191
-8.84816 0.63512
-8.96924 0.76989
-9.02331 0.77443
-9.02331 0.77443
-9.31993 1.15126
-9.29589 1.10578
-9.27860 1.07760
-9.25212 1.06044
-9.25666 1.07871
-9.26169 1.11659
-9.27106 1.14671
-9.29205 1.19890
-9.31965 1.23710
-9.34883 1.27206
-9.37806 1.29491
-9.38979 1.29617
-9.39531 1.25921
-9.37111 1.17923
-9.36278 1.15056
-9.34788 1.12017
-9.32082 1.07203
-9.28365 1.01210
-9.25744 0.97988
-9.22813 0.95165
-9.20995 0.94749
-9.16928 0.92815
-9.16804 0.95868
-9.17427 1.00975
-9.18263 1.03806
-9.21321 1.12303
-9.22339 1.15579
-9.23572 1.18944
-9.27725 1.25630
-9.29381 1.28163
-9.31509 1.31058
-9.35609 1.35878
-9.38134 1.38548
-9.40685 1.40970
-9.43098 1.41876
-9.44184 1.41789
-9.45256 1.42051
-9.46484 1.40029
-9.46576 1.36753
-9.46610 1.33839
-9.46066 1.30871
-9.45326 1.27972
-9.44124 1.24168
-9.42672 1.21364
-9.40153 1.15126
-9.37787 1.10034
-9.34947 1.04874
-9.32302 1.00463
-9.28688 0.94916
-9.23912 0.87405
-9.19687 0.81613
-9.14751 0.74783
-9.12850 0.76481
-9.08946 0.75353
-9.07564 0.76887
-9.06847 0.80553
-9.09051 0.93281
-9.09828 0.97056
-9.14928 1.09816
-9.17984 1.16687
-9.21866 1.23972
-9.26498 1.30496
-9.31011 1.36542
-9.36955 1.43791
-9.41771 1.48881
-9.45929 1.50917
-9.47773 1.51886
-9.47773 1.51886
-9.51344 1.51968
-9.51962 1.50584
-9.52512 1.46084
-9.52709 1.43097
-9.51376 1.36331
-9.50078 1.31556
-9.48599 1.27398
-9.47436 1.24592
-9.45365 1.18910
-9.40183 1.07945
-9.36773 1.01406
-9.34149 0.97137
-9.26250 0.86139
-9.23677 0.82233
-9.21211 0.78641
-9.18300 0.74261
-9.19497 0.73153
-9.21909 0.74418
-9.25006 0.79333
-9.31784 0.89667
-9.36919 0.97219
-9.40138 1.02496
-9.44962 1.11264
-9.49538 1.21697
-9.53602 1.33625
-9.56202 1.44884
-9.56893 1.52767
-9.56640 1.56440
-9.55149 1.59197
-9.41951 1.53562
-9.36836 1.48292
-9.34995 1.45970
-9.22646 1.29932
-9.22646 1.29932
-9.14160 1.14461
-9.09537 1.07315
-9.12362 1.20763
-9.12362 1.20763
-9.12482 1.59224
-9.06630 1.70460
-8.98138 1.76317
-8.87982 1.78425
-8.80227 1.80394
-8.67427 1.77373
-8.54767 1.73294
-8.56303 1.77005
-8.55887 1.79375
-8.60333 1.79667
-8.67955 1.83691
-8.76393 1.86686
-8.83772 1.86544
-8.91374 1.86568
-8.95564 1.85288
-9.00678 1.83356
-9.03884 1.80588
-9.07857 1.77594
-9.10691 1.73942
-9.12804 1.69929
-9.15414 1.65947
-9.17368 1.61655
-9.18880 1.53260
-9.18481 1.48881
-9.18994 1.44568
-9.18994 1.44568
-9.22234 1.49888
-9.22253 1.53507
-9.21486 1.54653
-9.17368 1.61655
-9.15414 1.65947
-9.16536 1.71492
-9.16536 1.71492
-9.16098 1.76956
-9.13740 1.79739
-9.09132 1.82444
-9.06554 1.82948
-9.02870 1.85620
-8.99823 1.86686
-8.98279 1.87017
-8.94904 1.89368
-8.89499 1.88759
-8.86778 1.89976
-8.82687 1.90233
-8.77308 1.89555
-8.70025 1.87630
-8.65862 1.86544
-8.57504 1.85288
-8.56469 1.86639
-8.56681 1.88641
-8.57600 1.92140
-8.57734 1.96968
-8.59328 1.98016
-8.60615 1.94150
-8.62448 1.92395
-8.66223 1.93066
-8.71229 1.93759
-8.74989 1.94058
-8.77381 1.94242
-8.79971 1.94863
-8.83087 1.95253
-8.85333 1.94886
-8.93104 1.92349
-8.93988 1.91816
-9.03447 1.90233
-9.08943 1.86166
-9.10827 1.84955
-9.14696 1.83212
-9.17590 1.79180
-9.19244 1.74488
-9.19765 1.69549
-9.19859 1.62338
-9.20331 1.57703
-9.21341 1.59782
-9.20772 1.66744
-9.21517 1.72295
-9.21443 1.75725
-9.21294 1.78669
-9.17237 1.83834
-9.13938 1.86875
-9.10591 1.88641
-9.07401 1.90163
-9.04450 1.92279
-9.01762 1.93043
-8.99611 1.94081
-8.93976 1.95093
-8.86416 1.96512
-8.81217 1.96695
-8.73468 1.95597
-8.66983 1.94725
-8.64412 1.97583
-8.62198 1.99376
-8.61760 2.01720
-8.62483 2.04626
-8.64709 2.09618
-8.65593 2.11826
-8.68280 2.22120
-8.70420 2.30081
-8.71237 2.36754
-8.71041 2.43642
-8.70832 2.50164
-8.67524 2.55247
-8.64517 2.61394
-8.56748 2.64556
-8.47598 2.66397
-8.59173 2.69266
-8.76137 2.75133
-8.95767 2.80754
-9.23084 2.86368
-9.51935 2.89511
-9.77880 2.91520
-10.01791 2.92782
-10.24752 2.88323
-10.25759 2.83699
-10.23182 2.77764
-10.25094 2.74048
-10.31180 2.72340
-10.40031 2.71563
-10.44589 2.71057
-10.54038 2.68077
-10.58637 2.63713
-10.56899 2.56279
-10.54560 2.52840
-10.51468 2.47536
-10.45908 2.41695
-10.42872 2.38025
-10.41391 2.30101
-10.41658 2.28517
-10.41707 2.24593
-10.40366 2.15792
-10.39997 2.08454
-10.39192 2.00325
-10.38942 1.93643
-10.38236 1.87512
-10.39788 1.82876
-10.44935 1.79229
-10.47746 1.73892
-10.52534 1.73369
-10.52248 1.66975
-10.53340 1.61261
-10.47072 1.47643
-10.41145 1.36211
-10.34111 1.22162
-10.26854 1.08388
-10.23167 0.99073
-10.18868 0.88076
-10.12599 0.74418
-10.04716 0.63512
-10.08471 0.73683
-10.11778 0.82896
-10.21032 1.03384
-10.27076 1.15753
-10.42248 1.43675
-10.44242 1.48685
-10.46788 1.59596
-10.45281 1.63981
-10.42358 1.66975
-10.40881 1.67922
-10.36073 1.68406
-10.33364 1.69448
-10.31612 1.74885
-10.31769 1.80878
-10.32483 1.88806
-10.32246 1.97333
-10.33678 2.11216
-10.35721 2.19161
-10.34584 2.26108
-10.36198 2.36015
-10.37305 2.44350
-10.38752 2.50164
-10.44868 2.58495
-10.41538 2.65477
-10.23564 2.68447
-10.12828 2.69617
-9.90609 2.77358
-9.88809 2.80118
-9.94510 2.84179
-9.82885 2.86771
-9.55932 2.86003
-9.45266 2.83872
-9.30605 2.80330
-8.99486 2.75152
-8.86904 2.72748
-8.73174 2.69968
-8.60645 2.66690
-8.59150 2.65359
-8.62600 2.62279
-8.68746 2.63811
-8.79721 2.66983
-8.87357 2.69753
-8.93486 2.71213
-9.05492 2.71544
-9.16740 2.69539
-9.16740 2.69539
-9.23793 2.66005
-9.29522 2.62063
-9.28993 2.57566
-9.21686 2.57012
-9.11008 2.56576
-9.04251 2.55961
-8.95554 2.55187
-8.95554 2.55187
-8.89296 2.54631
-8.82907 2.54214
-8.79208 2.53736
-8.75988 2.53657
-8.74197 2.54114
-8.72464 2.54969
-8.70621 2.55981
-8.69254 2.57467
-8.68294 2.60528
-8.76851 2.63203
-8.79484 2.63988
-8.91705 2.66651
-8.98223 2.67667
-9.06527 2.67354
-9.13003 2.65986
-9.16146 2.63792
-9.17734 2.61729
-9.19088 2.59917
-9.18476 2.58831
-9.11162 2.57665
-9.07755 2.57269
-9.06108 2.58377
-9.02606 2.60193
-8.99010 2.62299
-8.91403 2.61945
-8.86288 2.61237
-8.81308 2.59936
-8.79364 2.59088
-8.78089 2.56457
-8.78089 2.56457
-8.81998 2.56536
-8.86390 2.58021
-8.88358 2.58397
-8.94399 2.58318
-8.94399 2.58318
-8.97489 2.56417
-8.99892 2.55624
-9.04251 2.55961
-9.04251 2.55961
-9.11008 2.56576
-9.18831 2.55922
-9.25334 2.57329
-9.28993 2.57566
-9.34989 2.59877
-9.37009 2.63478
-9.35909 2.66299
-9.33392 2.67745
-9.28901 2.69403
-9.22062 2.71524
-9.15437 2.72515
-9.07623 2.72845
-8.99493 2.71446
-9.23239 2.76178
-9.39039 2.74377
-9.42274 2.69968
-9.41978 2.64576
-9.44437 2.63674
-9.46270 2.62260
-9.45374 2.62967
-9.47983 2.69266
-9.49487 2.75733
-9.42777 2.77474
-9.34012 2.77744
-9.34012 2.77744
-9.46089 2.79578
-9.59040 2.77860
-9.62228 2.74436
-9.58573 2.70746
-9.50319 2.64458
-9.50727 2.61355
-9.56002 2.60843
-9.68187 2.60153
-9.68852 2.63124
-9.62890 2.67920
-9.68734 2.73427
-9.70510 2.77860
-9.63848 2.80716
-9.58514 2.81428
-9.52921 2.81582
-9.55732 2.81525
-9.69092 2.83083
-9.84205 2.82391
-9.82779 2.80677
-9.79643 2.75927
-9.77152 2.74164
-9.75742 2.70123
-9.76847 2.68954
-9.76461 2.67022
-9.76577 2.63615
-9.74083 2.60666
-9.72565 2.58871
-9.65430 2.52920
-9.65430 2.52920
-9.64022 2.50224
-9.69810 2.48199
-9.72440 2.52641
-9.78432 2.57744
-9.81584 2.61729
-9.84129 2.65418
-9.84402 2.68603
-9.84402 2.68603
-9.95102 2.67784
-9.99437 2.68213
-10.07618 2.66436
-10.10466 2.65673
-10.14023 2.65027
-10.17614 2.64948
-10.25562 2.64125
-10.30994 2.62928
-10.34890 2.59700
-10.36168 2.53756
-10.33362 2.49843
-10.31411 2.45623
-10.31316 2.40352
-10.32287 2.35995
-10.32459 2.34678
-10.31264 2.25267
-10.28059 2.16438
-10.28258 2.10757
-10.27946 2.03713
-10.26632 1.95803
-10.24507 1.88594
-10.25044 1.83547
-10.25071 1.77863
-10.25595 1.72169
-10.26602 1.68584
-10.27497 1.66513
-10.29237 1.63174
-10.34295 1.60470
-10.36453 1.60046
-10.35329 1.54299
-10.32091 1.45742
-10.27618 1.34756
-10.27477 1.28353
-10.23110 1.16480
-10.18314 1.07129
-10.13736 0.98351
-10.07047 0.83975
-9.98846 0.63512
-10.00311 0.75042
-10.00890 0.80940
-10.11507 1.01054
-10.13298 1.04456
-10.16956 1.19012
-10.21386 1.30653
-10.24135 1.36150
-10.26801 1.42022
-10.28003 1.50167
-10.25304 1.53589
-10.22648 1.55657
-10.20147 1.59755
-10.19077 1.62573
-10.17457 1.66333
-10.13807 1.78474
-10.19480 1.99059
-10.19480 1.99059
-10.28059 2.16438
-10.25480 2.18220
-10.23682 2.32385
-10.23682 2.32385
-10.20522 2.41065
-10.21552 2.49743
-10.21461 2.55942
-10.20615 2.58969
-9.90557 2.60134
-9.78432 2.57744
-9.77039 2.53557
-9.66991 2.49262
-9.69810 2.48199
-9.69810 2.48199
-9.82098 2.44795
-9.96322 2.50524
-10.04111 2.49222
-10.11226 2.46731
-10.07731 2.40943
-10.10017 2.30434
-10.10236 2.25352
-10.12596 2.13912
-10.18820 2.09399
-10.14576 1.95093
-10.10079 1.84478
-10.09481 1.78083
-10.09837 1.68915
-10.09888 1.57515
-10.10957 1.51913
-10.16236 1.48573
-10.16401 1.43242
-10.16069 1.39438
-10.18238 1.38637
-10.16375 1.31650
-10.17227 1.27174
-10.08352 1.08204
-10.08352 1.08204
-10.04999 0.94039
-9.94685 0.75249
-9.91891 0.76021
-9.90806 0.80892
-9.94980 0.95620
-10.05653 1.13546
-10.05653 1.13546
-10.08477 1.26115
-10.07367 1.36993
-10.05199 1.43618
-10.06947 1.52134
-10.00817 1.57435
-10.01147 1.64474
-10.02334 1.73767
-10.03084 1.82588
-10.07084 1.98787
-10.03344 2.04047
-9.97509 2.18199
-9.93640 2.27220
-9.92618 2.30497
-9.93226 2.36652
-9.87372 2.39904
-9.77424 2.39067
-9.69231 2.38802
-9.63575 2.38270
-9.54671 2.32923
-9.57686 2.30393
-9.64515 2.31970
-9.71827 2.33254
-9.78406 2.23411
-9.85399 2.22438
-9.90915 2.04270
-9.92195 2.01990
-9.93130 1.95299
-9.96471 1.90723
-9.96670 1.86260
-9.96198 1.83236
-9.94020 1.69980
-9.94645 1.67589
-9.93856 1.57032
-9.95446 1.54571
-9.97081 1.44941
-9.98195 1.42109
-9.96730 1.32301
-9.95711 1.20562
-9.95987 1.06195
-9.87947 0.88254
-9.82011 0.77241
-9.77314 0.76328
-9.84661 0.92943
-9.86659 1.10397
-9.85640 1.13581
-9.87086 1.22492
-9.84500 1.33839
-9.86236 1.47191
-9.86319 1.50917
-9.86810 1.67641
-9.87252 1.72545
-9.84582 1.91583
-9.84582 1.91583
-9.84800 1.99059
-9.83358 2.06557
-9.82841 2.09421
-9.81980 2.12479
-9.81456 2.16072
-9.74602 2.10604
-9.70724 2.06468
-9.73124 2.01248
-9.76161 1.89742
-9.78225 1.85430
-9.78661 1.78522
-9.79107 1.71793
-9.79166 1.60311
-9.79603 1.53726
-9.78719 1.35878
-9.77980 1.27940
-9.76383 1.17786
-9.74189 1.03998
-9.75228 0.97096
-9.75019 0.88298
-9.68010 0.79480
-9.65107 0.80213
-9.63538 0.84856
-9.65364 0.97988
-9.67562 1.24625
-9.68717 1.29775
-9.73843 1.47925
-9.74260 1.57140
-9.70851 1.63721
-9.69204 1.71768
-9.68307 1.78034
-9.68180 1.86781
-9.68118 1.92256
-9.67261 1.95161
-9.63723 1.98946
-9.54749 1.89438
-9.56369 1.78058
-9.59122 1.73244
-9.62477 1.71793
-9.64940 1.67819
-9.64169 1.43618
-9.65008 1.38696
-9.64855 1.27270
-9.60414 1.13369
-9.59020 1.06419
-9.57000 0.92219
-9.54983 0.82186
-9.54983 0.82186
-9.45646 0.63512
-9.48164 0.80408
-9.50689 0.93997
-9.53556 1.11551
-9.57248 1.25177
-9.60185 1.40470
-9.59114 1.48348
-9.58374 1.64448
-9.54092 1.72144
-9.51965 1.79909
-9.45102 1.74984
-9.47402 1.68864
-9.43706 1.58931
-9.49848 1.62075
-9.56046 1.61393
-9.59088 1.56736
-9.55592 1.33625
-9.53641 1.22921
-9.55535 1.18571
-9.46244 0.93408
-9.40484 0.78889
-9.32796 0.63512
-9.32796 0.63512
-9.32796 0.63512
-9.42850 0.92900
-9.45085 1.02031
-9.44178 1.04036
-9.39431 0.94583
-9.36371 0.88343
-9.31203 0.83226
-9.31203 0.83226
-9.21909 0.74418
-9.17267 0.78294
-9.10925 0.75970
-9.07564 0.76887
-9.05388 0.81757
-9.07245 0.78790
-9.05369 0.91319
-9.06747 1.03115
-9.09143 1.17547
-9.09490 1.24559
-9.16053 1.34786
-9.16801 1.25242
-9.23944 1.35848
-9.28139 1.41058
-9.35336 1.50612
-9.38192 1.53944
-9.41552 1.63903
-9.42195 1.66410
-9.42455 1.72169
-9.39199 1.69498
-9.29575 1.58131
-9.29575 1.58131
-9.25912 1.53123
-9.21514 1.42488
-9.21514 1.42488
-9.18057 1.36813
-9.19764 1.32887
-9.26080 1.40441
-9.34013 1.51886
-9.38212 1.58425
-9.35947 1.60655
-9.29886 1.54653
-9.28856 1.50612
-9.23125 1.40911
-9.32442 1.49665
-9.32761 1.57542
-9.23727 1.51194
-9.18773 1.46766
-9.14140 1.47361
-9.11395 1.62049
-8.93231 1.77643
-8.65862 1.86544
-8.57504 1.85288
-8.60000 1.96101
-8.62128 2.03177
-8.68144 2.13609
-8.66565 2.15490
-8.67428 2.18156
-8.69050 2.20739
-8.70728 2.22056
-8.71623 2.20526
-8.67788 2.10975
-8.65472 2.02863
-8.64706 1.99693
-8.66726 1.97993
-8.68014 2.00528
-8.70922 2.09465
-8.72685 2.14950
-8.75857 2.23855
-8.77684 2.24087
-8.76114 2.18947
-8.72624 2.08828
-8.70277 2.01293
-8.70679 1.98197
-8.74823 1.98447
-8.80078 1.98697
-8.84057 1.99534
-8.85921 2.02662
-8.82756 2.02572
-8.78153 2.02505
-8.74672 2.01945
-8.75901 2.04982
-8.83398 2.04915
-8.88324 2.05449
-8.91139 2.08718
-8.90147 2.10494
-8.85843 2.09706
-8.82036 2.10232
-8.78670 2.09860
-8.78670 2.09860
-8.77425 2.12610
-8.79204 2.14388
-8.79204 2.14388
-8.85353 2.15706
-8.87418 2.15576
-8.90299 2.15318
-8.91930 2.15361
-8.94005 2.17770
-8.94277 2.19353
-8.91977 2.19695
-8.91977 2.19695
-8.86084 2.19588
-8.83647 2.19353
-8.81360 2.18819
-8.81360 2.18819
-8.80160 2.21759
-8.80160 2.21759
-8.82767 2.23855
-8.89102 2.24024
-8.89102 2.24024
-8.94667 2.24593
-8.96191 2.24361
-8.98020 2.28141
-8.96264 2.29247
-8.94240 2.29539
-8.90687 2.28934
-8.85886 2.27953
-8.84273 2.28245
-8.84273 2.28245
-8.84761 2.30642
-8.85617 2.33915
-8.90622 2.34245
-8.95817 2.33894
-8.97927 2.33873
-8.97927 2.33873
-8.99757 2.33915
-9.00316 2.37472
-9.00316 2.37472
-8.90222 2.37144
-8.85347 2.36775
-8.83892 2.38004
-8.92360 2.45219
-8.97352 2.51104
-8.99830 2.52860
-9.03860 2.53119
-8.99060 2.48219
-8.96313 2.45966
-8.89766 2.40352
-8.89766 2.40352
-8.85347 2.36775
-8.90222 2.37144
-8.90222 2.37144
-8.97279 2.43237
-8.97279 2.43237
-9.07312 2.50304
-9.09018 2.53657
-9.15966 2.54393
-9.15572 2.51264
-9.07527 2.47214
-9.02503 2.43885
-8.95315 2.37410
-8.95315 2.37410
-8.98266 2.37472
-9.00316 2.37472
-9.10551 2.45461
-9.13046 2.46792
-9.22192 2.51424
-9.24708 2.53955
-9.30931 2.55981
-9.41084 2.59147
-9.48880 2.61079
-9.48880 2.61079
-9.45730 2.53099
-9.40532 2.55644
-9.37681 2.56001
-9.30931 2.55981
-9.31688 2.53856
-9.38290 2.52840
-9.42152 2.51603
-9.40991 2.48821
-9.34051 2.49423
-9.25861 2.51883
-9.25861 2.51883
-9.20041 2.48901
-9.27930 2.48299
-9.38444 2.46348
-9.38444 2.46348
-9.39909 2.43278
-9.39909 2.43278
-9.33548 2.43136
-9.26752 2.45784
-9.18567 2.47033
-9.13046 2.46792
-9.14038 2.44835
-9.24758 2.43136
-9.30300 2.41959
-9.35227 2.40495
-9.37894 2.39129
-9.35752 2.37164
-9.30662 2.38924
-9.23372 2.40963
-9.16702 2.42264
-9.10607 2.43055
-9.07707 2.40434
-9.07707 2.40434
-9.16215 2.39190
-9.22442 2.37164
-9.33968 2.33357
-9.33968 2.33357
-9.31973 2.30746
-9.18792 2.34245
-9.12466 2.35912
-9.07936 2.36693
-9.07936 2.36693
-9.02686 2.35871
-9.08889 2.34018
-9.12192 2.32985
-9.20753 2.31307
-9.26945 2.29331
-9.30246 2.27471
-9.26851 2.26381
-9.17023 2.29727
-9.09820 2.30081
-9.04994 2.30268
-9.01675 2.30871
-9.01675 2.30871
-9.00108 2.27576
-9.05735 2.27450
-9.15980 2.26339
-9.20849 2.24699
-9.23677 2.23454
-9.26426 2.22692
-9.23302 2.19844
-9.21179 2.19738
-9.18312 2.21143
-9.17178 2.21695
-9.14057 2.22374
-9.11442 2.22544
-9.08513 2.23306
-9.06867 2.23834
-9.05100 2.24340
-9.01816 2.24952
-8.99478 2.25436
-8.98524 2.25267
-8.97820 2.23200
-8.97125 2.21589
-8.97125 2.21589
-9.00254 2.21568
-9.02095 2.21271
-9.03802 2.21143
-9.01686 2.18091
-8.96608 2.18776
-8.96608 2.18776
-8.96366 2.17491
-8.95304 2.15469
-8.94555 2.14670
-8.97260 2.14280
-8.99415 2.14410
-8.99415 2.14410
-8.98256 2.12153
-8.93778 2.12436
-8.93778 2.12436
-8.92960 2.10560
-8.97146 2.09772
-8.97146 2.09772
-8.98348 2.09136
-8.97735 2.08190
-8.96633 2.07286
-8.94738 2.08256
-8.91686 2.07992
-8.91686 2.07992
-8.91073 2.06247
-8.94647 2.05293
-8.95908 2.04715
-8.94946 2.03512
-8.90963 2.03646
-8.89009 2.03199
-8.88348 2.02057
-8.88348 2.02057
-8.91574 2.01248
-8.93494 2.01068
-8.96162 2.00843
-8.97813 2.00685
-8.98823 1.98447
-8.99561 1.97082
-9.00114 1.96649
-9.01160 1.96580
-9.01160 1.96580
-9.07355 1.95391
-9.07355 1.95391
-9.06028 1.97196
-9.02974 1.98787
-9.02509 1.99919
-9.02509 1.99919
-9.03767 2.01113
-9.08875 2.00370
-9.08875 2.00370
-9.08663 2.01406
-9.05290 2.03400
-9.05290 2.03400
-9.06492 2.04804
-9.10385 2.04470
-9.12120 2.04359
-9.12665 2.06070
-9.09386 2.07772
-9.08433 2.07926
-9.10243 2.10626
-9.10243 2.10626
-9.12540 2.09399
-9.14712 2.09004
-9.14712 2.09004
-9.15710 2.11041
-9.12241 2.12762
-9.11918 2.13435
-9.13242 2.15145
-9.16526 2.13131
-9.17408 2.12936
-9.17408 2.12936
-9.18611 2.15102
-9.15681 2.17362
-9.15681 2.17362
-9.16044 2.18327
-9.19653 2.17706
-9.19653 2.17706
-9.21322 2.16524
-9.22386 2.17791
-9.24855 2.21271
-9.27809 2.24699
-9.32761 2.27702
-9.30754 2.26507
-9.24197 2.17534
-9.19795 2.12610
-9.17627 2.10035
-9.13899 2.04938
-9.10995 2.00550
-9.09904 1.98787
-9.07355 1.95391
-9.05805 1.92210
-9.08176 1.93112
-9.08176 1.93112
-9.14814 2.04248
-9.18696 2.08872
-9.21691 2.12262
-9.27159 2.19097
-9.30942 2.23284
-9.33115 2.24931
-9.33115 2.24931
-9.29003 2.18627
-9.25911 2.15102
-9.19327 2.07374
-9.16619 2.03579
-9.12101 1.97401
-9.10102 1.94403
-9.08696 1.91351
-9.08696 1.91351
-9.12894 1.96649
-9.17917 2.03534
-9.24977 2.12653
-9.30075 2.18370
-9.33280 2.22141
-9.36993 2.23327
-9.33613 2.18926
-9.29865 2.14950
-9.22414 2.06889
-9.15565 1.97970
-9.11633 1.92326
-9.09441 1.89742
-9.09322 1.87983
-9.10995 1.89110
-9.17096 1.96512
-9.22294 2.03288
-9.29150 2.11019
-9.35846 2.18391
-9.39498 2.21695
-9.39697 2.19994
-9.37088 2.16417
-9.27829 2.07419
-9.23528 2.02796
-9.17966 1.96352
-9.16715 1.94610
-9.14663 1.91885
-9.13013 1.89485
-9.13013 1.89485
-9.14347 1.87654
-9.15591 1.89602
-9.19119 1.94357
-9.23064 1.99308
-9.26377 2.03154
-9.30323 2.07705
-9.34886 2.12632
-9.39885 2.17770
-9.41722 2.17984
-9.41395 2.16029
-9.35294 2.10429
-9.31622 2.06623
-9.25756 1.99693
-9.21248 1.93897
-9.18206 1.90793
-9.14657 1.86734
-9.16182 1.87064
-9.20053 1.91165
-9.25543 1.97606
-9.31889 2.05138
-9.36609 2.10079
-9.38519 2.12218
-9.40554 2.14129
-9.42128 2.15857
-9.43517 2.17255
-9.46651 2.20121
-9.48118 2.21377
-9.49395 2.22671
-9.51758 2.27576
-9.54671 2.32923
-9.57086 2.37492
-9.60338 2.43156
-9.62598 2.47516
-9.65430 2.52920
-9.68383 2.57487
-9.66418 2.58476
-9.63308 2.53677
-9.61582 2.50324
-9.59032 2.45824
-9.55455 2.40251
-9.54172 2.36364
-9.52046 2.31452
-9.49047 2.26213
-9.47291 2.22861
-9.45075 2.18691
-9.43205 2.19311
-9.44041 2.21802
-9.46715 2.26129
-9.48150 2.29560
-9.49884 2.33729
-9.51261 2.37922
-9.53053 2.41085
-9.54399 2.43257
-9.56480 2.48380
-9.60760 2.53039
-9.61152 2.55604
-9.63476 2.58772
-9.61990 2.59719
-9.56679 2.53239
-9.55922 2.50304
-9.53264 2.46288
-9.51349 2.41837
-9.49359 2.38638
-9.47052 2.34884
-9.46451 2.32281
-9.44805 2.29331
-9.42543 2.24825
-9.41393 2.21526
-9.39398 2.22755
-9.40307 2.24614
-9.41806 2.27932
-9.42865 2.30871
-9.44435 2.33171
-9.46328 2.36836
-9.47638 2.39455
-9.47638 2.39455
-9.49732 2.43784
-9.51074 2.46268
-9.52861 2.49423
-9.53611 2.51763
-9.56293 2.55446
-9.56965 2.57170
-9.57805 2.58989
-9.58576 2.60272
-9.56002 2.60843
-9.53904 2.55187
-9.51920 2.52820
-9.49621 2.48821
-9.48853 2.46087
-9.46160 2.42040
-9.43826 2.37472
-9.42448 2.33976
-9.41021 2.30143
-9.39025 2.26549
-9.36993 2.23327
-9.35268 2.25057
-9.37322 2.28684
-9.38833 2.31846
-9.40462 2.36364
-9.41775 2.40169
-9.44474 2.44067
-9.45735 2.46671
-9.46810 2.48380
-9.48462 2.51723
-9.49699 2.53398
-9.50191 2.55783
-9.52098 2.58416
-9.52711 2.60863
-9.50727 2.61355
-9.49157 2.56794
-9.47128 2.53696
-9.44812 2.50604
-9.43477 2.47093
-9.42420 2.45239
-9.40530 2.42061
-9.39200 2.38741
-9.36216 2.34471
-9.34388 2.31556
-9.32761 2.27702
-9.31756 2.25772
-9.35171 2.23982
-9.40467 2.20994
-9.44146 2.19012
-9.47272 2.17684
-9.55040 2.21079
-9.61280 2.23961
-9.66132 2.26024
-9.70109 2.28099
-9.73877 2.29893
-9.77934 2.31888
-9.84526 2.34471
-9.94845 2.39169
-10.06837 2.43014
-10.25051 2.45582
-10.38067 2.47274
-10.51388 2.47395
-10.61154 2.46369
-10.73120 2.45300
-10.84181 2.43541
-10.99495 2.39210
-11.04537 2.36775
-10.83019 2.43298
-10.66849 2.45199
-10.58139 2.45138
-10.45737 2.44674
-10.38838 2.43095
-10.28399 2.40658
-10.14067 2.35275
-10.05533 2.29206
-10.01970 2.25541
-9.91932 2.20824
-9.84833 2.17126
-9.84191 2.20803
-9.88523 2.23306
-9.97127 2.27534
-10.04258 2.31037
-10.13178 2.36795
-10.19658 2.39496
-10.33951 2.43561
-10.41129 2.45159
-10.48093 2.45986
-10.26409 2.43257
-10.14136 2.41492
-10.02348 2.38577
-10.03621 2.32323
-10.03744 2.27388
-9.98860 2.42061
-9.78619 2.31058
-9.84833 2.17126
-9.83817 2.20994
-9.83132 2.24425
-9.81011 2.27702
-9.78909 2.31078
-9.79087 2.30434
-9.73359 2.28057
-9.67848 2.24657
-9.63073 2.22247
-9.58584 2.20547
-9.53554 2.18049
-9.50536 2.16632
-9.46637 2.15533
-9.47035 2.14150
-9.48892 2.13283
-9.52004 2.14388
-9.54681 2.15663
-9.59354 2.18348
-9.61805 2.19631
-9.65417 2.21313
-9.69801 2.23623
-9.73231 2.25562
-9.75782 2.27304
-9.78373 2.28747
-9.80405 2.29831
-9.81394 2.27848
-9.81105 2.26990
-9.76195 2.25309
-9.72563 2.23327
-9.68681 2.21462
-9.66230 2.20100
-9.62077 2.17534
-9.58911 2.15921
-9.56408 2.14497
-9.52583 2.12805
-9.51196 2.12131
-9.49500 2.11259
-9.49062 2.09903
-9.49891 2.09202
-9.49891 2.09202
-9.52532 2.09903
-9.57546 2.12632
-9.61498 2.14756
-9.65326 2.16911
-9.69747 2.19674
-9.75084 2.22967
-9.77883 2.24467
-9.80161 2.25562
-9.82909 2.26738
-9.83586 2.24973
-9.78406 2.23411
-9.75445 2.21611
-9.71260 2.19140
-9.68331 2.17362
-9.64318 2.15015
-9.58097 2.10953
-9.55869 2.09618
-9.52230 2.07860
-9.51145 2.07330
-9.50767 2.06535
-9.51860 2.05360
-9.53878 2.06756
-9.56901 2.08542
-9.60895 2.10910
-9.63471 2.12523
-9.66120 2.14280
-9.69378 2.16137
-9.72055 2.17770
-9.78565 2.21271
-9.80909 2.22459
-9.83512 2.23644
-9.84048 2.23876
-9.84428 2.22755
-9.75734 2.17727
-9.71445 2.15490
-9.65716 2.11652
-9.60056 2.07551
-9.55633 2.05227
-9.52688 2.04136
-9.53271 2.01743
-9.53271 2.01743
-9.59036 2.05071
-9.59036 2.05071
-9.62300 2.07220
-9.65098 2.09136
-9.67596 2.10932
-9.70845 2.13370
-9.72969 2.14778
-9.75082 2.15964
-9.78856 2.18413
-9.80888 2.19396
-9.83448 2.21695
-9.83807 2.19695
-9.79818 2.16976
-9.75143 2.13565
-9.68868 2.09597
-9.63560 2.05759
-9.59501 2.02841
-9.56420 2.00460
-9.53960 1.99059
-9.54616 1.97492
-9.58080 1.99580
-9.62311 2.02662
-9.65663 2.05227
-9.76932 2.13305
-9.83791 2.17362
-9.67654 2.04649
-9.62501 2.00663
-9.57671 1.97082
-9.55492 1.95345
-9.57273 1.94426
-9.66608 2.02416
-9.55553 1.91746
-9.49909 2.00438
-9.48298 2.03355
-9.45778 2.00776
-9.49241 1.92303
-9.50252 1.88524
-9.50853 1.86686
-9.47730 1.82900
-9.46338 1.90396
-9.44150 1.93320
-9.43049 1.96877
-9.43049 1.96877
-9.40088 1.94495
-9.40320 1.92279
-9.41756 1.89251
-9.43009 1.87159
-9.43818 1.82276
-9.44560 1.80200
-9.41970 1.77520
-9.41119 1.80878
-9.40054 1.84168
-9.38865 1.88829
-9.38791 1.90583
-9.38021 1.91862
-9.35329 1.88759
-9.35736 1.84192
-9.36560 1.82060
-9.37975 1.78449
-9.38343 1.76366
-9.38872 1.74463
-9.36263 1.71266
-9.34674 1.75528
-9.35038 1.77936
-9.34254 1.82348
-9.32855 1.86189
-9.29387 1.81554
-9.30348 1.78156
-9.31198 1.75157
-9.32340 1.72520
-9.32576 1.69372
-9.33229 1.67998
-9.30310 1.64759
-9.28949 1.67998
-9.28637 1.73095
-9.27148 1.75577
-9.27340 1.78839
-9.26651 1.79982
-9.24289 1.76218
-9.24533 1.70687
-9.24358 1.68457
-9.25113 1.64267
-9.25943 1.62547
-9.25863 1.60126
-9.24189 1.58158
-9.22758 1.61577
-9.20984 1.68228
-9.21517 1.72295
-9.23083 1.76366
-9.23251 1.77422
-9.23964 1.79448
-9.21770 1.83020
-9.19999 1.85098
-9.18475 1.86970
-9.17856 1.87512
-9.19712 1.89204
-9.21745 1.86710
-9.23129 1.84598
-9.24954 1.82588
-9.25440 1.80660
-9.27296 1.82613
-9.26430 1.85359
-9.24510 1.87960
-9.22960 1.90000
-9.21646 1.91212
-9.24176 1.94311
-9.25433 1.91025
-9.26807 1.88594
-9.28896 1.85952
-9.29555 1.84431
-9.31468 1.87135
-9.30218 1.90536
-9.27860 1.94380
-9.26732 1.96283
-9.27165 1.97811
-9.29127 1.99353
-9.30043 1.95505
-9.32087 1.94334
-9.32353 1.91746
-9.33116 1.89672
-9.35492 1.92024
-9.34416 1.94012
-9.32885 1.98129
-9.31251 1.99602
-9.30172 2.01383
-9.32043 2.03266
-9.35232 1.98424
-9.36436 1.96831
-9.37298 1.94656
-9.39024 1.95849
-9.39187 1.99014
-9.36268 2.02057
-9.34264 2.03869
-9.33984 2.05848
-9.36312 2.08124
-9.37110 2.05360
-9.39096 2.03333
-9.40949 2.00978
-9.41399 1.99218
-9.43384 2.00888
-9.41517 2.04114
-9.39965 2.06690
-9.38784 2.07948
-9.38254 2.09509
-9.40295 2.11870
-9.41909 2.09158
-9.44455 2.06070
-9.45206 2.04493
-9.45842 2.03445
-9.48346 2.05271
-9.46244 2.07087
-9.44215 2.09969
-9.42355 2.12610
-9.42503 2.14626
-9.42459 2.13999
-9.46882 2.09465
-9.50767 2.06535
-9.51938 1.99715
-9.52874 1.92927
-9.54238 1.89017
-9.52876 1.87913
-9.50803 1.85786
-9.46735 1.81530
-9.40570 1.75379
-9.35430 1.69600
-9.28260 1.61761
-9.23995 1.56709
-9.20604 1.52189
-9.20922 1.46624
-9.19585 1.50890
-9.17843 1.44165
-9.14447 1.27334
-9.13401 1.18162
-9.09185 1.04151
-9.02352 0.85225
-9.02830 0.76481