# sss file
-1.57080 3.14159
-1.57080 3.14159
-0.31756 0.63512
-566.96233 2.95131
-566.72730 2.55960
-566.47531 2.18472
-566.28322 1.91922
-566.12298 1.71254
-565.97927 1.54060
-565.85108 1.40013
-565.73305 1.28432
-565.62608 1.19426
-565.52764 1.12935
-565.44071 1.09473
-565.37074 1.09473
-565.31843 1.12935
-565.28490 1.19426
-565.26799 1.28432
-565.26576 1.40013
-565.27805 1.54060
-565.30629 1.71254
-565.35271 1.91922
-565.42612 2.18472
-565.54901 2.55960
-565.70569 2.95131
-565.55116 2.56145
-565.43563 2.20103
-565.36655 1.94031
-565.32513 1.73973
-565.30324 1.58127
-565.29662 1.45321
-565.30450 1.34472
-565.32742 1.26253
-565.36721 1.20578
-565.42562 1.17890
-565.50091 1.18531
-565.58845 1.22276
-565.68987 1.29021
-565.79930 1.38236
-565.91448 1.49510
-566.04479 1.63772
-566.19115 1.81328
-566.36138 2.03448
-566.56599 2.32108
-566.82625 2.71701
-566.96233 2.95131
-566.73404 2.57454
-566.49535 2.22623
-566.30972 1.97678
-566.15635 1.78660
-566.01978 1.63163
-565.89875 1.50803
-565.78767 1.40878
-565.68289 1.33139
-565.58659 1.27954
-565.50423 1.25742
-565.43665 1.26520
-565.38455 1.30281
-565.34962 1.36672
-565.33039 1.45320
-565.32541 1.56411
-565.33498 1.69934
-565.36090 1.86661
-565.40810 2.07882
-565.48917 2.36637
-565.62727 2.76750
-565.70569 2.95131
-565.56350 2.58853
-565.45972 2.25281
-565.39910 2.00648
-565.36615 1.82061
-565.35246 1.67663
-565.35407 1.55788
-565.37048 1.46402
-565.40280 1.39245
-565.45004 1.34774
-565.51438 1.32970
-565.59337 1.34076
-565.68621 1.38093
-565.78766 1.44689
-565.89568 1.53536
-566.01388 1.64868
-566.14201 1.78714
-566.28631 1.95902
-566.46190 2.18729
-566.68177 2.49874
-566.92620 2.88423
-566.96233 2.95131
-566.74082 2.58941
-566.51528 2.26680
-566.33562 2.03222
-566.18838 1.85680
-566.05787 1.71643
-565.94264 1.60671
-565.83227 1.51705
-565.73245 1.45250
-565.63996 1.41151
-565.55692 1.39712
-565.48827 1.41151
-565.43677 1.45250
-565.40150 1.51705
-565.38079 1.60671
-565.37527 1.71643
-565.38515 1.85680
-565.41332 2.03222
-565.46824 2.26680
-565.56915 2.60086
-565.70569 2.95131
-565.57126 2.60270
-565.47712 2.28238
-565.42760 2.05958
-565.40306 1.88774
-565.39729 1.75717
-565.40665 1.65133
-565.43036 1.56938
-565.46957 1.50848
-565.52520 1.47122
-565.59478 1.46031
-565.67738 1.47559
-565.77227 1.51728
-565.87424 1.58254
-565.98163 1.66877
-566.09857 1.77904
-566.23111 1.92096
-566.38089 2.09938
-566.56408 2.33953
-566.80203 2.68413
-566.96233 2.95131
-566.75535 2.61562
-566.53526 2.30659
-566.36117 2.08583
-566.21947 1.92370
-566.09424 1.79598
-565.97880 1.69372
-565.87301 1.61582
-565.77277 1.55935
-565.67974 1.52668
-565.59908 1.52018
-565.53168 1.53972
-565.48058 1.58324
-565.44510 1.64828
-565.42377 1.73712
-565.41759 1.85081
-565.42837 1.99750
-565.45968 2.18260
-565.52445 2.44313
-565.64417 2.80726
-565.70569 2.95131
-565.57893 2.61689
-565.49634 2.32080
-565.45469 2.11103
-565.43774 1.95186
-565.43929 1.82795
-565.45588 1.73408
-565.48797 1.65998
-565.53633 1.60771
-565.59849 1.58010
-565.67676 1.57686
-565.76765 1.59964
-565.86594 1.64647
-565.96993 1.71510
-566.07826 1.80348
-566.19561 1.91539
-566.32855 2.05927
-566.48579 2.24932
-566.68631 2.51851
-566.91841 2.87152
-566.96233 2.95131
-566.76243 2.63045
-566.54841 2.33663
-566.38022 2.13041
-566.24411 1.98161
-566.12400 1.86612
-566.01307 1.77498
-565.91103 1.70674
-565.81360 1.65841
-565.72226 1.63198
-565.63904 1.62983
-565.57186 1.65207
-565.52035 1.69623
-565.48263 1.76386
-565.46076 1.85165
-565.45390 1.96356
-565.46407 2.10837
-565.49707 2.30085
-565.56788 2.57528
-565.68684 2.91117
-565.70569 2.95131
-565.58693 2.63251
-565.51329 2.35187
-565.47978 2.15634
-565.47019 2.01013
-565.47834 1.89785
-565.50205 1.81037
-565.53998 1.74602
-565.59349 1.70180
-565.66292 1.67958
-565.74471 1.68113
-565.83778 1.70649
-565.93683 1.75385
-566.04037 1.82141
-566.15286 1.91233
-566.27465 2.02830
-566.41277 2.17866
-566.58368 2.38836
-566.80115 2.68916
-566.96233 2.95131
-566.76882 2.64411
-566.56006 2.36430
-566.39699 2.17145
-566.26574 2.03480
-566.14445 1.92569
-566.03765 1.84548
-565.93430 1.78427
-565.83554 1.74366
-565.74293 1.72539
-565.66200 1.73111
-565.59674 1.75924
-565.54694 1.80773
-565.51086 1.87883
-565.49068 1.96922
-565.48585 2.08987
-565.50039 2.24686
-565.54380 2.46679
-565.63752 2.78420
-565.70569 2.95131
-565.59730 2.65672
-565.53059 2.38724
-565.50390 2.20274
-565.50064 2.06685
-565.51456 1.96389
-565.54361 1.88466
-565.58875 1.82493
-565.65028 1.78611
-565.72825 1.76986
-565.81851 1.77770
-565.91529 1.80810
-566.01677 1.85918
-566.12173 1.92946
-566.23511 2.02269
-566.36379 2.14747
-566.50999 2.31038
-566.69889 2.54980
-566.91053 2.85949
-566.96233 2.95131
-566.77641 2.65927
-566.58101 2.40289
-566.42295 2.22140
-566.29020 2.08900
-566.17321 1.98979
-566.06479 1.91450
-565.95970 1.85892
-565.85903 1.82431
-565.76837 1.81231
-565.68865 1.82230
-565.62138 1.85480
-565.57052 1.90820
-565.53594 1.98122
-565.51656 2.07794
-565.51434 2.20747
-565.53550 2.38549
-565.59339 2.63746
-565.69919 2.93795
-565.70569 2.95131
-565.60455 2.67128
-565.54598 2.41580
-565.52642 2.24376
-565.52928 2.11875
-565.54985 2.02080
-565.58631 1.94739
-565.63683 1.89620
-565.70305 1.86425
-565.78492 1.85312
-565.87791 1.86425
-565.97609 1.89620
-566.07780 1.94739
-566.18766 2.02080
-566.30618 2.11875
-566.43407 2.24376
-566.58654 2.41580
-566.78344 2.67128
-566.96233 2.95131
-566.78339 2.67336
-566.59358 2.43039
-566.44052 2.26097
-566.31218 2.13906
-566.19895 2.04879
-566.09351 1.98097
-565.99043 1.93145
-565.89079 1.90136
-565.79628 1.89223
-565.71309 1.90545
-565.64597 1.93966
-565.59512 1.99349
-565.56045 2.06585
-565.54080 2.16115
-565.53824 2.28891
-565.56100 2.47448
-565.62612 2.74049
-565.70569 2.95131
-565.61135 2.68479
-565.56054 2.44227
-565.54776 2.28176
-565.55734 2.16139
-565.58395 2.07336
-565.62568 2.00829
-565.68386 1.96198
-565.75839 1.93547
-565.84894 1.93031
-565.94559 1.94665
-566.04608 1.98244
-566.14898 2.03641
-566.25942 2.11204
-566.37801 2.21185
-566.51255 2.34604
-566.68074 2.54167
-566.87852 2.81131
-566.96233 2.95131
-566.78978 2.68641
-566.60488 2.45585
-566.45623 2.29760
-566.33178 2.18535
-566.21593 2.09930
-566.10789 2.03656
-566.00207 1.99288
-565.89964 1.96921
-565.80682 1.96673
-565.72512 1.98526
-565.65962 2.02359
-565.61059 2.08064
-565.57651 2.16029
-565.55948 2.26535
-565.56229 2.40673
-565.59569 2.61327
-565.67697 2.88616
-565.70569 2.95131
-565.61806 2.69862
-565.57464 2.46894
-565.56830 2.31285
-565.58419 2.20335
-565.61596 2.12426
-565.66494 2.06380
-565.73121 2.02272
-565.81435 2.00189
-565.90899 2.00239
-566.01341 2.02427
-566.12115 2.06644
-566.23099 2.12808
-566.34226 2.20842
-566.46812 2.31942
-566.61847 2.47737
-566.80534 2.70950
-566.96233 2.95131
-566.79659 2.69980
-566.61688 2.48156
-566.47275 2.33397
-566.35222 2.23064
-566.23947 2.15200
-566.13371 2.09516
-566.02916 2.05596
-565.92702 2.03532
-565.82940 2.03481
-565.74731 2.05445
-565.68128 2.09258
-565.63160 2.14830
-565.59661 2.22565
-565.57842 2.32753
-565.58061 2.47329
-565.61735 2.68913
-565.69929 2.93808
-565.70569 2.95131
-565.62213 2.70217
-565.58815 2.49587
-565.58756 2.35043
-565.60790 2.24954
-565.64553 2.17361
-565.69815 2.11955
-565.76747 2.08325
-565.85305 2.06554
-565.95423 2.06809
-566.05960 2.09088
-566.16710 2.13254
-566.27563 2.19239
-566.39122 2.27492
-566.52187 2.39017
-566.67784 2.55594
-566.86189 2.79062
-566.96233 2.95131
-566.80389 2.71359
-566.62976 2.50758
-566.49036 2.37017
-566.36727 2.27020
-566.25810 2.19940
-566.14918 2.14621
-566.04119 2.11124
-565.93549 2.09523
-565.83465 2.09992
-565.75054 2.12527
-565.68722 2.16728
-565.63810 2.23005
-565.60700 2.31125
-565.59270 2.42379
-565.60266 2.58537
-565.65681 2.82595
-565.70569 2.95131
-565.62848 2.71554
-565.60047 2.51295
-565.60662 2.37924
-565.63213 2.28776
-565.67403 2.21943
-565.73374 2.16897
-565.81101 2.13683
-565.90507 2.12376
-566.00949 2.13077
-566.11663 2.15661
-566.22467 2.20027
-566.33272 2.26116
-566.44722 2.34411
-566.57648 2.45954
-566.73084 2.62598
-566.91012 2.86269
-566.96233 2.95131
-566.81072 2.72647
-566.64164 2.53183
-566.50657 2.40389
-566.38703 2.31162
-566.27430 2.24342
-566.16759 2.19597
-566.05504 2.16407
-565.94470 2.15174
-565.84438 2.15993
-565.76091 2.18751
-565.69530 2.23363
-565.64799 2.29794
-565.61748 2.38570
-565.60640 2.50816
-565.62620 2.69540
-565.69353 2.92524
-565.70569 2.95131
-565.63443 2.72803
-565.61285 2.54439
-565.62280 2.41799
-565.65343 2.32781
-565.70176 2.26202
-565.76509 2.21711
-565.85036 2.18805
-565.95310 2.17871
-566.06610 2.19014
-566.17494 2.21923
-566.28351 2.26528
-566.39801 2.33240
-566.51925 2.42414
-566.65611 2.55244
-566.82699 2.74916
-566.96233 2.95131
-566.81814 2.73984
-566.65467 2.55655
-566.51688 2.43161
-566.39462 2.34346
-566.28555 2.28317
-566.17528 2.23964
-566.06457 2.21325
-565.94968 2.20484
-565.85051 2.21636
-565.76831 2.24593
-565.70408 2.29296
-565.65813 2.35710
-565.62754 2.45004
-565.61908 2.58089
-565.64525 2.77183
-565.70569 2.95131
-565.64032 2.74118
-565.62446 2.56080
-565.64018 2.44517
-565.67520 2.36343
-565.72695 2.30415
-565.79731 2.26203
-565.88569 2.23731
-565.99090 2.23074
-566.10533 2.24346
-566.22052 2.27466
-566.33494 2.32397
-566.44801 2.39126
-566.57482 2.48893
-566.71768 2.62679
-566.88486 2.82854
-566.96233 2.95131
-566.81697 2.74261
-566.65935 2.57291
-566.52641 2.45877
-566.40803 2.37905
-566.29520 2.32212
-566.18066 2.28260
-566.06533 2.26064
-565.95145 2.25706
-565.84837 2.27316
-565.76844 2.30589
-565.70684 2.35524
-565.66138 2.42596
-565.63500 2.52193
-565.63241 2.66529
-565.67522 2.87609
-565.70569 2.95131
-565.64616 2.75430
-565.63610 2.58502
-565.65815 2.47242
-565.70069 2.39479
-565.76095 2.34027
-565.84091 2.30341
-565.93953 2.28426
-566.05511 2.28374
-566.17251 2.30184
-566.28902 2.33754
-566.40351 2.39075
-566.52330 2.46681
-566.65750 2.57744
-566.81632 2.74412
-566.95561 2.93840
-566.96233 2.95131
-566.82421 2.75577
-566.67192 2.59711
-566.54325 2.49172
-566.42828 2.41873
-566.31793 2.36679
-566.20464 2.33076
-566.08277 2.31018
-565.96220 2.30860
-565.85877 2.32595
-565.77446 2.36127
-565.71407 2.41067
-565.66973 2.48063
-565.64347 2.58221
-565.64553 2.73582
-565.69398 2.92576
-565.70569 2.95131
-565.65194 2.76740
-565.64771 2.60919
-565.67441 2.50535
-565.72045 2.43444
-565.78345 2.38488
-565.86588 2.35145
-565.97301 2.33378
-566.09782 2.33539
-566.22368 2.35635
-566.34034 2.39327
-566.45373 2.44679
-566.57165 2.52246
-566.70339 2.63232
-566.85814 2.79858
-566.96233 2.95131
-566.83149 2.76892
-566.68448 2.62126
-566.56003 2.52452
-566.44060 2.45417
-566.32532 2.40574
-566.20636 2.37382
-566.07800 2.35803
-565.95780 2.36113
-565.85547 2.38184
-565.77309 2.41971
-565.71179 2.47497
-565.66940 2.55360
-565.64937 2.66842
-565.66770 2.84313
-565.70569 2.95131
-565.65653 2.77055
-565.66059 2.62603
-565.69356 2.53284
-565.74431 2.47005
-565.81637 2.42412
-565.90928 2.39493
-566.02834 2.38215
-566.15768 2.38847
-566.28590 2.41300
-566.40274 2.45250
-566.51502 2.50795
-566.63954 2.59168
-566.77783 2.71436
-566.92534 2.88971
-566.96233 2.95131
-566.83881 2.78208
-566.69704 2.64538
-566.56830 2.55188
-566.45206 2.48973
-566.33086 2.44505
-566.20505 2.41749
-566.06901 2.40668
-565.94241 2.41529
-565.84235 2.44056
-565.76357 2.48256
-565.70687 2.54163
-565.66823 2.63111
-565.65839 2.76267
-565.69969 2.93866
-565.70569 2.95131
-565.66250 2.78377
-565.67259 2.65031
-565.71027 2.56569
-565.76932 2.50580
-565.84580 2.46599
-565.94980 2.44010
-566.08164 2.43133
-566.21503 2.44119
-566.34513 2.46825
-566.46160 2.50936
-566.58076 2.57086
-566.70331 2.65743
-566.84697 2.79359
-566.96233 2.95131
-566.84617 2.79524
-566.70959 2.66949
-566.58456 2.58462
-566.47108 2.52895
-566.35104 2.48910
-566.21649 2.46377
-566.07836 2.45587
-565.94951 2.46592
-565.84852 2.49135
-565.76952 2.53254
-565.71310 2.58977
-565.67475 2.67668
-565.66656 2.80507
-565.70569 2.95131
-565.66845 2.79702
-565.68467 2.67461
-565.72709 2.59849
-565.79022 2.54509
-565.87689 2.50792
-565.99382 2.48557
-566.13189 2.48076
-566.27773 2.49437
-566.40948 2.52417
-566.52516 2.56721
-566.64255 2.63051
-566.77132 2.72669
-566.90810 2.86891
-566.96233 2.95131
-566.85360 2.80841
-566.72214 2.69360
-566.60068 2.61730
-566.48064 2.56469
-566.35245 2.52893
-566.20771 2.50844
-566.05921 2.50573
-565.93023 2.52045
-565.83168 2.54971
-565.75689 2.59454
-565.70260 2.66112
-565.67296 2.76310
-565.68683 2.90326
-565.70569 2.95131
-565.67437 2.81029
-565.69686 2.69894
-565.74897 2.62661
-565.82430 2.57814
-565.92571 2.54660
-566.05995 2.53040
-566.21512 2.53206
-566.35657 2.55000
-566.48007 2.58115
-566.59436 2.62661
-566.71880 2.69894
-566.85264 2.81029
-566.96233 2.95131
-566.85156 2.81234
-566.72484 2.71114
-566.60678 2.64535
-566.48854 2.60080
-566.36003 2.57113
-566.20250 2.55457
-566.04114 2.55625
-565.91154 2.57464
-565.81541 2.60696
-565.74496 2.65471
-565.69675 2.72453
-565.67728 2.83109
-565.70569 2.95131
-565.68030 2.82360
-565.70923 2.72336
-565.76709 2.65962
-565.84782 2.61765
-565.95521 2.59086
-566.10683 2.57754
-566.27993 2.58271
-566.42475 2.60320
-566.54805 2.63625
-566.67019 2.68842
-566.79108 2.76516
-566.91588 2.88284
-566.96233 2.95131
-566.85883 2.82580
-566.73682 2.73561
-566.62180 2.67828
-566.49418 2.63742
-566.35363 2.61231
-566.18022 2.60111
-566.01431 2.60771
-565.88487 2.63008
-565.79279 2.66617
-565.72887 2.71780
-565.68797 2.80020
-565.69194 2.91626
-565.70569 2.95131
-565.68623 2.83697
-565.72188 2.74790
-565.78582 2.69274
-565.87243 2.65721
-565.99685 2.63389
-566.17079 2.62487
-566.35376 2.63389
-566.50150 2.65721
-566.62364 2.69274
-566.74274 2.74790
-566.86746 2.83697
-566.96233 2.95131
-566.86612 2.83936
-566.74861 2.76024
-566.63630 2.71133
-566.50847 2.67704
-566.35251 2.65561
-566.15874 2.64881
-565.98695 2.65908
-565.86670 2.68201
-565.77725 2.71961
-565.71419 2.77894
-565.68707 2.86637
-565.70569 2.95131
-565.69220 2.85043
-565.73496 2.77264
-565.80547 2.72606
-565.90900 2.69478
-566.05669 2.67667
-566.25903 2.67328
-566.43939 2.68581
-566.57677 2.70963
-566.69655 2.74685
-566.81062 2.80413
-566.92375 2.89692
-566.96233 2.95131
-566.87342 2.85306
-566.76010 2.78511
-566.63746 2.74111
-566.49441 2.71304
-566.30319 2.69778
-566.08476 2.69891
-565.92388 2.71490
-565.82037 2.74111
-565.74174 2.78511
-565.69636 2.85306
-565.70569 2.95131
-565.69825 2.86401
-565.74178 2.80306
-565.81666 2.76309
-565.92731 2.73692
-566.10138 2.72190
-566.33723 2.72190
-566.52633 2.73692
-566.66315 2.76309
-566.77800 2.80306
-566.88248 2.86401
-566.96233 2.95131
-566.88070 2.86696
-566.77108 2.81036
-566.64847 2.77522
-566.50031 2.75400
-566.27829 2.74355
-566.02781 2.74922
-565.87869 2.76721
-565.78184 2.79657
-565.71604 2.84532
-565.69562 2.91974
-565.70569 2.95131
-565.70447 2.87778
-565.75485 2.82800
-565.83772 2.79675
-565.97495 2.77602
-566.20676 2.76687
-566.48445 2.77360
-566.64543 2.79122
-566.76247 2.81865
-566.86666 2.86331
-566.94896 2.93043
-566.96233 2.95131
-566.88790 2.88119
-566.78116 2.83620
-566.65681 2.81007
-566.48175 2.79482
-566.15787 2.79091
-565.92974 2.80217
-565.80490 2.82453
-565.72806 2.86170
-565.69777 2.92169
-565.70569 2.95131
-565.47067 2.55960
-565.21868 2.18472
-565.02659 1.91922
-564.86634 1.71254
-564.72263 1.54060
-564.59444 1.40013
-564.47641 1.28432
-564.36944 1.19426
-564.27100 1.12935
-564.18407 1.09473
-564.11410 1.09473
-564.06179 1.12935
-564.02826 1.19426
-564.01135 1.28432
-564.00913 1.40013
-564.02141 1.54060
-564.04965 1.71254
-564.09608 1.91922
-564.16948 2.18472
-564.29237 2.55960
-564.44906 2.95131
-564.29452 2.56145
-564.17899 2.20103
-564.10991 1.94031
-564.06849 1.73973
-564.04660 1.58127
-564.03998 1.45321
-564.04786 1.34472
-564.07078 1.26253
-564.11057 1.20578
-564.16898 1.17890
-564.24427 1.18531
-564.33181 1.22276
-564.43323 1.29021
-564.54267 1.38236
-564.65784 1.49510
-564.78816 1.63772
-564.93451 1.81328
-565.10474 2.03448
-565.30935 2.32108
-565.56961 2.71701
-565.70569 2.95131
-565.47740 2.57454
-565.23871 2.22623
-565.05309 1.97678
-564.89972 1.78660
-564.76315 1.63163
-564.64212 1.50803
-564.53103 1.40878
-564.42625 1.33139
-564.32995 1.27954
-564.24760 1.25742
-564.18002 1.26520
-564.12791 1.30281
-564.09299 1.36672
-564.07376 1.45320
-564.06877 1.56411
-564.07834 1.69934
-564.10426 1.86661
-564.15146 2.07882
-564.23253 2.36637
-564.37063 2.76750
-564.44906 2.95131
-564.30687 2.58853
-564.20309 2.25281
-564.14247 2.00648
-564.10951 1.82061
-564.09582 1.67663
-564.09744 1.55788
-564.11384 1.46402
-564.14616 1.39245
-564.19340 1.34774
-564.25775 1.32970
-564.33674 1.34076
-564.42957 1.38093
-564.53103 1.44689
-564.63905 1.53536
-564.75724 1.64868
-564.88538 1.78714
-565.02967 1.95902
-565.20526 2.18729
-565.42513 2.49874
-565.66956 2.88423
-565.70569 2.95131
-565.48418 2.58941
-565.25864 2.26680
-565.07898 2.03222
-564.93174 1.85680
-564.80124 1.71643
-564.68600 1.60671
-564.57563 1.51705
-564.47581 1.45250
-564.38332 1.41151
-564.30028 1.39712
-564.23163 1.41151
-564.18014 1.45250
-564.14486 1.51705
-564.12415 1.60671
-564.11863 1.71643
-564.12851 1.85680
-564.15668 2.03222
-564.21160 2.26680
-564.31251 2.60086
-564.44906 2.95131
-564.31462 2.60270
-564.22048 2.28238
-564.17096 2.05958
-564.14643 1.88774
-564.14065 1.75717
-564.15001 1.65133
-564.17372 1.56938
-564.21294 1.50848
-564.26856 1.47122
-564.33814 1.46031
-564.42075 1.47559
-564.51563 1.51728
-564.61760 1.58254
-564.72499 1.66877
-564.84194 1.77904
-564.97447 1.92096
-565.12425 2.09938
-565.30744 2.33953
-565.54539 2.68413
-565.70569 2.95131
-565.49871 2.61562
-565.27862 2.30659
-565.10454 2.08583
-564.96284 1.92370
-564.83761 1.79598
-564.72216 1.69372
-564.61637 1.61582
-564.51613 1.55935
-564.42310 1.52668
-564.34245 1.52018
-564.27505 1.53972
-564.22394 1.58324
-564.18846 1.64828
-564.16713 1.73712
-564.16095 1.85081
-564.17173 1.99750
-564.20304 2.18260
-564.26782 2.44313
-564.38753 2.80726
-564.44906 2.95131
-564.32229 2.61689
-564.23971 2.32080
-564.19805 2.11103
-564.18111 1.95186
-564.18265 1.82795
-564.19925 1.73408
-564.23134 1.65998
-564.27969 1.60771
-564.34185 1.58010
-564.42012 1.57686
-564.51101 1.59964
-564.60930 1.64647
-564.71329 1.71510
-564.82162 1.80348
-564.93898 1.91539
-565.07191 2.05927
-565.22916 2.24932
-565.42968 2.51851
-565.66177 2.87152
-565.70569 2.95131
-565.50579 2.63045
-565.29178 2.33663
-565.12358 2.13041
-564.98747 1.98161
-564.86737 1.86612
-564.75643 1.77498
-564.65440 1.70674
-564.55696 1.65841
-564.46562 1.63198
-564.38240 1.62983
-564.31523 1.65207
-564.26371 1.69623
-564.22599 1.76386
-564.20412 1.85165
-564.19726 1.96356
-564.20743 2.10837
-564.24043 2.30085
-564.31125 2.57528
-564.43021 2.91117
-564.44906 2.95131
-564.33029 2.63251
-564.25665 2.35187
-564.22314 2.15634
-564.21355 2.01013
-564.22170 1.89785
-564.24541 1.81037
-564.28334 1.74602
-564.33686 1.70180
-564.40629 1.67958
-564.48807 1.68113
-564.58115 1.70649
-564.68019 1.75385
-564.78374 1.82141
-564.89622 1.91233
-565.01801 2.02830
-565.15613 2.17866
-565.32705 2.38836
-565.54451 2.68916
-565.70569 2.95131
-565.51218 2.64411
-565.30342 2.36430
-565.14035 2.17145
-565.00910 2.03480
-564.88781 1.92569
-564.78102 1.84548
-564.67767 1.78427
-564.57890 1.74366
-564.48629 1.72539
-564.40537 1.73111
-564.34010 1.75924
-564.29030 1.80773
-564.25422 1.87883
-564.23405 1.96922
-564.22921 2.08987
-564.24375 2.24686
-564.28716 2.46679
-564.38089 2.78420
-564.44906 2.95131
-564.34066 2.65672
-564.27395 2.38724
-564.24726 2.20274
-564.24400 2.06685
-564.25793 1.96389
-564.28697 1.88466
-564.33211 1.82493
-564.39364 1.78611
-564.47162 1.76986
-564.56187 1.77770
-564.65865 1.80810
-564.76014 1.85918
-564.86509 1.92946
-564.97847 2.02269
-565.10715 2.14747
-565.25336 2.31038
-565.44225 2.54980
-565.65389 2.85949
-565.70569 2.95131
-565.51977 2.65927
-565.32438 2.40289
-565.16632 2.22140
-565.03356 2.08900
-564.91657 1.98979
-564.80816 1.91450
-564.70306 1.85892
-564.60240 1.82431
-564.51174 1.81231
-564.43202 1.82230
-564.36474 1.85480
-564.31388 1.90820
-564.27931 1.98122
-564.25993 2.07794
-564.25771 2.20747
-564.27886 2.38549
-564.33675 2.63746
-564.44255 2.93795
-564.44906 2.95131
-564.34792 2.67128
-564.28934 2.41580
-564.26978 2.24376
-564.27265 2.11875
-564.29322 2.02080
-564.32967 1.94739
-564.38019 1.89620
-564.44641 1.86425
-564.52828 1.85312
-564.62128 1.86425
-564.71945 1.89620
-564.82116 1.94739
-564.93103 2.02080
-565.04954 2.11875
-565.17743 2.24376
-565.32991 2.41580
-565.52680 2.67128
-565.70569 2.95131
-565.52675 2.67336
-565.33694 2.43039
-565.18388 2.26097
-565.05554 2.13906
-564.94231 2.04879
-564.83687 1.98097
-564.73379 1.93145
-564.63415 1.90136
-564.53964 1.89223
-564.45645 1.90545
-564.38933 1.93966
-564.33849 1.99349
-564.30381 2.06585
-564.28417 2.16115
-564.28160 2.28891
-564.30436 2.47448
-564.36948 2.74049
-564.44906 2.95131
-564.35471 2.68479
-564.30391 2.44227
-564.29112 2.28176
-564.30070 2.16139
-564.32731 2.07336
-564.36905 2.00829
-564.42723 1.96198
-564.50176 1.93547
-564.59230 1.93031
-564.68896 1.94665
-564.78944 1.98244
-564.89234 2.03641
-565.00278 2.11204
-565.12138 2.21185
-565.25592 2.34604
-565.42410 2.54167
-565.62189 2.81131
-565.70569 2.95131
-565.53314 2.68641
-565.34824 2.45585
-565.19959 2.29760
-565.07514 2.18535
-564.95929 2.09930
-564.85125 2.03656
-564.74543 1.99288
-564.64300 1.96921
-564.55019 1.96673
-564.46849 1.98526
-564.40298 2.02359
-564.35395 2.08064
-564.31988 2.16029
-564.30284 2.26535
-564.30566 2.40673
-564.33906 2.61327
-564.42033 2.88616
-564.44906 2.95131
-564.36143 2.69862
-564.31800 2.46894
-564.31166 2.31285
-564.32755 2.20335
-564.35932 2.12426
-564.40831 2.06380
-564.47457 2.02272
-564.55771 2.00189
-564.65235 2.00239
-564.75677 2.02427
-564.86451 2.06644
-564.97436 2.12808
-565.08562 2.20842
-565.21149 2.31942
-565.36183 2.47737
-565.54870 2.70950
-565.70569 2.95131
-565.53995 2.69980
-565.36025 2.48156
-565.21611 2.33397
-565.09558 2.23064
-564.98283 2.15200
-564.87707 2.09516
-564.77252 2.05596
-564.67038 2.03532
-564.57276 2.03481
-564.49067 2.05445
-564.42464 2.09258
-564.37497 2.14830
-564.33997 2.22565
-564.32178 2.32753
-564.32397 2.47329
-564.36071 2.68913
-564.44265 2.93808
-564.44906 2.95131
-564.36549 2.70217
-564.33152 2.49587
-564.33092 2.35043
-564.35126 2.24954
-564.38889 2.17361
-564.44151 2.11955
-564.51083 2.08325
-564.59641 2.06554
-564.69759 2.06809
-564.80296 2.09088
-564.91046 2.13254
-565.01899 2.19239
-565.13458 2.27492
-565.26523 2.39017
-565.42120 2.55594
-565.60525 2.79062
-565.70569 2.95131
-565.54726 2.71359
-565.37313 2.50758
-565.23373 2.37017
-565.11064 2.27020
-565.00146 2.19940
-564.89254 2.14621
-564.78455 2.11124
-564.67885 2.09523
-564.57801 2.09992
-564.49390 2.12527
-564.43058 2.16728
-564.38146 2.23005
-564.35036 2.31125
-564.33606 2.42379
-564.34603 2.58537
-564.40018 2.82595
-564.44906 2.95131
-564.37184 2.71554
-564.34383 2.51295
-564.34999 2.37924
-564.37549 2.28776
-564.41740 2.21943
-564.47710 2.16897
-564.55438 2.13683
-564.64843 2.12376
-564.75285 2.13077
-564.85999 2.15661
-564.96804 2.20027
-565.07608 2.26116
-565.19058 2.34411
-565.31984 2.45954
-565.47420 2.62598
-565.65349 2.86269
-565.70569 2.95131
-565.55408 2.72647
-565.38501 2.53183
-565.24993 2.40389
-565.13039 2.31162
-565.01767 2.24342
-564.91096 2.19597
-564.79840 2.16407
-564.68806 2.15174
-564.58774 2.15993
-564.50428 2.18751
-564.43866 2.23363
-564.39135 2.29794
-564.36085 2.38570
-564.34976 2.50816
-564.36956 2.69540
-564.43690 2.92524
-564.44906 2.95131
-564.37779 2.72803
-564.35621 2.54439
-564.36616 2.41799
-564.39679 2.32781
-564.44513 2.26202
-564.50845 2.21711
-564.59373 2.18805
-564.69647 2.17871
-564.80946 2.19014
-564.91831 2.21923
-565.02688 2.26528
-565.14137 2.33240
-565.26262 2.42414
-565.39947 2.55244
-565.57035 2.74916
-565.70569 2.95131
-565.56151 2.73984
-565.39803 2.55655
-565.26025 2.43161
-565.13798 2.34346
-565.02892 2.28317
-564.91864 2.23964
-564.80793 2.21325
-564.69304 2.20484
-564.59387 2.21636
-564.51167 2.24593
-564.44744 2.29296
-564.40149 2.35710
-564.37090 2.45004
-564.36244 2.58089
-564.38861 2.77183
-564.44906 2.95131
-564.38369 2.74118
-564.36782 2.56080
-564.38355 2.44517
-564.41856 2.36343
-564.47032 2.30415
-564.54067 2.26203
-564.62905 2.23731
-564.73426 2.23074
-564.84869 2.24346
-564.96388 2.27466
-565.07830 2.32397
-565.19137 2.39126
-565.31819 2.48893
-565.46105 2.62679
-565.62823 2.82854
-565.70569 2.95131
-565.56034 2.74261
-565.40271 2.57291
-565.26977 2.45877
-565.15139 2.37905
-565.03857 2.32212
-564.92403 2.28260
-564.80869 2.26064
-564.69482 2.25706
-564.59173 2.27316
-564.51180 2.30589
-564.45020 2.35524
-564.40474 2.42596
-564.37836 2.52193
-564.37578 2.66529
-564.41858 2.87609
-564.44906 2.95131
-564.38952 2.75430
-564.37946 2.58502
-564.40151 2.47242
-564.44405 2.39479
-564.50432 2.34027
-564.58428 2.30341
-564.68290 2.28426
-564.79847 2.28374
-564.91587 2.30184
-565.03238 2.33754
-565.14687 2.39075
-565.26666 2.46681
-565.40086 2.57744
-565.55968 2.74412
-565.69897 2.93840
-565.70569 2.95131
-565.56757 2.75577
-565.41528 2.59711
-565.28661 2.49172
-565.17165 2.41873
-565.06129 2.36679
-564.94801 2.33076
-564.82613 2.31018
-564.70557 2.30860
-564.60213 2.32595
-564.51783 2.36127
-564.45743 2.41067
-564.41309 2.48063
-564.38683 2.58221
-564.38889 2.73582
-564.43734 2.92576
-564.44906 2.95131
-564.39530 2.76740
-564.39107 2.60919
-564.41777 2.50535
-564.46381 2.43444
-564.52682 2.38488
-564.60924 2.35145
-564.71637 2.33378
-564.84118 2.33539
-564.96704 2.35635
-565.08371 2.39327
-565.19709 2.44679
-565.31502 2.52246
-565.44676 2.63232
-565.60151 2.79858
-565.70569 2.95131
-565.57485 2.76892
-565.42784 2.62126
-565.30339 2.52452
-565.18397 2.45417
-565.06869 2.40574
-564.94972 2.37382
-564.82137 2.35803
-564.70117 2.36113
-564.59883 2.38184
-564.51645 2.41971
-564.45515 2.47497
-564.41277 2.55360
-564.39273 2.66842
-564.41107 2.84313
-564.44906 2.95131
-564.39990 2.77055
-564.40395 2.62603
-564.43692 2.53284
-564.48767 2.47005
-564.55973 2.42412
-564.65264 2.39493
-564.77170 2.38215
-564.90104 2.38847
-565.02926 2.41300
-565.14610 2.45250
-565.25838 2.50795
-565.38291 2.59168
-565.52119 2.71436
-565.66870 2.88971
-565.70569 2.95131
-565.58217 2.78208
-565.44040 2.64538
-565.31166 2.55188
-565.19542 2.48973
-565.07423 2.44505
-564.94841 2.41749
-564.81238 2.40668
-564.68577 2.41529
-564.58571 2.44056
-564.50693 2.48256
-564.45023 2.54163
-564.41159 2.63111
-564.40175 2.76267
-564.44306 2.93866
-564.44906 2.95131
-564.40586 2.78377
-564.41596 2.65031
-564.45363 2.56569
-564.51268 2.50580
-564.58917 2.46599
-564.69316 2.44010
-564.82500 2.43133
-564.95839 2.44119
-565.08849 2.46825
-565.20496 2.50936
-565.32412 2.57086
-565.44668 2.65743
-565.59033 2.79359
-565.70569 2.95131
-565.58954 2.79524
-565.45295 2.66949
-565.32792 2.58462
-565.21444 2.52895
-565.09441 2.48910
-564.95985 2.46377
-564.82172 2.45587
-564.69288 2.46592
-564.59188 2.49135
-564.51289 2.53254
-564.45646 2.58977
-564.41812 2.67668
-564.40993 2.80507
-564.44906 2.95131
-564.41181 2.79702
-564.42803 2.67461
-564.47045 2.59849
-564.53359 2.54509
-564.62025 2.50792
-564.73718 2.48557
-564.87526 2.48076
-565.02109 2.49437
-565.15284 2.52417
-565.26852 2.56721
-565.38592 2.63051
-565.51469 2.72669
-565.65147 2.86891
-565.70569 2.95131
-565.59696 2.80841
-565.46550 2.69360
-565.34404 2.61730
-565.22400 2.56469
-565.09581 2.52893
-564.95108 2.50844
-564.80258 2.50573
-564.67359 2.52045
-564.57504 2.54971
-564.50025 2.59454
-564.44596 2.66112
-564.41632 2.76310
-564.43019 2.90326
-564.44906 2.95131
-564.41774 2.81029
-564.44022 2.69894
-564.49233 2.62661
-564.56766 2.57814
-564.66907 2.54660
-564.80331 2.53040
-564.95848 2.53206
-565.09993 2.55000
-565.22344 2.58115
-565.33772 2.62661
-565.46217 2.69894
-565.59600 2.81029
-565.70569 2.95131
-565.59492 2.81234
-565.46820 2.71114
-565.35014 2.64535
-565.23190 2.60080
-565.10339 2.57113
-564.94586 2.55457
-564.78450 2.55625
-564.65490 2.57464
-564.55877 2.60696
-564.48833 2.65471
-564.44011 2.72453
-564.42064 2.83109
-564.44906 2.95131
-564.42366 2.82360
-564.45259 2.72336
-564.51045 2.65962
-564.59118 2.61765
-564.69857 2.59086
-564.85019 2.57754
-565.02330 2.58271
-565.16811 2.60320
-565.29141 2.63625
-565.41355 2.68842
-565.53445 2.76516
-565.65924 2.88284
-565.70569 2.95131
-565.60219 2.82580
-565.48018 2.73561
-565.36516 2.67828
-565.23754 2.63742
-565.09700 2.61231
-564.92359 2.60111
-564.75767 2.60771
-564.62823 2.63008
-564.53615 2.66617
-564.47224 2.71780
-564.43134 2.80020
-564.43530 2.91626
-564.44906 2.95131
-564.42959 2.83697
-564.46524 2.74790
-564.52918 2.69274
-564.61580 2.65721
-564.74021 2.63389
-564.91416 2.62487
-565.09712 2.63389
-565.24486 2.65721
-565.36701 2.69274
-565.48611 2.74790
-565.61083 2.83697
-565.70569 2.95131
-565.60948 2.83936
-565.49197 2.76024
-565.37967 2.71133
-565.25183 2.67704
-565.09588 2.65561
-564.90211 2.64881
-564.73031 2.65908
-564.61006 2.68201
-564.52061 2.71961
-564.45756 2.77894
-564.43043 2.86637
-564.44906 2.95131
-564.43556 2.85043
-564.47832 2.77264
-564.54883 2.72606
-564.65236 2.69478
-564.80006 2.67667
-565.00240 2.67328
-565.18275 2.68581
-565.32013 2.70963
-565.43991 2.74685
-565.55398 2.80413
-565.66712 2.89692
-565.70569 2.95131
-565.61679 2.85306
-565.50346 2.78511
-565.38082 2.74111
-565.23777 2.71304
-565.04655 2.69778
-564.82813 2.69891
-564.66725 2.71490
-564.56373 2.74111
-564.48510 2.78511
-564.43972 2.85306
-564.44906 2.95131
-564.44161 2.86401
-564.48514 2.80306
-564.56002 2.76309
-564.67067 2.73692
-564.84475 2.72190
-565.08060 2.72190
-565.26970 2.73692
-565.40651 2.76309
-565.52136 2.80306
-565.62584 2.86401
-565.70569 2.95131
-565.62407 2.86696
-565.51444 2.81036
-565.39183 2.77522
-565.24367 2.75400
-565.02165 2.74355
-564.77117 2.74922
-564.62205 2.76721
-564.52521 2.79657
-564.45940 2.84532
-564.43898 2.91974
-564.44906 2.95131
-564.44783 2.87778
-564.49821 2.82800
-564.58108 2.79675
-564.71831 2.77602
-564.95012 2.76687
-565.22782 2.77360
-565.38879 2.79122
-565.50583 2.81865
-565.61003 2.86331
-565.69233 2.93043
-565.70569 2.95131
-565.63126 2.88119
-565.52452 2.83620
-565.40018 2.81007
-565.22511 2.79482
-564.90123 2.79091
-564.67310 2.80217
-564.54826 2.82453
-564.47143 2.86170
-564.44114 2.92169
-564.44906 2.95131
-564.21403 2.55960
-563.96204 2.18472
-563.76995 1.91922
-563.60970 1.71254
-563.46599 1.54060
-563.33781 1.40013
-563.21977 1.28432
-563.11281 1.19426
-563.01436 1.12935
-562.92743 1.09473
-562.85747 1.09473
-562.80515 1.12935
-562.77163 1.19426
-562.75471 1.28432
-562.75249 1.40013
-562.76478 1.54060
-562.79301 1.71254
-562.83944 1.91922
-562.91285 2.18472
-563.03574 2.55960
-563.19242 2.95131
-563.03789 2.56145
-562.92236 2.20103
-562.85328 1.94031
-562.81186 1.73973
-562.78997 1.58127
-562.78334 1.45321
-562.79122 1.34472
-562.81414 1.26253
-562.85394 1.20578
-562.91235 1.17890
-562.98763 1.18531
-563.07518 1.22276
-563.17659 1.29021
-563.28603 1.38236
-563.40121 1.49510
-563.53152 1.63772
-563.67788 1.81328
-563.84810 2.03448
-564.05272 2.32108
-564.31297 2.71701
-564.44906 2.95131
-564.22077 2.57454
-563.98208 2.22623
-563.79645 1.97678
-563.64308 1.78660
-563.50651 1.63163
-563.38548 1.50803
-563.27440 1.40878
-563.16962 1.33139
-563.07331 1.27954
-562.99096 1.25742
-562.92338 1.26520
-562.87128 1.30281
-562.83635 1.36672
-562.81712 1.45320
-562.81213 1.56411
-562.82170 1.69934
-562.84762 1.86661
-562.89483 2.07882
-562.97589 2.36637
-563.11400 2.76750
-563.19242 2.95131
-563.05023 2.58853
-562.94645 2.25281
-562.88583 2.00648
-562.85287 1.82061
-562.83918 1.67663
-562.84080 1.55788
-562.85720 1.46402
-562.88953 1.39245
-562.93677 1.34774
-563.00111 1.32970
-563.08010 1.34076
-563.17294 1.38093
-563.27439 1.44689
-563.38241 1.53536
-563.50060 1.64868
-563.62874 1.78714
-563.77303 1.95902
-563.94862 2.18729
-564.16850 2.49874
-564.41292 2.88423
-564.44906 2.95131
-564.22754 2.58941
-564.00200 2.26680
-563.82234 2.03222
-563.67510 1.85680
-563.54460 1.71643
-563.42937 1.60671
-563.31899 1.51705
-563.21917 1.45250
-563.12669 1.41151
-563.04365 1.39712
-562.97499 1.41151
-562.92350 1.45250
-562.88823 1.51705
-562.86751 1.60671
-562.86200 1.71643
-562.87187 1.85680
-562.90005 2.03222
-562.95496 2.26680
-563.05588 2.60086
-563.19242 2.95131
-563.05798 2.60270
-562.96385 2.28238
-562.91432 2.05958
-562.88979 1.88774
-562.88401 1.75717
-562.89338 1.65133
-562.91708 1.56938
-562.95630 1.50848
-563.01192 1.47122
-563.08150 1.46031
-563.16411 1.47559
-563.25899 1.51728
-563.36096 1.58254
-563.46836 1.66877
-563.58530 1.77904
-563.71784 1.92096
-563.86762 2.09938
-564.05081 2.33953
-564.28876 2.68413
-564.44906 2.95131
-564.24207 2.61562
-564.02198 2.30659
-563.84790 2.08583
-563.70620 1.92370
-563.58097 1.79598
-563.46552 1.69372
-563.35973 1.61582
-563.25949 1.55935
-563.16646 1.52668
-563.08581 1.52018
-563.01841 1.53972
-562.96730 1.58324
-562.93182 1.64828
-562.91049 1.73712
-562.90431 1.85081
-562.91510 1.99750
-562.94641 2.18260
-563.01118 2.44313
-563.13090 2.80726
-563.19242 2.95131
-563.06565 2.61689
-562.98307 2.32080
-562.94141 2.11103
-562.92447 1.95186
-562.92602 1.82795
-562.94261 1.73408
-562.97470 1.65998
-563.02306 1.60771
-563.08521 1.58010
-563.16348 1.57686
-563.25437 1.59964
-563.35267 1.64647
-563.45665 1.71510
-563.56499 1.80348
-563.68234 1.91539
-563.81527 2.05927
-563.97252 2.24932
-564.17304 2.51851
-564.40514 2.87152
-564.44906 2.95131
-564.24916 2.63045
-564.03514 2.33663
-563.86694 2.13041
-563.73084 1.98161
-563.61073 1.86612
-563.49979 1.77498
-563.39776 1.70674
-563.30032 1.65841
-563.20899 1.63198
-563.12576 1.62983
-563.05859 1.65207
-563.00707 1.69623
-562.96936 1.76386
-562.94749 1.85165
-562.94063 1.96356
-562.95080 2.10837
-562.98379 2.30085
-563.05461 2.57528
-563.17357 2.91117
-563.19242 2.95131
-563.07365 2.63251
-563.00001 2.35187
-562.96650 2.15634
-562.95691 2.01013
-562.96506 1.89785
-562.98877 1.81037
-563.02671 1.74602
-563.08022 1.70180
-563.14965 1.67958
-563.23143 1.68113
-563.32451 1.70649
-563.42355 1.75385
-563.52710 1.82141
-563.63959 1.91233
-563.76138 2.02830
-563.89950 2.17866
-564.07041 2.38836
-564.28788 2.68916
-564.44906 2.95131
-564.25555 2.64411
-564.04679 2.36430
-563.88372 2.17145
-563.75247 2.03480
-563.63117 1.92569
-563.52438 1.84548
-563.42103 1.78427
-563.32226 1.74366
-563.22966 1.72539
-563.14873 1.73111
-563.08347 1.75924
-563.03366 1.80773
-562.99759 1.87883
-562.97741 1.96922
-562.97258 2.08987
-562.98712 2.24686
-563.03053 2.46679
-563.12425 2.78420
-563.19242 2.95131
-563.08403 2.65672
-563.01732 2.38724
-562.99063 2.20274
-562.98736 2.06685
-563.00129 1.96389
-563.03033 1.88466
-563.07547 1.82493
-563.13701 1.78611
-563.21498 1.76986
-563.30523 1.77770
-563.40201 1.80810
-563.50350 1.85918
-563.60846 1.92946
-563.72184 2.02269
-563.85052 2.14747
-563.99672 2.31038
-564.18561 2.54980
-564.39726 2.85949
-564.44906 2.95131
-564.26313 2.65927
-564.06774 2.40289
-563.90968 2.22140
-563.77692 2.08900
-563.65994 1.98979
-563.55152 1.91450
-563.44642 1.85892
-563.34576 1.82431
-563.25510 1.81231
-563.17538 1.82230
-563.10810 1.85480
-563.05724 1.90820
-563.02267 1.98122
-563.00329 2.07794
-563.00107 2.20747
-563.02222 2.38549
-563.08012 2.63746
-563.18591 2.93795
-563.19242 2.95131
-563.09128 2.67128
-563.03270 2.41580
-563.01314 2.24376
-563.01601 2.11875
-563.03658 2.02080
-563.07304 1.94739
-563.12356 1.89620
-563.18978 1.86425
-563.27164 1.85312
-563.36464 1.86425
-563.46281 1.89620
-563.56452 1.94739
-563.67439 2.02080
-563.79291 2.11875
-563.92079 2.24376
-564.07327 2.41580
-564.27017 2.67128
-564.44906 2.95131
-564.27012 2.67336
-564.08030 2.43039
-563.92724 2.26097
-563.79890 2.13906
-563.68568 2.04879
-563.58023 1.98097
-563.47716 1.93145
-563.37751 1.90136
-563.28301 1.89223
-563.19982 1.90545
-563.13270 1.93966
-563.08185 1.99349
-563.04717 2.06585
-563.02753 2.16115
-563.02496 2.28891
-563.04772 2.47448
-563.11285 2.74049
-563.19242 2.95131
-563.09808 2.68479
-563.04727 2.44227
-563.03449 2.28176
-563.04406 2.16139
-563.07067 2.07336
-563.11241 2.00829
-563.17059 1.96198
-563.24512 1.93547
-563.33566 1.93031
-563.43232 1.94665
-563.53280 1.98244
-563.63570 2.03641
-563.74614 2.11204
-563.86474 2.21185
-563.99928 2.34604
-564.16746 2.54167
-564.36525 2.81131
-564.44906 2.95131
-564.27651 2.68641
-564.09161 2.45585
-563.94295 2.29760
-563.81850 2.18535
-563.70266 2.09930
-563.59462 2.03656
-563.48879 1.99288
-563.38637 1.96921
-563.29355 1.96673
-563.21185 1.98526
-563.14635 2.02359
-563.09732 2.08064
-563.06324 2.16029
-563.04620 2.26535
-563.04902 2.40673
-563.08242 2.61327
-563.16369 2.88616
-563.19242 2.95131
-563.10479 2.69862
-563.06136 2.46894
-563.05503 2.31285
-563.07092 2.20335
-563.10268 2.12426
-563.15167 2.06380
-563.21794 2.02272
-563.30108 2.00189
-563.39572 2.00239
-563.50013 2.02427
-563.60788 2.06644
-563.71772 2.12808
-563.82898 2.20842
-563.95485 2.31942
-564.10519 2.47737
-564.29206 2.70950
-564.44906 2.95131
-564.28331 2.69980
-564.10361 2.48156
-563.95947 2.33397
-563.83895 2.23064
-563.72619 2.15200
-563.62043 2.09516
-563.51588 2.05596
-563.41374 2.03532
-563.31612 2.03481
-563.23403 2.05445
-563.16800 2.09258
-563.11833 2.14830
-563.08333 2.22565
-563.06514 2.32753
-563.06733 2.47329
-563.10407 2.68913
-563.18601 2.93808
-563.19242 2.95131
-563.10885 2.70217
-563.07488 2.49587
-563.07429 2.35043
-563.09463 2.24954
-563.13225 2.17361
-563.18488 2.11955
-563.25420 2.08325
-563.33978 2.06554
-563.44095 2.06809
-563.54633 2.09088
-563.65383 2.13254
-563.76235 2.19239
-563.87795 2.27492
-564.00859 2.39017
-564.16457 2.55594
-564.34861 2.79062
-564.44906 2.95131
-564.29062 2.71359
-564.11649 2.50758
-563.97709 2.37017
-563.85400 2.27020
-563.74483 2.19940
-563.63590 2.14621
-563.52791 2.11124
-563.42222 2.09523
-563.32138 2.09992
-563.23727 2.12527
-563.17394 2.16728
-563.12482 2.23005
-563.09373 2.31125
-563.07942 2.42379
-563.08939 2.58537
-563.14354 2.82595
-563.19242 2.95131
-563.11521 2.71554
-563.08719 2.51295
-563.09335 2.37924
-563.11885 2.28776
-563.16076 2.21943
-563.22047 2.16897
-563.29774 2.13683
-563.39180 2.12376
-563.49621 2.13077
-563.60336 2.15661
-563.71140 2.20027
-563.81944 2.26116
-563.93394 2.34411
-564.06321 2.45954
-564.21756 2.62598
-564.39685 2.86269
-564.44906 2.95131
-564.29744 2.72647
-564.12837 2.53183
-563.99329 2.40389
-563.87375 2.31162
-563.76103 2.24342
-563.65432 2.19597
-563.54177 2.16407
-563.43142 2.15174
-563.33111 2.15993
-563.24764 2.18751
-563.18202 2.23363
-563.13471 2.29794
-563.10421 2.38570
-563.09312 2.50816
-563.11292 2.69540
-563.18026 2.92524
-563.19242 2.95131
-563.12115 2.72803
-563.09958 2.54439
-563.10952 2.41799
-563.14015 2.32781
-563.18849 2.26202
-563.25182 2.21711
-563.33709 2.18805
-563.43983 2.17871
-563.55282 2.19014
-563.66167 2.21923
-563.77024 2.26528
-563.88473 2.33240
-564.00598 2.42414
-564.14283 2.55244
-564.31371 2.74916
-564.44906 2.95131
-564.30487 2.73984
-564.14139 2.55655
-564.00361 2.43161
-563.88134 2.34346
-563.77228 2.28317
-563.66200 2.23964
-563.55129 2.21325
-563.43640 2.20484
-563.33723 2.21636
-563.25504 2.24593
-563.19080 2.29296
-563.14485 2.35710
-563.11426 2.45004
-563.10580 2.58089
-563.13197 2.77183
-563.19242 2.95131
-563.12705 2.74118
-563.11118 2.56080
-563.12691 2.44517
-563.16193 2.36343
-563.21368 2.30415
-563.28403 2.26203
-563.37242 2.23731
-563.47762 2.23074
-563.59205 2.24346
-563.70724 2.27466
-563.82166 2.32397
-563.93474 2.39126
-564.06155 2.48893
-564.20441 2.62679
-564.37159 2.82854
-564.44906 2.95131
-564.30370 2.74261
-564.14607 2.57291
-564.01313 2.45877
-563.89475 2.37905
-563.78193 2.32212
-563.66739 2.28260
-563.55205 2.26064
-563.43818 2.25706
-563.33509 2.27316
-563.25517 2.30589
-563.19357 2.35524
-563.14810 2.42596
-563.12172 2.52193
-563.11914 2.66529
-563.16194 2.87609
-563.19242 2.95131
-563.13288 2.75430
-563.12283 2.58502
-563.14488 2.47242
-563.18741 2.39479
-563.24768 2.34027
-563.32764 2.30341
-563.42626 2.28426
-563.54183 2.28374
-563.65923 2.30184
-563.77574 2.33754
-563.89023 2.39075
-564.01002 2.46681
-564.14422 2.57744
-564.30304 2.74412
-564.44233 2.93840
-564.44906 2.95131
-564.31094 2.75577
-564.15864 2.59711
-564.02998 2.49172
-563.91501 2.41873
-563.80465 2.36679
-563.69137 2.33076
-563.56950 2.31018
-563.44893 2.30860
-563.34549 2.32595
-563.26119 2.36127
-563.20079 2.41067
-563.15645 2.48063
-563.13019 2.58221
-563.13225 2.73582
-563.18070 2.92576
-563.19242 2.95131
-563.13867 2.76740
-563.13443 2.60919
-563.16114 2.50535
-563.20717 2.43444
-563.27018 2.38488
-563.35261 2.35145
-563.45974 2.33378
-563.58455 2.33539
-563.71041 2.35635
-563.82707 2.39327
-563.94046 2.44679
-564.05838 2.52246
-564.19012 2.63232
-564.34487 2.79858
-564.44906 2.95131
-564.31821 2.76892
-564.17120 2.62126
-564.04675 2.52452
-563.92733 2.45417
-563.81205 2.40574
-563.69309 2.37382
-563.56473 2.35803
-563.44453 2.36113
-563.34219 2.38184
-563.25982 2.41971
-563.19851 2.47497
-563.15613 2.55360
-563.13609 2.66842
-563.15443 2.84313
-563.19242 2.95131
-563.14326 2.77055
-563.14731 2.62603
-563.18028 2.53284
-563.23103 2.47005
-563.30309 2.42412
-563.39600 2.39493
-563.51506 2.38215
-563.64440 2.38847
-563.77262 2.41300
-563.88947 2.45250
-564.00175 2.50795
-564.12627 2.59168
-564.26455 2.71436
-564.41206 2.88971
-564.44906 2.95131
-564.32553 2.78208
-564.18376 2.64538
-564.05503 2.55188
-563.93878 2.48973
-563.81759 2.44505
-563.69178 2.41749
-563.55574 2.40668
-563.42913 2.41529
-563.32907 2.44056
-563.25029 2.48256
-563.19359 2.54163
-563.15496 2.63111
-563.14512 2.76267
-563.18642 2.93866
-563.19242 2.95131
-563.14923 2.78377
-563.15932 2.65031
-563.19700 2.56569
-563.25605 2.50580
-563.33253 2.46599
-563.43653 2.44010
-563.56836 2.43133
-563.70175 2.44119
-563.83186 2.46825
-563.94833 2.50936
-564.06748 2.57086
-564.19004 2.65743
-564.33370 2.79359
-564.44906 2.95131
-564.33290 2.79524
-564.19631 2.66949
-564.07129 2.58462
-563.95781 2.52895
-563.83777 2.48910
-563.70321 2.46377
-563.56508 2.45587
-563.43624 2.46592
-563.33524 2.49135
-563.25625 2.53254
-563.19982 2.58977
-563.16148 2.67668
-563.15329 2.80507
-563.19242 2.95131
-563.15517 2.79702
-563.17140 2.67461
-563.21381 2.59849
-563.27695 2.54509
-563.36361 2.50792
-563.48055 2.48557
-563.61862 2.48076
-563.76446 2.49437
-563.89620 2.52417
-564.01189 2.56721
-564.12928 2.63051
-564.25805 2.72669
-564.39483 2.86891
-564.44906 2.95131
-564.34032 2.80841
-564.20886 2.69360
-564.08741 2.61730
-563.96737 2.56469
-563.83917 2.52893
-563.69444 2.50844
-563.54594 2.50573
-563.41695 2.52045
-563.31841 2.54971
-563.24362 2.59454
-563.18932 2.66112
-563.15968 2.76310
-563.17356 2.90326
-563.19242 2.95131
-563.16110 2.81029
-563.18359 2.69894
-563.23569 2.62661
-563.31102 2.57814
-563.41243 2.54660
-563.54667 2.53040
-563.70184 2.53206
-563.84330 2.55000
-563.96680 2.58115
-564.08108 2.62661
-564.20553 2.69894
-564.33936 2.81029
-564.44906 2.95131
-564.33828 2.81234
-564.21157 2.71114
-564.09351 2.64535
-563.97526 2.60080
-563.84676 2.57113
-563.68923 2.55457
-563.52787 2.55625
-563.39826 2.57464
-563.30213 2.60696
-563.23169 2.65471
-563.18348 2.72453
-563.16401 2.83109
-563.19242 2.95131
-563.16702 2.82360
-563.19596 2.72336
-563.25381 2.65962
-563.33455 2.61765
-563.44193 2.59086
-563.59355 2.57754
-563.76666 2.58271
-563.91148 2.60320
-564.03478 2.63625
-564.15691 2.68842
-564.27781 2.76516
-564.40260 2.88284
-564.44906 2.95131
-564.34555 2.82580
-564.22354 2.73561
-564.10852 2.67828
-563.98090 2.63742
-563.84036 2.61231
-563.66695 2.60111
-563.50104 2.60771
-563.37160 2.63008
-563.27951 2.66617
-563.21560 2.71780
-563.17470 2.80020
-563.17866 2.91626
-563.19242 2.95131
-563.17295 2.83697
-563.20860 2.74790
-563.27254 2.69274
-563.35916 2.65721
-563.48357 2.63389
-563.65752 2.62487
-563.84048 2.63389
-563.98823 2.65721
-564.11037 2.69274
-564.22947 2.74790
-564.35419 2.83697
-564.44906 2.95131
-564.35285 2.83936
-564.23533 2.76024
-564.12303 2.71133
-563.99519 2.67704
-563.83924 2.65561
-563.64547 2.64881
-563.47368 2.65908
-563.35343 2.68201
-563.26397 2.71961
-563.20092 2.77894
-563.17379 2.86637
-563.19242 2.95131
-563.17892 2.85043
-563.22168 2.77264
-563.29220 2.72606
-563.39572 2.69478
-563.54342 2.67667
-563.74576 2.67328
-563.92612 2.68581
-564.06350 2.70963
-564.18328 2.74685
-564.29734 2.80413
-564.41048 2.89692
-564.44906 2.95131
-564.36015 2.85306
-564.24682 2.78511
-564.12418 2.74111
-563.98114 2.71304
-563.78991 2.69778
-563.57149 2.69891
-563.41061 2.71490
-563.30709 2.74111
-563.22846 2.78511
-563.18308 2.85306
-563.19242 2.95131
-563.18497 2.86401
-563.22850 2.80306
-563.30338 2.76309
-563.41403 2.73692
-563.58811 2.72190
-563.82396 2.72190
-564.01306 2.73692
-564.14987 2.76309
-564.26472 2.80306
-564.36920 2.86401
-564.44906 2.95131
-564.36743 2.86696
-564.25780 2.81036
-564.13519 2.77522
-563.98704 2.75400
-563.76501 2.74355
-563.51453 2.74922
-563.36541 2.76721
-563.26857 2.79657
-563.20277 2.84532
-563.18235 2.91974
-563.19242 2.95131
-563.19119 2.87778
-563.24157 2.82800
-563.32445 2.79675
-563.46167 2.77602
-563.69348 2.76687
-563.97118 2.77360
-564.13215 2.79122
-564.24920 2.81865
-564.35339 2.86331
-564.43569 2.93043
-564.44906 2.95131
-564.37463 2.88119
-564.26789 2.83620
-564.14354 2.81007
-563.96847 2.79482
-563.64459 2.79091
-563.41646 2.80217
-563.29162 2.82453
-563.21479 2.86170
-563.18450 2.92169
-563.19242 2.95131
-562.95739 2.55960
-562.70540 2.18472
-562.51331 1.91922
-562.35306 1.71254
-562.20936 1.54060
-562.08117 1.40013
-561.96314 1.28432
-561.85617 1.19426
-561.75772 1.12935
-561.67080 1.09473
-561.60083 1.09473
-561.54852 1.12935
-561.51499 1.19426
-561.49808 1.28432
-561.49585 1.40013
-561.50814 1.54060
-561.53637 1.71254
-561.58280 1.91922
-561.65621 2.18472
-561.77910 2.55960
-561.93578 2.95131
-561.78125 2.56145
-561.66572 2.20103
-561.59664 1.94031
-561.55522 1.73973
-561.53333 1.58127
-561.52670 1.45321
-561.53459 1.34472
-561.55751 1.26253
-561.59730 1.20578
-561.65571 1.17890
-561.73100 1.18531
-561.81854 1.22276
-561.91996 1.29021
-562.02939 1.38236
-562.14457 1.49510
-562.27488 1.63772
-562.42124 1.81328
-562.59147 2.03448
-562.79608 2.32108
-563.05634 2.71701
-563.19242 2.95131
-562.96413 2.57454
-562.72544 2.22623
-562.53981 1.97678
-562.38644 1.78660
-562.24987 1.63163
-562.12884 1.50803
-562.01776 1.40878
-561.91298 1.33139
-561.81668 1.27954
-561.73432 1.25742
-561.66674 1.26520
-561.61464 1.30281
-561.57971 1.36672
-561.56048 1.45320
-561.55550 1.56411
-561.56507 1.69934
-561.59099 1.86661
-561.63819 2.07882
-561.71926 2.36637
-561.85736 2.76750
-561.93578 2.95131
-561.79359 2.58853
-561.68981 2.25281
-561.62919 2.00648
-561.59624 1.82061
-561.58254 1.67663
-561.58416 1.55788
-561.60056 1.46402
-561.63289 1.39245
-561.68013 1.34774
-561.74447 1.32970
-561.82346 1.34076
-561.91630 1.38093
-562.01775 1.44689
-562.12577 1.53536
-562.24396 1.64868
-562.37210 1.78714
-562.51640 1.95902
-562.69199 2.18729
-562.91186 2.49874
-563.15629 2.88423
-563.19242 2.95131
-562.97090 2.58941
-562.74537 2.26680
-562.56570 2.03222
-562.41846 1.85680
-562.28796 1.71643
-562.17273 1.60671
-562.06235 1.51705
-561.96254 1.45250
-561.87005 1.41151
-561.78701 1.39712
-561.71836 1.41151
-561.66686 1.45250
-561.63159 1.51705
-561.61087 1.60671
-561.60536 1.71643
-561.61524 1.85680
-561.64341 2.03222
-561.69833 2.26680
-561.79924 2.60086
-561.93578 2.95131
-561.80134 2.60270
-561.70721 2.28238
-561.65769 2.05958
-561.63315 1.88774
-561.62738 1.75717
-561.63674 1.65133
-561.66045 1.56938
-561.69966 1.50848
-561.75528 1.47122
-561.82487 1.46031
-561.90747 1.47559
-562.00236 1.51728
-562.10433 1.58254
-562.21172 1.66877
-562.32866 1.77904
-562.46120 1.92096
-562.61098 2.09938
-562.79417 2.33953
-563.03212 2.68413
-563.19242 2.95131
-562.98544 2.61562
-562.76535 2.30659
-562.59126 2.08583
-562.44956 1.92370
-562.32433 1.79598
-562.20889 1.69372
-562.10310 1.61582
-562.00286 1.55935
-561.90983 1.52668
-561.82917 1.52018
-561.76177 1.53972
-561.71067 1.58324
-561.67519 1.64828
-561.65386 1.73712
-561.64767 1.85081
-561.65846 1.99750
-561.68977 2.18260
-561.75454 2.44313
-561.87426 2.80726
-561.93578 2.95131
-561.80901 2.61689
-561.72643 2.32080
-561.68478 2.11103
-561.66783 1.95186
-561.66938 1.82795
-561.68597 1.73408
-561.71806 1.65998
-561.76642 1.60771
-561.82858 1.58010
-561.90685 1.57686
-561.99774 1.59964
-562.09603 1.64647
-562.20002 1.71510
-562.30835 1.80348
-562.42570 1.91539
-562.55863 2.05927
-562.71588 2.24932
-562.91640 2.51851
-563.14850 2.87152
-563.19242 2.95131
-562.99252 2.63045
-562.77850 2.33663
-562.61031 2.13041
-562.47420 1.98161
-562.35409 1.86612
-562.24316 1.77498
-562.14112 1.70674
-562.04369 1.65841
-561.95235 1.63198
-561.86913 1.62983
-561.80195 1.65207
-561.75044 1.69623
-561.71272 1.76386
-561.69085 1.85165
-561.68399 1.96356
-561.69416 2.10837
-561.72716 2.30085
-561.79797 2.57528
-561.91693 2.91117
-561.93578 2.95131
-561.81702 2.63251
-561.74338 2.35187
-561.70987 2.15634
-561.70028 2.01013
-561.70842 1.89785
-561.73214 1.81037
-561.77007 1.74602
-561.82358 1.70180
-561.89301 1.67958
-561.97479 1.68113
-562.06787 1.70649
-562.16692 1.75385
-562.27046 1.82141
-562.38295 1.91233
-562.50474 2.02830
-562.64286 2.17866
-562.81377 2.38836
-563.03124 2.68916
-563.19242 2.95131
-562.99891 2.64411
-562.79015 2.36430
-562.62708 2.17145
-562.49583 2.03480
-562.37453 1.92569
-562.26774 1.84548
-562.16439 1.78427
-562.06563 1.74366
-561.97302 1.72539
-561.89209 1.73111
-561.82683 1.75924
-561.77703 1.80773
-561.74095 1.87883
-561.72077 1.96922
-561.71594 2.08987
-561.73048 2.24686
-561.77389 2.46679
-561.86761 2.78420
-561.93578 2.95131
-561.82739 2.65672
-561.76068 2.38724
-561.73399 2.20274
-561.73073 2.06685
-561.74465 1.96389
-561.77370 1.88466
-561.81883 1.82493
-561.88037 1.78611
-561.95834 1.76986
-562.04860 1.77770
-562.14537 1.80810
-562.24686 1.85918
-562.35182 1.92946
-562.46520 2.02269
-562.59388 2.14747
-562.74008 2.31038
-562.92898 2.54980
-563.14062 2.85949
-563.19242 2.95131
-563.00649 2.65927
-562.81110 2.40289
-562.65304 2.22140
-562.52029 2.08900
-562.40330 1.98979
-562.29488 1.91450
-562.18978 1.85892
-562.08912 1.82431
-561.99846 1.81231
-561.91874 1.82230
-561.85147 1.85480
-561.80061 1.90820
-561.76603 1.98122
-561.74665 2.07794
-561.74443 2.20747
-561.76558 2.38549
-561.82348 2.63746
-561.92928 2.93795
-561.93578 2.95131
-561.83464 2.67128
-561.77607 2.41580
-561.75650 2.24376
-561.75937 2.11875
-561.77994 2.02080
-561.81640 1.94739
-561.86692 1.89620
-561.93314 1.86425
-562.01501 1.85312
-562.10800 1.86425
-562.20617 1.89620
-562.30788 1.94739
-562.41775 2.02080
-562.53627 2.11875
-562.66416 2.24376
-562.81663 2.41580
-563.01353 2.67128
-563.19242 2.95131
-563.01348 2.67336
-562.82367 2.43039
-562.67060 2.26097
-562.54227 2.13906
-562.42904 2.04879
-562.32360 1.98097
-562.22052 1.93145
-562.12087 1.90136
-562.02637 1.89223
-561.94318 1.90545
-561.87606 1.93966
-561.82521 1.99349
-561.79054 2.06585
-561.77089 2.16115
-561.76833 2.28891
-561.79109 2.47448
-561.85621 2.74049
-561.93578 2.95131
-561.84144 2.68479
-561.79063 2.44227
-561.77785 2.28176
-561.78743 2.16139
-561.81404 2.07336
-561.85577 2.00829
-561.91395 1.96198
-561.98848 1.93547
-562.07902 1.93031
-562.17568 1.94665
-562.27617 1.98244
-562.37907 2.03641
-562.48951 2.11204
-562.60810 2.21185
-562.74264 2.34604
-562.91083 2.54167
-563.10861 2.81131
-563.19242 2.95131
-563.01987 2.68641
-562.83497 2.45585
-562.68632 2.29760
-562.56187 2.18535
-562.44602 2.09930
-562.33798 2.03656
-562.23215 1.99288
-562.12973 1.96921
-562.03691 1.96673
-561.95521 1.98526
-561.88971 2.02359
-561.84068 2.08064
-561.80660 2.16029
-561.78957 2.26535
-561.79238 2.40673
-561.82578 2.61327
-561.90706 2.88616
-561.93578 2.95131
-561.84815 2.69862
-561.80472 2.46894
-561.79839 2.31285
-561.81428 2.20335
-561.84605 2.12426
-561.89503 2.06380
-561.96130 2.02272
-562.04444 2.00189
-562.13908 2.00239
-562.24350 2.02427
-562.35124 2.06644
-562.46108 2.12808
-562.57235 2.20842
-562.69821 2.31942
-562.84856 2.47737
-563.03543 2.70950
-563.19242 2.95131
-563.02668 2.69980
-562.84697 2.48156
-562.70284 2.33397
-562.58231 2.23064
-562.46956 2.15200
-562.36379 2.09516
-562.25925 2.05596
-562.15711 2.03532
-562.05949 2.03481
-561.97740 2.05445
-561.91136 2.09258
-561.86169 2.14830
-561.82670 2.22565
-561.80850 2.32753
-561.81069 2.47329
-561.84744 2.68913
-561.92937 2.93808
-561.93578 2.95131
-561.85222 2.70217
-561.81824 2.49587
-561.81765 2.35043
-561.83799 2.24954
-561.87562 2.17361
-561.92824 2.11955
-561.99756 2.08325
-562.08314 2.06554
-562.18432 2.06809
-562.28969 2.09088
-562.39719 2.13254
-562.50572 2.19239
-562.62131 2.27492
-562.75195 2.39017
-562.90793 2.55594
-563.09198 2.79062
-563.19242 2.95131
-563.03398 2.71359
-562.85985 2.50758
-562.72045 2.37017
-562.59736 2.27020
-562.48819 2.19940
-562.37927 2.14621
-562.27128 2.11124
-562.16558 2.09523
-562.06474 2.09992
-561.98063 2.12527
-561.91730 2.16728
-561.86819 2.23005
-561.83709 2.31125
-561.82278 2.42379
-561.83275 2.58537
-561.88690 2.82595
-561.93578 2.95131
-561.85857 2.71554
-561.83056 2.51295
-561.83671 2.37924
-561.86222 2.28776
-561.90412 2.21943
-561.96383 2.16897
-562.04110 2.13683
-562.13516 2.12376
-562.23958 2.13077
-562.34672 2.15661
-562.45476 2.20027
-562.56280 2.26116
-562.67731 2.34411
-562.80657 2.45954
-562.96093 2.62598
-563.14021 2.86269
-563.19242 2.95131
-563.04081 2.72647
-562.87173 2.53183
-562.73666 2.40389
-562.61712 2.31162
-562.50439 2.24342
-562.39768 2.19597
-562.28513 2.16407
-562.17479 2.15174
-562.07447 2.15993
-561.99100 2.18751
-561.92538 2.23363
-561.87808 2.29794
-561.84757 2.38570
-561.83649 2.50816
-561.85628 2.69540
-561.92362 2.92524
-561.93578 2.95131
-561.86451 2.72803
-561.84294 2.54439
-561.85289 2.41799
-561.88352 2.32781
-561.93185 2.26202
-561.99518 2.21711
-562.08045 2.18805
-562.18319 2.17871
-562.29619 2.19014
-562.40503 2.21923
-562.51360 2.26528
-562.62810 2.33240
-562.74934 2.42414
-562.88620 2.55244
-563.05707 2.74916
-563.19242 2.95131
-563.04823 2.73984
-562.88476 2.55655
-562.74697 2.43161
-562.62471 2.34346
-562.51564 2.28317
-562.40537 2.23964
-562.29466 2.21325
-562.17977 2.20484
-562.08060 2.21636
-561.99840 2.24593
-561.93417 2.29296
-561.88822 2.35710
-561.85763 2.45004
-561.84917 2.58089
-561.87534 2.77183
-561.93578 2.95131
-561.87041 2.74118
-561.85454 2.56080
-561.87027 2.44517
-561.90529 2.36343
-561.95704 2.30415
-562.02740 2.26203
-562.11578 2.23731
-562.22099 2.23074
-562.33541 2.24346
-562.45061 2.27466
-562.56503 2.32397
-562.67810 2.39126
-562.80491 2.48893
-562.94777 2.62679
-563.11495 2.82854
-563.19242 2.95131
-563.04706 2.74261
-562.88944 2.57291
-562.75650 2.45877
-562.63812 2.37905
-562.52529 2.32212
-562.41075 2.28260
-562.29542 2.26064
-562.18154 2.25706
-562.07846 2.27316
-561.99853 2.30589
-561.93693 2.35524
-561.89146 2.42596
-561.86509 2.52193
-561.86250 2.66529
-561.90530 2.87609
-561.93578 2.95131
-561.87625 2.75430
-561.86619 2.58502
-561.88824 2.47242
-561.93077 2.39479
-561.99104 2.34027
-562.07100 2.30341
-562.16962 2.28426
-562.28520 2.28374
-562.40259 2.30184
-562.51911 2.33754
-562.63359 2.39075
-562.75339 2.46681
-562.88759 2.57744
-563.04641 2.74412
-563.18569 2.93840
-563.19242 2.95131
-563.05430 2.75577
-562.90200 2.59711
-562.77334 2.49172
-562.65837 2.41873
-562.54802 2.36679
-562.43473 2.33076
-562.31286 2.31018
-562.19229 2.30860
-562.08886 2.32595
-562.00455 2.36127
-561.94415 2.41067
-561.89982 2.48063
-561.87356 2.58221
-561.87562 2.73582
-561.92406 2.92576
-561.93578 2.95131
-561.88203 2.76740
-561.87780 2.60919
-561.90450 2.50535
-561.95053 2.43444
-562.01354 2.38488
-562.09597 2.35145
-562.20310 2.33378
-562.32791 2.33539
-562.45377 2.35635
-562.57043 2.39327
-562.68382 2.44679
-562.80174 2.52246
-562.93348 2.63232
-563.08823 2.79858
-563.19242 2.95131
-563.06158 2.76892
-562.91457 2.62126
-562.79011 2.52452
-562.67069 2.45417
-562.55541 2.40574
-562.43645 2.37382
-562.30809 2.35803
-562.18789 2.36113
-562.08556 2.38184
-562.00318 2.41971
-561.94187 2.47497
-561.89949 2.55360
-561.87946 2.66842
-561.89779 2.84313
-561.93578 2.95131
-561.88662 2.77055
-561.89067 2.62603
-561.92364 2.53284
-561.97440 2.47005
-562.04645 2.42412
-562.13936 2.39493
-562.25842 2.38215
-562.38777 2.38847
-562.51599 2.41300
-562.63283 2.45250
-562.74511 2.50795
-562.86963 2.59168
-563.00792 2.71436
-563.15542 2.88971
-563.19242 2.95131
-563.06890 2.78208
-562.92712 2.64538
-562.79839 2.55188
-562.68215 2.48973
-562.56095 2.44505
-562.43514 2.41749
-562.29910 2.40668
-562.17250 2.41529
-562.07243 2.44056
-561.99366 2.48256
-561.93696 2.54163
-561.89832 2.63111
-561.88848 2.76267
-561.92978 2.93866
-561.93578 2.95131
-561.89259 2.78377
-561.90268 2.65031
-561.94036 2.56569
-561.99941 2.50580
-562.07589 2.46599
-562.17989 2.44010
-562.31173 2.43133
-562.44512 2.44119
-562.57522 2.46825
-562.69169 2.50936
-562.81085 2.57086
-562.93340 2.65743
-563.07706 2.79359
-563.19242 2.95131
-563.07626 2.79524
-562.93968 2.66949
-562.81465 2.58462
-562.70117 2.52895
-562.58113 2.48910
-562.44658 2.46377
-562.30845 2.45587
-562.17960 2.46592
-562.07861 2.49135
-561.99961 2.53254
-561.94319 2.58977
-561.90484 2.67668
-561.89665 2.80507
-561.93578 2.95131
-561.89854 2.79702
-561.91476 2.67461
-561.95718 2.59849
-562.02031 2.54509
-562.10698 2.50792
-562.22391 2.48557
-562.36198 2.48076
-562.50782 2.49437
-562.63956 2.52417
-562.75525 2.56721
-562.87264 2.63051
-563.00141 2.72669
-563.13819 2.86891
-563.19242 2.95131
-563.08368 2.80841
-562.95222 2.69360
-562.83077 2.61730
-562.71073 2.56469
-562.58254 2.52893
-562.43780 2.50844
-562.28930 2.50573
-562.16032 2.52045
-562.06177 2.54971
-561.98698 2.59454
-561.93269 2.66112
-561.90304 2.76310
-561.91692 2.90326
-561.93578 2.95131
-561.90446 2.81029
-561.92695 2.69894
-561.97906 2.62661
-562.05438 2.57814
-562.15579 2.54660
-562.29004 2.53040
-562.44521 2.53206
-562.58666 2.55000
-562.71016 2.58115
-562.82445 2.62661
-562.94889 2.69894
-563.08272 2.81029
-563.19242 2.95131
-563.08164 2.81234
-562.95493 2.71114
-562.83687 2.64535
-562.71863 2.60080
-562.59012 2.57113
-562.43259 2.55457
-562.27123 2.55625
-562.14163 2.57464
-562.04549 2.60696
-561.97505 2.65471
-561.92684 2.72453
-561.90737 2.83109
-561.93578 2.95131
-561.91039 2.82360
-561.93932 2.72336
-561.99718 2.65962
-562.07791 2.61765
-562.18530 2.59086
-562.33691 2.57754
-562.51002 2.58271
-562.65484 2.60320
-562.77814 2.63625
-562.90028 2.68842
-563.02117 2.76516
-563.14596 2.88284
-563.19242 2.95131
-563.08892 2.82580
-562.96691 2.73561
-562.85188 2.67828
-562.72426 2.63742
-562.58372 2.61231
-562.41031 2.60111
-562.24440 2.60771
-562.11496 2.63008
-562.02287 2.66617
-561.95896 2.71780
-561.91806 2.80020
-561.92203 2.91626
-561.93578 2.95131
-561.91632 2.83697
-561.95197 2.74790
-562.01591 2.69274
-562.10252 2.65721
-562.22694 2.63389
-562.40088 2.62487
-562.58385 2.63389
-562.73159 2.65721
-562.85373 2.69274
-562.97283 2.74790
-563.09755 2.83697
-563.19242 2.95131
-563.09621 2.83936
-562.97870 2.76024
-562.86639 2.71133
-562.73855 2.67704
-562.58260 2.65561
-562.38883 2.64881
-562.21704 2.65908
-562.09679 2.68201
-562.00734 2.71961
-561.94428 2.77894
-561.91716 2.86637
-561.93578 2.95131
-561.92229 2.85043
-561.96505 2.77264
-562.03556 2.72606
-562.13909 2.69478
-562.28678 2.67667
-562.48912 2.67328
-562.66948 2.68581
-562.80686 2.70963
-562.92664 2.74685
-563.04071 2.80413
-563.15384 2.89692
-563.19242 2.95131
-563.10351 2.85306
-562.99019 2.78511
-562.86755 2.74111
-562.72450 2.71304
-562.53328 2.69778
-562.31485 2.69891
-562.15397 2.71490
-562.05045 2.74111
-561.97182 2.78511
-561.92644 2.85306
-561.93578 2.95131
-561.92834 2.86401
-561.97187 2.80306
-562.04675 2.76309
-562.15739 2.73692
-562.33147 2.72190
-562.56732 2.72190
-562.75642 2.73692
-562.89324 2.76309
-563.00809 2.80306
-563.11257 2.86401
-563.19242 2.95131
-563.11079 2.86696
-563.00117 2.81036
-562.87855 2.77522
-562.73040 2.75400
-562.50838 2.74355
-562.25790 2.74922
-562.10877 2.76721
-562.01193 2.79657
-561.94613 2.84532
-561.92571 2.91974
-561.93578 2.95131
-561.93456 2.87778
-561.98494 2.82800
-562.06781 2.79675
-562.20504 2.77602
-562.43685 2.76687
-562.71454 2.77360
-562.87552 2.79122
-562.99256 2.81865
-563.09675 2.86331
-563.17905 2.93043
-563.19242 2.95131
-563.11799 2.88119
-563.01125 2.83620
-562.88690 2.81007
-562.71183 2.79482
-562.38796 2.79091
-562.15982 2.80217
-562.03498 2.82453
-561.95815 2.86170
-561.92786 2.92169
-561.93578 2.95131
-561.70075 2.55960
-561.44877 2.18472
-561.25668 1.91922
-561.09643 1.71254
-560.95272 1.54060
-560.82453 1.40013
-560.70650 1.28432
-560.59953 1.19426
-560.50109 1.12935
-560.41416 1.09473
-560.34419 1.09473
-560.29188 1.12935
-560.25835 1.19426
-560.24144 1.28432
-560.23922 1.40013
-560.25150 1.54060
-560.27974 1.71254
-560.32616 1.91922
-560.39957 2.18472
-560.52246 2.55960
-560.67915 2.95131
-560.52461 2.56145
-560.40908 2.20103
-560.34000 1.94031
-560.29858 1.73973
-560.27669 1.58127
-560.27007 1.45321
-560.27795 1.34472
-560.30087 1.26253
-560.34066 1.20578
-560.39907 1.17890
-560.47436 1.18531
-560.56190 1.22276
-560.66332 1.29021
-560.77276 1.38236
-560.88793 1.49510
-561.01825 1.63772
-561.16460 1.81328
-561.33483 2.03448
-561.53944 2.32108
-561.79970 2.71701
-561.93578 2.95131
-561.70749 2.57454
-561.46880 2.22623
-561.28317 1.97678
-561.12981 1.78660
-560.99323 1.63163
-560.87221 1.50803
-560.76112 1.40878
-560.65634 1.33139
-560.56004 1.27954
-560.47769 1.25742
-560.41010 1.26520
-560.35800 1.30281
-560.32307 1.36672
-560.30385 1.45320
-560.29886 1.56411
-560.30843 1.69934
-560.33435 1.86661
-560.38155 2.07882
-560.46262 2.36637
-560.60072 2.76750
-560.67915 2.95131
-560.53696 2.58853
-560.43318 2.25281
-560.37255 2.00648
-560.33960 1.82061
-560.32591 1.67663
-560.32752 1.55788
-560.34393 1.46402
-560.37625 1.39245
-560.42349 1.34774
-560.48783 1.32970
-560.56682 1.34076
-560.65966 1.38093
-560.76112 1.44689
-560.86914 1.53536
-560.98733 1.64868
-561.11547 1.78714
-561.25976 1.95902
-561.43535 2.18729
-561.65522 2.49874
-561.89965 2.88423
-561.93578 2.95131
-561.71427 2.58941
-561.48873 2.26680
-561.30907 2.03222
-561.16183 1.85680
-561.03133 1.71643
-560.91609 1.60671
-560.80572 1.51705
-560.70590 1.45250
-560.61341 1.41151
-560.53037 1.39712
-560.46172 1.41151
-560.41022 1.45250
-560.37495 1.51705
-560.35424 1.60671
-560.34872 1.71643
-560.35860 1.85680
-560.38677 2.03222
-560.44169 2.26680
-560.54260 2.60086
-560.67915 2.95131
-560.54471 2.60270
-560.45057 2.28238
-560.40105 2.05958
-560.37651 1.88774
-560.37074 1.75717
-560.38010 1.65133
-560.40381 1.56938
-560.44303 1.50848
-560.49865 1.47122
-560.56823 1.46031
-560.65083 1.47559
-560.74572 1.51728
-560.84769 1.58254
-560.95508 1.66877
-561.07202 1.77904
-561.20456 1.92096
-561.35434 2.09938
-561.53753 2.33953
-561.77548 2.68413
-561.93578 2.95131
-561.72880 2.61562
-561.50871 2.30659
-561.33462 2.08583
-561.19293 1.92370
-561.06769 1.79598
-560.95225 1.69372
-560.84646 1.61582
-560.74622 1.55935
-560.65319 1.52668
-560.57254 1.52018
-560.50514 1.53972
-560.45403 1.58324
-560.41855 1.64828
-560.39722 1.73712
-560.39104 1.85081
-560.40182 1.99750
-560.43313 2.18260
-560.49790 2.44313
-560.61762 2.80726
-560.67915 2.95131
-560.55238 2.61689
-560.46980 2.32080
-560.42814 2.11103
-560.41120 1.95186
-560.41274 1.82795
-560.42933 1.73408
-560.46143 1.65998
-560.50978 1.60771
-560.57194 1.58010
-560.65021 1.57686
-560.74110 1.59964
-560.83939 1.64647
-560.94338 1.71510
-561.05171 1.80348
-561.16907 1.91539
-561.30200 2.05927
-561.45924 2.24932
-561.65976 2.51851
-561.89186 2.87152
-561.93578 2.95131
-561.73588 2.63045
-561.52187 2.33663
-561.35367 2.13041
-561.21756 1.98161
-561.09746 1.86612
-560.98652 1.77498
-560.88448 1.70674
-560.78705 1.65841
-560.69571 1.63198
-560.61249 1.62983
-560.54532 1.65207
-560.49380 1.69623
-560.45608 1.76386
-560.43421 1.85165
-560.42735 1.96356
-560.43752 2.10837
-560.47052 2.30085
-560.54133 2.57528
-560.66029 2.91117
-560.67915 2.95131
-560.56038 2.63251
-560.48674 2.35187
-560.45323 2.15634
-560.44364 2.01013
-560.45179 1.89785
-560.47550 1.81037
-560.51343 1.74602
-560.56695 1.70180
-560.63637 1.67958
-560.71816 1.68113
-560.81124 1.70649
-560.91028 1.75385
-561.01382 1.82141
-561.12631 1.91233
-561.24810 2.02830
-561.38622 2.17866
-561.55714 2.38836
-561.77460 2.68916
-561.93578 2.95131
-561.74227 2.64411
-561.53351 2.36430
-561.37044 2.17145
-561.23919 2.03480
-561.11790 1.92569
-561.01110 1.84548
-560.90776 1.78427
-560.80899 1.74366
-560.71638 1.72539
-560.63545 1.73111
-560.57019 1.75924
-560.52039 1.80773
-560.48431 1.87883
-560.46414 1.96922
-560.45930 2.08987
-560.47384 2.24686
-560.51725 2.46679
-560.61097 2.78420
-560.67915 2.95131
-560.57075 2.65672
-560.50404 2.38724
-560.47735 2.20274
-560.47409 2.06685
-560.48801 1.96389
-560.51706 1.88466
-560.56220 1.82493
-560.62373 1.78611
-560.70170 1.76986
-560.79196 1.77770
-560.88874 1.80810
-560.99023 1.85918
-561.09518 1.92946
-561.20856 2.02269
-561.33724 2.14747
-561.48344 2.31038
-561.67234 2.54980
-561.88398 2.85949
-561.93578 2.95131
-561.74986 2.65927
-561.55446 2.40289
-561.39641 2.22140
-561.26365 2.08900
-561.14666 1.98979
-561.03824 1.91450
-560.93315 1.85892
-560.83248 1.82431
-560.74182 1.81231
-560.66211 1.82230
-560.59483 1.85480
-560.54397 1.90820
-560.50940 1.98122
-560.49001 2.07794
-560.48779 2.20747
-560.50895 2.38549
-560.56684 2.63746
-560.67264 2.93795
-560.67915 2.95131
-560.57801 2.67128
-560.51943 2.41580
-560.49987 2.24376
-560.50273 2.11875
-560.52330 2.02080
-560.55976 1.94739
-560.61028 1.89620
-560.67650 1.86425
-560.75837 1.85312
-560.85137 1.86425
-560.94954 1.89620
-561.05125 1.94739
-561.16112 2.02080
-561.27963 2.11875
-561.40752 2.24376
-561.55999 2.41580
-561.75689 2.67128
-561.93578 2.95131
-561.75684 2.67336
-561.56703 2.43039
-561.41397 2.26097
-561.28563 2.13906
-561.17240 2.04879
-561.06696 1.98097
-560.96388 1.93145
-560.86424 1.90136
-560.76973 1.89223
-560.68654 1.90545
-560.61942 1.93966
-560.56857 1.99349
-560.53390 2.06585
-560.51425 2.16115
-560.51169 2.28891
-560.53445 2.47448
-560.59957 2.74049
-560.67915 2.95131
-560.58480 2.68479
-560.53400 2.44227
-560.52121 2.28176
-560.53079 2.16139
-560.55740 2.07336
-560.59914 2.00829
-560.65732 1.96198
-560.73184 1.93547
-560.82239 1.93031
-560.91904 1.94665
-561.01953 1.98244
-561.12243 2.03641
-561.23287 2.11204
-561.35146 2.21185
-561.48600 2.34604
-561.65419 2.54167
-561.85197 2.81131
-561.93578 2.95131
-561.76323 2.68641
-561.57833 2.45585
-561.42968 2.29760
-561.30523 2.18535
-561.18938 2.09930
-561.08134 2.03656
-560.97552 1.99288
-560.87309 1.96921
-560.78028 1.96673
-560.69857 1.98526
-560.63307 2.02359
-560.58404 2.08064
-560.54996 2.16029
-560.53293 2.26535
-560.53575 2.40673
-560.56915 2.61327
-560.65042 2.88616
-560.67915 2.95131
-560.59151 2.69862
-560.54809 2.46894
-560.54175 2.31285
-560.55764 2.20335
-560.58941 2.12426
-560.63839 2.06380
-560.70466 2.02272
-560.78780 2.00189
-560.88244 2.00239
-560.98686 2.02427
-561.09460 2.06644
-561.20445 2.12808
-561.31571 2.20842
-561.44158 2.31942
-561.59192 2.47737
-561.77879 2.70950
-561.93578 2.95131
-561.77004 2.69980
-561.59033 2.48156
-561.44620 2.33397
-561.32567 2.23064
-561.21292 2.15200
-561.10716 2.09516
-561.00261 2.05596
-560.90047 2.03532
-560.80285 2.03481
-560.72076 2.05445
-560.65473 2.09258
-560.60506 2.14830
-560.57006 2.22565
-560.55187 2.32753
-560.55406 2.47329
-560.59080 2.68913
-560.67274 2.93808
-560.67915 2.95131
-560.59558 2.70217
-560.56161 2.49587
-560.56101 2.35043
-560.58135 2.24954
-560.61898 2.17361
-560.67160 2.11955
-560.74092 2.08325
-560.82650 2.06554
-560.92768 2.06809
-561.03305 2.09088
-561.14055 2.13254
-561.24908 2.19239
-561.36467 2.27492
-561.49532 2.39017
-561.65129 2.55594
-561.83534 2.79062
-561.93578 2.95131
-561.77734 2.71359
-561.60322 2.50758
-561.46382 2.37017
-561.34073 2.27020
-561.23155 2.19940
-561.12263 2.14621
-561.01464 2.11124
-560.90894 2.09523
-560.80810 2.09992
-560.72399 2.12527
-560.66067 2.16728
-560.61155 2.23005
-560.58045 2.31125
-560.56615 2.42379
-560.57611 2.58537
-560.63027 2.82595
-560.67915 2.95131
-560.60193 2.71554
-560.57392 2.51295
-560.58008 2.37924
-560.60558 2.28776
-560.64748 2.21943
-560.70719 2.16897
-560.78447 2.13683
-560.87852 2.12376
-560.98294 2.13077
-561.09008 2.15661
-561.19813 2.20027
-561.30617 2.26116
-561.42067 2.34411
-561.54993 2.45954
-561.70429 2.62598
-561.88358 2.86269
-561.93578 2.95131
-561.78417 2.72647
-561.61509 2.53183
-561.48002 2.40389
-561.36048 2.31162
-561.24775 2.24342
-561.14104 2.19597
-561.02849 2.16407
-560.91815 2.15174
-560.81783 2.15993
-560.73437 2.18751
-560.66875 2.23363
-560.62144 2.29794
-560.59093 2.38570
-560.57985 2.50816
-560.59965 2.69540
-560.66699 2.92524
-560.67915 2.95131
-560.60788 2.72803
-560.58630 2.54439
-560.59625 2.41799
-560.62688 2.32781
-560.67522 2.26202
-560.73854 2.21711
-560.82382 2.18805
-560.92655 2.17871
-561.03955 2.19014
-561.14840 2.21923
-561.25697 2.26528
-561.37146 2.33240
-561.49270 2.42414
-561.62956 2.55244
-561.80044 2.74916
-561.93578 2.95131
-561.79159 2.73984
-561.62812 2.55655
-561.49034 2.43161
-561.36807 2.34346
-561.25901 2.28317
-561.14873 2.23964
-561.03802 2.21325
-560.92313 2.20484
-560.82396 2.21636
-560.74176 2.24593
-560.67753 2.29296
-560.63158 2.35710
-560.60099 2.45004
-560.59253 2.58089
-560.61870 2.77183
-560.67915 2.95131
-560.61378 2.74118
-560.59791 2.56080
-560.61364 2.44517
-560.64865 2.36343
-560.70041 2.30415
-560.77076 2.26203
-560.85914 2.23731
-560.96435 2.23074
-561.07878 2.24346
-561.19397 2.27466
-561.30839 2.32397
-561.42146 2.39126
-561.54828 2.48893
-561.69114 2.62679
-561.85831 2.82854
-561.93578 2.95131
-561.79042 2.74261
-561.63280 2.57291
-561.49986 2.45877
-561.38148 2.37905
-561.26866 2.32212
-561.15411 2.28260
-561.03878 2.26064
-560.92491 2.25706
-560.82182 2.27316
-560.74189 2.30589
-560.68029 2.35524
-560.63483 2.42596
-560.60845 2.52193
-560.60586 2.66529
-560.64867 2.87609
-560.67915 2.95131
-560.61961 2.75430
-560.60955 2.58502
-560.63160 2.47242
-560.67414 2.39479
-560.73441 2.34027
-560.81437 2.30341
-560.91298 2.28426
-561.02856 2.28374
-561.14596 2.30184
-561.26247 2.33754
-561.37696 2.39075
-561.49675 2.46681
-561.63095 2.57744
-561.78977 2.74412
-561.92906 2.93840
-561.93578 2.95131
-561.79766 2.75577
-561.64537 2.59711
-561.51670 2.49172
-561.40174 2.41873
-561.29138 2.36679
-561.17810 2.33076
-561.05622 2.31018
-560.93565 2.30860
-560.83222 2.32595
-560.74791 2.36127
-560.68752 2.41067
-560.64318 2.48063
-560.61692 2.58221
-560.61898 2.73582
-560.66743 2.92576
-560.67915 2.95131
-560.62539 2.76740
-560.62116 2.60919
-560.64786 2.50535
-560.69390 2.43444
-560.75690 2.38488
-560.83933 2.35145
-560.94646 2.33378
-561.07127 2.33539
-561.19713 2.35635
-561.31379 2.39327
-561.42718 2.44679
-561.54511 2.52246
-561.67685 2.63232
-561.83160 2.79858
-561.93578 2.95131
-561.80494 2.76892
-561.65793 2.62126
-561.53348 2.52452
-561.41405 2.45417
-561.29877 2.40574
-561.17981 2.37382
-561.05146 2.35803
-560.93126 2.36113
-560.82892 2.38184
-560.74654 2.41971
-560.68524 2.47497
-560.64286 2.55360
-560.62282 2.66842
-560.64116 2.84313
-560.67915 2.95131
-560.62999 2.77055
-560.63404 2.62603
-560.66701 2.53284
-560.71776 2.47005
-560.78982 2.42412
-560.88273 2.39493
-561.00179 2.38215
-561.13113 2.38847
-561.25935 2.41300
-561.37619 2.45250
-561.48847 2.50795
-561.61300 2.59168
-561.75128 2.71436
-561.89879 2.88971
-561.93578 2.95131
-561.81226 2.78208
-561.67049 2.64538
-561.54175 2.55188
-561.42551 2.48973
-561.30432 2.44505
-561.17850 2.41749
-561.04246 2.40668
-560.91586 2.41529
-560.81580 2.44056
-560.73702 2.48256
-560.68032 2.54163
-560.64168 2.63111
-560.63184 2.76267
-560.67315 2.93866
-560.67915 2.95131
-560.63595 2.78377
-560.64605 2.65031
-560.68372 2.56569
-560.74277 2.50580
-560.81926 2.46599
-560.92325 2.44010
-561.05509 2.43133
-561.18848 2.44119
-561.31858 2.46825
-561.43505 2.50936
-561.55421 2.57086
-561.67676 2.65743
-561.82042 2.79359
-561.93578 2.95131
-561.81963 2.79524
-561.68304 2.66949
-561.55801 2.58462
-561.44453 2.52895
-561.32450 2.48910
-561.18994 2.46377
-561.05181 2.45587
-560.92297 2.46592
-560.82197 2.49135
-560.74298 2.53254
-560.68655 2.58977
-560.64821 2.67668
-560.64002 2.80507
-560.67915 2.95131
-560.64190 2.79702
-560.65812 2.67461
-560.70054 2.59849
-560.76367 2.54509
-560.85034 2.50792
-560.96727 2.48557
-561.10534 2.48076
-561.25118 2.49437
-561.38293 2.52417
-561.49861 2.56721
-561.61600 2.63051
-561.74478 2.72669
-561.88155 2.86891
-561.93578 2.95131
-561.82705 2.80841
-561.69559 2.69360
-561.57413 2.61730
-561.45409 2.56469
-561.32590 2.52893
-561.18116 2.50844
-561.03266 2.50573
-560.90368 2.52045
-560.80513 2.54971
-560.73034 2.59454
-560.67605 2.66112
-560.64641 2.76310
-560.66028 2.90326
-560.67915 2.95131
-560.64783 2.81029
-560.67031 2.69894
-560.72242 2.62661
-560.79775 2.57814
-560.89916 2.54660
-561.03340 2.53040
-561.18857 2.53206
-561.33002 2.55000
-561.45352 2.58115
-561.56781 2.62661
-561.69225 2.69894
-561.82609 2.81029
-561.93578 2.95131
-561.82501 2.81234
-561.69829 2.71114
-561.58023 2.64535
-561.46199 2.60080
-561.33348 2.57113
-561.17595 2.55457
-561.01459 2.55625
-560.88499 2.57464
-560.78886 2.60696
-560.71841 2.65471
-560.67020 2.72453
-560.65073 2.83109
-560.67915 2.95131
-560.65375 2.82360
-560.68268 2.72336
-560.74054 2.65962
-560.82127 2.61765
-560.92866 2.59086
-561.08028 2.57754
-561.25338 2.58271
-561.39820 2.60320
-561.52150 2.63625
-561.64364 2.68842
-561.76453 2.76516
-561.88933 2.88284
-561.93578 2.95131
-561.83228 2.82580
-561.71027 2.73561
-561.59525 2.67828
-561.46763 2.63742
-561.32709 2.61231
-561.15367 2.60111
-560.98776 2.60771
-560.85832 2.63008
-560.76624 2.66617
-560.70232 2.71780
-560.66143 2.80020
-560.66539 2.91626
-560.67915 2.95131
-560.65968 2.83697
-560.69533 2.74790
-560.75927 2.69274
-560.84588 2.65721
-560.97030 2.63389
-561.14424 2.62487
-561.32721 2.63389
-561.47495 2.65721
-561.59710 2.69274
-561.71619 2.74790
-561.84092 2.83697
-561.93578 2.95131
-561.83957 2.83936
-561.72206 2.76024
-561.60975 2.71133
-561.48192 2.67704
-561.32596 2.65561
-561.13220 2.64881
-560.96040 2.65908
-560.84015 2.68201
-560.75070 2.71961
-560.68765 2.77894
-560.66052 2.86637
-560.67915 2.95131
-560.66565 2.85043
-560.70841 2.77264
-560.77892 2.72606
-560.88245 2.69478
-561.03015 2.67667
-561.23249 2.67328
-561.41284 2.68581
-561.55022 2.70963
-561.67000 2.74685
-561.78407 2.80413
-561.89720 2.89692
-561.93578 2.95131
-561.84687 2.85306
-561.73355 2.78511
-561.61091 2.74111
-561.46786 2.71304
-561.27664 2.69778
-561.05822 2.69891
-560.89733 2.71490
-560.79382 2.74111
-560.71519 2.78511
-560.66981 2.85306
-560.67915 2.95131
-560.67170 2.86401
-560.71523 2.80306
-560.79011 2.76309
-560.90076 2.73692
-561.07484 2.72190
-561.31069 2.72190
-561.49979 2.73692
-561.63660 2.76309
-561.75145 2.80306
-561.85593 2.86401
-561.93578 2.95131
-561.85415 2.86696
-561.74453 2.81036
-561.62192 2.77522
-561.47376 2.75400
-561.25174 2.74355
-561.00126 2.74922
-560.85214 2.76721
-560.75530 2.79657
-560.68949 2.84532
-560.66907 2.91974
-560.67915 2.95131
-560.67792 2.87778
-560.72830 2.82800
-560.81117 2.79675
-560.94840 2.77602
-561.18021 2.76687
-561.45790 2.77360
-561.61888 2.79122
-561.73592 2.81865
-561.84012 2.86331
-561.92242 2.93043
-561.93578 2.95131
-561.86135 2.88119
-561.75461 2.83620
-561.63026 2.81007
-561.45520 2.79482
-561.13132 2.79091
-560.90319 2.80217
-560.77835 2.82453
-560.70152 2.86170
-560.67122 2.92169
-560.67915 2.95131
-560.65526 2.90353
-635.48399 3.13943
-637.28234 3.14159
-637.28234 3.14159
-637.28234 3.14159