# sss file
-1.57080 3.14159
-1.57080 3.14159
-1.75180 3.10359
-1.67565 2.95131
-1.56963 3.00432
-1.42502 3.03715
-1.14784 3.06494
-0.92614 3.07493
-0.64316 3.08048
-0.33119 3.08037
-0.04446 3.07462
0.18491 3.06450
0.48655 3.03656
0.66234 3.00367
0.82029 2.95062
0.97327 2.85825
1.10864 2.72529
1.25234 2.53021
1.43785 2.22379
1.71056 1.72213
2.04826 1.06924
2.05933 1.22450
2.09271 1.33019
2.14555 1.40982
2.21593 1.46523
2.30194 1.49717
2.40149 1.50589
2.51235 1.49145
2.63238 1.45376
2.75989 1.39248
2.89395 1.30664
3.03479 1.19404
3.20408 1.02898
3.24393 0.98543
2.92595 1.66575
2.75523 2.06615
2.65695 2.34052
2.61235 2.51995
2.60182 2.65449
2.62580 2.76595
2.67465 2.83746
2.77498 2.90510
2.91246 2.95114
3.14380 2.98928
3.37069 3.00699
3.65208 3.01535
3.95169 3.01254
4.22199 2.99923
4.43969 2.97794
4.60753 2.95131
4.77595 2.99892
4.97306 3.02572
5.27603 3.04465
5.67552 3.05069
6.06925 3.04149
6.36854 3.02046
6.57501 2.99251
6.77631 2.94405
6.94283 2.87380
7.07920 2.78186
7.21488 2.64901
7.35150 2.47280
7.52270 2.20619
7.75300 1.80103
8.11598 1.11432
8.15414 1.04035
8.15957 1.20369
8.18869 1.31523
8.23771 1.40019
8.30469 1.46071
8.38774 1.49767
8.48481 1.51141
8.59367 1.50199
8.71212 1.46936
8.83833 1.41328
8.97113 1.33298
9.11046 1.22665
9.27704 1.07065
9.31601 1.02966
8.97850 1.74509
8.80905 2.13567
8.70906 2.40634
8.65966 2.60387
8.65474 2.73748
8.68415 2.83013
8.75006 2.90159
8.84993 2.95229
9.03685 2.99783
9.24666 3.02245
9.55084 3.03853
10.11073 3.03821
10.42845 3.02181
10.66049 2.99699
10.89072 2.95131
11.11003 2.99176
11.33350 3.01154
11.62233 3.02211
11.94090 3.02104
12.23191 3.00860
12.46417 2.98751
12.71129 2.94593
12.87788 2.89784
13.03149 2.82857
13.16700 2.73760
13.30724 2.60541
13.45019 2.42911
13.60230 2.20339
13.80022 1.87041
14.08820 1.34285
14.26804 0.99954
14.26698 1.17230
14.29131 1.29024
14.33606 1.38081
14.39916 1.44657
14.47875 1.48863
14.57281 1.50741
14.67915 1.50302
14.79556 1.47545
14.92009 1.42449
15.05142 1.34952
15.18922 1.24901
15.29743 1.15489
14.66548 2.39885
14.43685 2.81320
14.30807 2.98524
14.19320 3.06088
14.03628 3.09801
13.81196 3.11558
13.02761 3.12831
11.87440 3.12165
11.54438 3.10497
11.38150 3.06813
11.33350 3.01154
11.62795 3.01548
11.92040 3.00821
12.17028 2.99134
12.44696 2.95396
12.63509 2.90832
12.80646 2.84096
12.95443 2.75135
13.08497 2.63936
13.22203 2.48468
13.36736 2.28314
13.54156 2.00411
13.77413 1.59298
14.11338 0.95297
14.10727 1.13330
14.13222 1.26892
14.17628 1.35968
14.23866 1.42540
14.31744 1.46728
14.41062 1.48582
14.51606 1.48115
14.63161 1.45325
14.75540 1.40186
14.88623 1.32627
15.02384 1.22477
15.11380 1.14663
14.63521 2.07650
14.39389 2.51452
14.22882 2.76893
14.10924 2.90259
13.96607 2.99632
13.78693 3.05069
13.51368 3.08388
13.24249 3.09745
12.80485 3.10569
12.27662 3.10483
11.87881 3.09537
11.64495 3.08123
11.42472 3.04763
11.33350 3.01154
11.62462 3.00890
11.88921 2.99599
12.10469 2.97518
12.34165 2.93447
12.50656 2.88721
12.66184 2.81880
12.80050 2.72854
12.92614 2.61603
13.06060 2.46071
13.20501 2.25815
13.37957 1.97714
13.61435 1.56113
13.96290 0.90255
13.95154 1.09105
13.97266 1.23158
14.01377 1.32555
14.07338 1.39392
14.14953 1.43820
14.24023 1.45899
14.34340 1.45651
14.45695 1.43073
14.57908 1.38138
14.70858 1.30771
14.84522 1.20794
14.55373 1.74372
14.35011 2.08985
14.18379 2.34169
14.04465 2.52042
13.91530 2.65415
13.79965 2.74645
13.64553 2.83486
13.51944 2.88486
13.34934 2.93084
13.10942 2.96977
12.89697 2.98915
12.64323 3.00068
12.37025 3.00240
12.11495 2.99398
12.00339 2.98640
12.23575 2.94276
12.39168 2.89342
12.53629 2.82317
12.66525 2.73146
12.80042 2.59862
12.93996 2.42173
13.10304 2.17411
13.31320 1.81365
13.62456 1.23574
13.82193 0.85546
13.80760 1.04894
13.82697 1.19141
13.87312 1.29590
13.94235 1.36762
14.02093 1.40564
14.11347 1.42008
14.21794 1.41114
14.33242 1.37870
14.47131 1.31350
14.61989 1.21616
14.68917 1.16159
14.39084 1.70943
14.18458 2.05934
14.01702 2.31282
13.87784 2.49228
13.75002 2.62635
13.61196 2.73695
13.45662 2.82470
13.28111 2.88986
13.09645 2.93336
12.84102 2.96854
12.62328 2.98461
12.37549 2.99244
12.12228 2.99077
12.00339 2.98640
12.19588 2.93764
12.35788 2.86726
12.49235 2.77527
12.62733 2.64236
12.76391 2.46601
12.93542 2.19905
13.15321 1.81708
13.51312 1.13806
13.67971 0.81397
13.66316 1.01139
13.68146 1.15492
13.72682 1.25924
13.79521 1.33015
13.88365 1.37009
13.98931 1.38001
14.10943 1.36010
14.24163 1.30995
14.38438 1.22824
14.45114 1.18106
14.20284 1.61892
14.00912 1.93197
13.84356 2.17005
13.69652 2.35165
13.56612 2.48561
13.43393 2.59497
13.29958 2.68122
13.16710 2.74574
13.00134 2.80436
12.84710 2.84262
12.66137 2.87379
12.44386 2.89530
12.28593 2.90296
12.41536 2.78966
12.55228 2.61577
12.72732 2.33505
12.97996 1.87545
13.47152 0.92283
13.54124 0.78524
13.52588 0.98118
13.54575 1.12175
13.59255 1.22237
13.66208 1.28913
13.75124 1.32457
13.85725 1.32969
13.97751 1.30462
14.10996 1.24870
14.25354 1.16003
14.32105 1.10909
14.05085 1.59135
13.85764 1.90832
13.69424 2.14875
13.55068 2.33210
13.42482 2.46754
13.29871 2.57847
13.17196 2.66649
13.01278 2.74887
12.84879 2.80862
12.69501 2.84791
12.50790 2.88027
12.28593 2.90296
12.48005 2.57307
12.92953 1.69887
13.39553 0.77211
13.38330 0.96324
13.40598 1.09896
13.45525 1.19455
13.52681 1.25605
13.61755 1.28600
13.72475 1.28535
13.84601 1.25407
13.97958 1.19118
14.10819 1.10665
13.86280 1.53355
13.67534 1.83199
13.51988 2.05415
13.37156 2.23922
13.24380 2.37473
13.11915 2.48491
12.99851 2.57183
12.85492 2.65305
12.71648 2.71241
12.54972 2.76473
12.34834 2.80705
12.38835 2.63323
12.50563 2.33257
12.73867 1.82484
13.24911 0.77854
13.24411 0.95795
13.27253 1.08411
13.32664 1.17077
13.40229 1.22343
13.49642 1.24438
13.60645 1.23437
13.73025 1.19306
13.86661 1.11879
13.99866 1.02194
13.73033 1.49994
13.53003 1.82791
13.36312 2.07341
13.21855 2.25919
13.07497 2.41474
12.95014 2.52541
12.82752 2.61298
12.67850 2.69495
12.53107 2.75479
12.34834 2.80705
12.32503 2.69505
12.34266 2.54084
12.40760 2.32028
12.52505 2.02112
12.73163 1.55902
13.09164 0.80626
13.09593 0.97042
13.13145 1.08497
13.19148 1.16127
13.27216 1.20398
13.37057 1.21498
13.48430 1.19468
13.61158 1.14230
13.75178 1.05533
13.80157 1.01779
13.54544 1.46742
13.35480 1.77445
13.19896 2.00102
13.05221 2.18897
12.90867 2.34539
12.76427 2.47408
12.64364 2.56060
12.50080 2.64131
12.36404 2.70023
12.32594 2.71396
12.29321 2.60459
12.29407 2.47134
12.32918 2.29228
12.40263 2.06038
12.53008 1.73650
12.73903 1.26516
12.93297 0.85273
12.94964 0.99668
12.99473 1.09561
13.06277 1.15803
13.15030 1.18744
13.25460 1.18514
13.37357 1.15105
13.50595 1.08361
13.65210 0.97883
13.70435 0.93423
13.40910 1.46750
13.20901 1.80086
13.04428 2.04947
12.90321 2.23748
12.76481 2.39512
12.62423 2.52591
12.50469 2.61461
12.35928 2.69808
12.32594 2.71396
12.26276 2.63008
12.22857 2.52276
12.22390 2.39074
12.24728 2.23201
12.30443 2.02117
12.40305 1.74479
12.57136 1.34106
12.76330 0.91868
12.79302 1.04178
12.84842 1.12438
12.92515 1.17231
13.02014 1.18795
13.13093 1.17197
13.25573 1.12369
13.39388 1.04070
13.51138 0.94862
13.21651 1.47633
13.01468 1.80752
12.84730 2.05456
12.70296 2.24119
12.56037 2.39731
12.43720 2.50837
12.31709 2.59632
12.26276 2.63008
12.20297 2.54917
12.16617 2.44461
12.15571 2.31458
12.17241 2.15663
12.21663 1.96663
12.29885 1.71264
12.43445 1.36581
12.59514 0.99671
12.63924 1.09736
12.70644 1.16140
12.79325 1.19242
12.89693 1.19178
13.01532 1.15945
13.14709 1.09402
13.29243 0.99173
13.41679 0.88130
13.07186 1.51888
12.85251 1.89369
12.68100 2.15819
12.52824 2.36298
12.38843 2.51845
12.26276 2.63008
12.17484 2.55947
12.11812 2.48090
12.08048 2.37861
12.06669 2.25033
12.07905 2.09318
12.11909 1.90251
12.18965 1.66978
12.30974 1.34793
12.41771 1.08925
12.47569 1.16939
12.55463 1.21586
12.65156 1.23070
12.76400 1.21443
12.89001 1.16646
13.02871 1.08469
13.18115 0.96405
13.21729 0.93096
12.89640 1.52307
12.67753 1.89731
12.50633 2.16159
12.35380 2.36629
12.21410 2.52175
12.17484 2.55947
12.09275 2.49210
12.03692 2.41654
11.99712 2.31724
11.97909 2.19149
11.98405 2.05611
12.01145 1.88942
12.06520 1.68431
12.16212 1.39908
12.24481 1.18701
12.31713 1.24669
12.40849 1.27477
12.51619 1.27215
12.63788 1.23875
12.77194 1.17346
12.91806 1.07334
13.07852 0.93146
13.11674 0.89287
12.68814 1.71210
12.44264 2.15047
12.27417 2.42050
12.17484 2.55947
12.06891 2.50523
11.99013 2.44060
11.92594 2.35211
11.88838 2.25393
11.87069 2.12899
11.87498 1.99368
11.90140 1.82599
11.95461 1.61792
12.05303 1.32478
12.06404 1.29518
12.14997 1.33712
12.25331 1.34877
12.37138 1.33038
12.50188 1.28154
12.64338 1.20079
12.79610 1.08463
12.90553 0.98376
12.48501 1.79066
12.24716 2.21881
12.06891 2.50523
11.96808 2.45437
11.89072 2.39313
11.82524 2.30837
11.78470 2.21337
11.76280 2.09138
11.76287 1.95824
11.78495 1.79212
11.83422 1.58461
11.89005 1.40363
11.97802 1.42683
12.07866 1.42664
12.18998 1.40307
12.31023 1.35581
12.45477 1.27328
12.60902 1.15688
12.77555 0.99978
12.79509 0.97924
12.28722 2.02172
12.07724 2.48522
12.06891 2.50523
11.94826 2.46969
11.84928 2.42187
11.77167 2.36358
11.70416 2.28205
11.66067 2.18985
11.63498 2.07058
11.63136 1.93961
11.64963 1.77539
11.69528 1.56934
11.70891 1.51988
11.80899 1.52979
11.92047 1.51658
12.04112 1.48018
12.16913 1.42032
12.30342 1.33623
12.44405 1.22597
12.57364 1.10470
12.18632 1.91380
12.00376 2.32743
11.94826 2.46969
11.83062 2.43760
11.73223 2.39333
11.63992 2.32634
11.57363 2.24658
11.53003 2.15595
11.50329 2.03815
11.49825 1.90820
11.51489 1.74449
11.53621 1.63304
11.64885 1.62962
11.77131 1.60308
11.90114 1.55345
12.03648 1.48060
12.17648 1.38381
12.32157 1.26103
12.45447 1.12868
12.21524 1.65943
12.08034 1.99246
12.00014 2.22896
11.95651 2.41098
11.94826 2.46969
11.81490 2.45440
11.69673 2.42554
11.59653 2.38437
11.50097 2.32080
11.43092 2.24407
11.38352 2.15611
11.35261 2.04103
11.34379 1.91350
11.35658 1.75239
11.48193 1.73761
11.61532 1.69952
11.75398 1.63845
11.89604 1.55452
12.04086 1.44723
12.18922 1.31467
12.22713 1.27713
12.03466 1.72007
11.91898 2.02273
11.84835 2.25587
11.81642 2.43507
11.81490 2.45440
11.68183 2.44254
11.56245 2.41713
11.44146 2.37032
11.34635 2.30796
11.27605 2.23238
11.22795 2.14545
11.19598 2.03141
11.18602 1.90472
11.18675 1.86623
11.30768 1.84431
11.43328 1.80430
11.56140 1.74667
11.70911 1.65974
11.85749 1.55038
12.00725 1.41744
12.10251 1.32100
11.96115 1.67586
11.87461 1.93386
11.82617 2.12635
11.80440 2.28629
11.80842 2.41818
11.81490 2.45440
11.67062 2.46005
11.53405 2.45144
11.41032 2.42901
11.30302 2.39377
11.19814 2.33652
11.11894 2.26523
11.06315 2.18198
11.02367 2.07178
11.00995 1.98519
11.14342 1.95447
11.27933 1.90533
11.41536 1.83862
11.55020 1.75510
11.68359 1.65509
11.83511 1.52009
11.87307 1.48266
11.76131 1.78649
11.69518 2.01088
11.65934 2.19684
11.65203 2.33245
11.66596 2.44235
11.67062 2.46005
11.52357 2.46897
11.38304 2.46347
11.25456 2.44385
11.14225 2.41104
11.03165 2.35620
10.94747 2.28685
10.88755 2.20523
10.84883 2.11302
10.84422 2.09670
10.99088 2.05661
11.13695 1.99783
11.28015 1.92168
11.41957 1.82926
11.55550 1.72113
11.70810 1.57796
11.74610 1.53870
11.66830 1.78318
11.62193 1.98070
11.60224 2.14224
11.60622 2.27369
11.63063 2.37871
11.67062 2.46005
11.51754 2.48639
11.36351 2.49846
11.21490 2.49558
11.07819 2.47792
10.95838 2.44644
10.85808 2.40261
10.76393 2.33599
10.69628 2.25648
10.67133 2.21254
10.80996 2.17243
10.94556 2.11811
11.09787 2.03842
11.24328 1.94277
11.38250 1.83222
11.51714 1.70698
11.46270 1.91133
11.43442 2.07788
11.42866 2.21351
11.44620 2.33980
11.48628 2.43978
11.51754 2.48639
11.35846 2.51573
11.19659 2.53040
11.03911 2.52950
10.89364 2.51308
10.76618 2.48216
10.65989 2.43835
10.57524 2.38347
10.51083 2.31922
10.66315 2.27159
10.80842 2.20950
10.94554 2.13471
11.09563 2.03324
11.23674 1.91781
11.37130 1.78887
11.39015 1.76933
11.35448 1.96235
11.34629 2.11879
11.36198 2.24460
11.39736 2.34361
11.45878 2.43311
11.51754 2.48639
11.35866 2.53225
11.18861 2.56459
11.01310 2.58139
10.84104 2.58144
10.68224 2.56472
10.54439 2.53247
10.43123 2.48668
10.34284 2.42954
10.48431 2.38545
10.64260 2.31874
10.78802 2.23925
10.92191 2.14889
11.06629 2.03133
11.16349 1.93986
11.14856 2.09984
11.15701 2.22904
11.18490 2.33142
11.23755 2.42498
11.30541 2.49474
11.35866 2.53225
11.19049 2.58082
11.00719 2.61522
10.81545 2.63295
10.62673 2.63242
10.45393 2.61370
10.30664 2.57841
10.18872 2.52912
10.34516 2.47901
10.48741 2.41819
10.64071 2.33370
10.77815 2.23890
10.92323 2.11721
11.03818 2.00417
11.04115 2.13570
11.06733 2.25627
11.11313 2.34999
11.17179 2.42013
11.25266 2.48151
11.35866 2.53225
11.19848 2.59564
11.01504 2.64712
10.85208 2.67742
10.67889 2.69607
10.50322 2.70171
10.33512 2.69389
10.18381 2.67324
10.05502 2.64122
10.02661 2.63165
10.20253 2.57622
10.35591 2.50982
10.49013 2.43496
10.63152 2.33633
10.77688 2.21129
10.81555 2.17379
10.84035 2.29596
10.88612 2.39145
10.94635 2.46325
11.03119 2.52630
11.14459 2.57844
11.19848 2.59564
11.02627 2.66152
10.86558 2.70530
10.68380 2.73865
10.48537 2.75905
10.28147 2.76454
10.08770 2.75451
9.91781 2.73003
9.88005 2.72190
10.04034 2.67386
10.20898 2.60351
10.35009 2.52485
10.49354 2.42241
10.63706 2.29418
10.69317 2.23668
10.73149 2.33384
10.79569 2.42112
10.87340 2.48468
10.97672 2.53788
11.10742 2.57842
11.19848 2.59564
11.04448 2.67383
10.89518 2.72989
10.71568 2.77771
10.50202 2.81403
10.25929 2.83498
10.06980 2.83867
9.88777 2.83158
9.72460 2.81437
9.91060 2.76216
10.05984 2.70226
10.20993 2.62017
10.35520 2.51442
10.47692 2.40279
10.53133 2.47833
10.61108 2.54575
10.72150 2.60281
10.86634 2.64660
11.04448 2.67383
10.91507 2.73891
10.75371 2.79836
10.60377 2.83752
10.42288 2.86994
10.20960 2.89310
9.97269 2.90435
9.73379 2.90204
9.58634 2.89307
9.75387 2.85135
9.92323 2.78852
10.08050 2.70304
10.22412 2.59427
10.35839 2.46143
10.43405 2.52967
10.53903 2.58790
10.67720 2.63337
10.84821 2.66292
11.04448 2.67383
10.91077 2.76327
10.77018 2.83100
10.63192 2.87820
10.44987 2.92034
10.20612 2.95415
9.89348 2.97465
9.54682 2.97685
9.43645 2.97322
9.54595 3.02713
9.71858 3.06053
9.87435 3.07531
10.11369 3.08739
10.46008 3.09464
10.86804 3.09476
11.22450 3.08769
11.47881 3.07572
11.77150 3.04475
11.97980 2.99201
12.12164 2.91813
12.23069 2.82369
12.04506 2.84022
11.85102 2.84629
11.66181 2.84131
11.49039 2.82577
11.30239 2.79111
11.16264 2.74425
11.06389 2.68875
11.04448 2.67383
10.91507 2.73891
10.75371 2.79836
10.60377 2.83752
10.42288 2.86994
10.20960 2.89310
9.97269 2.90435
9.73379 2.90204
9.58634 2.89307
9.64115 2.96706
9.75565 3.02039
9.92539 3.05322
10.07048 3.06771
10.28291 3.07971
10.57960 3.08753
10.93642 3.08926
11.27584 3.08435
11.54068 3.07423
11.86622 3.04552
12.04283 3.01190
12.19516 2.95811
12.29096 2.90260
12.04479 2.91310
11.79833 2.90953
11.57946 2.89247
11.40348 2.86436
11.27073 2.82807
11.14837 2.77101
11.07102 2.70739
11.04448 2.67383
10.89518 2.72989
10.71568 2.77771
10.50202 2.81403
10.25929 2.83498
10.06980 2.83867
9.88777 2.83158
9.72460 2.81437
9.74050 2.92780
9.81646 3.00155
9.91390 3.03698
10.12290 3.06962
10.31825 3.08343
10.61875 3.09354
11.02341 3.09735
11.43020 3.09334
11.73780 3.08310
11.94471 3.06923
12.18413 3.03652
12.36296 2.98288
12.51525 2.88975
12.28131 2.90309
12.04122 2.90305
11.82082 2.88962
11.63788 2.86472
11.49634 2.83102
11.36303 2.77651
11.27694 2.71469
11.21389 2.63075
11.19848 2.59564
11.02627 2.66152
10.86558 2.70530
10.68380 2.73865
10.48537 2.75905
10.28147 2.76454
10.08770 2.75451
9.91781 2.73003
9.88005 2.72190
9.84288 2.89462
9.87041 2.98899
9.95651 3.04439
10.12605 3.07954
10.31493 3.09537
10.67530 3.10774
11.26693 3.11198
11.81633 3.10512
12.13536 3.09154
12.42291 3.05777
12.59571 3.00288
12.63077 2.98421
12.38364 2.99234
12.13012 2.99098
11.90042 2.98037
11.63571 2.95080
11.46190 2.91054
11.35198 2.86412
11.26647 2.79675
11.21553 2.70744
11.19848 2.59564
11.01504 2.64712
10.85208 2.67742
10.67889 2.69607
10.50322 2.70171
10.33512 2.69389
10.18381 2.67324
10.05502 2.64122
10.02661 2.63165
9.77513 3.09314
9.67300 3.13110
13.04873 3.13295
12.97087 3.05699
13.00273 2.98085
12.76710 2.99637
12.49905 3.00288
12.23083 2.99915
11.99738 2.98591
11.74112 2.95289
11.58002 2.91017
11.48105 2.86207
11.40627 2.79321
11.36423 2.70271
11.35496 2.57082
11.35866 2.53225
11.19049 2.58082
11.00719 2.61522
10.81545 2.63295
10.62673 2.63242
10.45393 2.61370
10.30664 2.57841
10.18872 2.52912
10.03151 2.76361
9.90712 2.89710
9.75779 2.99050
9.57585 3.04444
9.31561 3.07724
9.07577 3.09083
8.70651 3.09993
8.23868 3.10138
7.83256 3.09448
7.56650 3.08205
7.40386 3.06680
7.24351 3.08292
6.98110 3.09671
6.55449 3.10541
6.02498 3.10518
5.61545 3.09616
5.37311 3.08221
5.14584 3.04876
5.02636 2.99429
4.97909 2.90051
4.99900 2.74754
5.07548 2.53225
4.90542 2.56459
4.72992 2.58139
4.55785 2.58144
4.39906 2.56472
4.26121 2.53247
4.14805 2.48668
4.05965 2.42954
3.92696 2.60706
3.80019 2.74086
3.68005 2.83377
3.54443 2.90556
3.39464 2.95662
3.15985 3.00263
2.91837 3.02752
2.58284 3.04356
2.18686 3.04617
1.83338 3.03440
1.69496 3.02425
1.56477 3.08065
1.46188 3.09905
1.22378 3.11652
0.38055 3.12857
-0.72510 3.12080
-1.03158 3.10394
-1.18687 3.06705
-1.23607 2.97249
-1.17250 2.76168
-1.04883 2.48639
-1.20791 2.51573
-1.36978 2.53040
-1.52726 2.52950
-1.67273 2.51308
-1.80020 2.48216
-1.90648 2.43835
-1.99113 2.38347
-2.05554 2.31922
-2.19803 2.49792
-2.33013 2.63121
-2.44716 2.72291
-2.60007 2.81044
-2.76953 2.87550
-2.94402 2.91918
-3.18053 2.95521
-3.49220 2.97860
-3.60981 2.98254
-3.44205 3.01015
-3.18935 3.03131
-2.84457 3.04188
-2.46710 3.03855
-2.14669 3.02248
-1.91212 2.99787
-1.67952 2.95234
-1.52889 2.90165
-1.39147 2.83020
-1.26939 2.73755
-1.14068 2.60394
-1.04883 2.48639
-1.20286 2.49846
-1.35147 2.49558
-1.48818 2.47792
-1.60799 2.44644
-1.70829 2.40261
-1.80245 2.33599
-1.87009 2.25648
-1.89504 2.21254
-2.02808 2.37240
-2.16122 2.50548
-2.29762 2.61396
-2.43787 2.69919
-2.57768 2.76253
-2.75422 2.81932
-2.91916 2.85552
-3.11693 2.88378
-3.34476 2.90140
-3.50619 2.90603
-3.36732 2.95196
-3.13374 2.98990
-2.90508 3.00737
-2.62252 3.01542
-2.32314 3.01230
-2.05419 2.99872
-1.83803 2.97724
-1.60309 2.93574
-1.44081 2.88794
-1.28842 2.81905
-1.15227 2.72842
-1.02859 2.61562
-0.89575 2.46005
-1.04280 2.46897
-1.18334 2.46347
-1.31181 2.44385
-1.42412 2.41104
-1.53472 2.35620
-1.61890 2.28685
-1.67882 2.20523
-1.71754 2.11302
-1.72215 2.09670
-1.85942 2.25778
-1.99333 2.39051
-2.12522 2.49773
-2.25371 2.58153
-2.40695 2.65866
-2.55396 2.71376
-2.72854 2.76068
-2.93356 2.79638
-3.04642 2.80894
-2.92546 2.84618
-2.76552 2.87601
-2.56501 2.89580
-2.33405 2.90313
-2.09524 2.89690
-1.87281 2.87804
-1.68038 2.84894
-1.51973 2.81222
-1.34711 2.75502
-1.20970 2.69146
-1.07117 2.60607
-0.93582 2.49746
-0.89575 2.46005
-1.03232 2.45144
-1.15605 2.42901
-1.26335 2.39377
-1.36823 2.33652
-1.44743 2.26522
-1.50322 2.18198
-1.54270 2.07178
-1.55642 1.98519
-1.69779 2.14694
-1.83285 2.27869
-1.96206 2.38405
-2.10949 2.48132
-2.25142 2.55467
-2.41569 2.61883
-2.56573 2.66157
-2.73240 2.69459
-2.91216 2.71585
-2.95829 2.71912
-2.85662 2.77671
-2.70682 2.82557
-2.55568 2.85397
-2.37057 2.87289
-2.15992 2.88032
-1.94108 2.87532
-1.73314 2.85854
-1.54837 2.83183
-1.34307 2.78459
-1.17862 2.72809
-1.01514 2.64889
-0.88325 2.56325
-0.75147 2.45440
-0.88454 2.44254
-1.00392 2.41713
-1.12491 2.37032
-1.22002 2.30796
-1.29033 2.23238
-1.33842 2.14545
-1.37039 2.03141
-1.38035 1.90472
-1.37962 1.86623
-1.52351 2.02956
-1.65812 2.16110
-1.80578 2.28193
-1.94710 2.37600
-2.07844 2.44643
-2.22454 2.50798
-2.38666 2.55859
-2.56357 2.59579
-2.63743 2.60634
-2.52924 2.67264
-2.40945 2.71666
-2.25654 2.75003
-2.07264 2.77009
-1.86795 2.77479
-1.65887 2.76358
-1.46116 2.73771
-1.28397 2.69962
-1.12944 2.65195
-0.96488 2.58227
-0.82564 2.50430
-0.75147 2.45440
-0.86964 2.42554
-0.96984 2.38437
-1.06540 2.32080
-1.13545 2.24407
-1.18285 2.15611
-1.21376 2.04103
-1.22258 1.91350
-1.20979 1.75239
-1.35631 1.91670
-1.49095 2.04737
-1.63535 2.16607
-1.76979 2.25762
-1.91657 2.33844
-2.07736 2.40654
-2.22202 2.45173
-2.37449 2.48463
-2.53076 2.50367
-2.46636 2.58032
-2.36827 2.64834
-2.25930 2.69442
-2.11926 2.73072
-1.94855 2.75473
-1.75437 2.76425
-1.55060 2.75825
-1.35274 2.73739
-1.17173 2.70368
-1.01182 2.65962
-0.84042 2.59349
-0.69527 2.51824
-0.61811 2.46969
-0.73575 2.43760
-0.83414 2.39333
-0.92645 2.32634
-0.99274 2.24658
-1.03635 2.15595
-1.06308 2.03815
-1.06812 1.90820
-1.05148 1.74449
-1.03016 1.63304
-1.17865 1.79951
-1.31267 1.93021
-1.45356 2.04770
-1.60397 2.15155
-1.74211 2.22862
-1.88938 2.29314
-2.04497 2.34325
-2.20594 2.37697
-2.25993 2.38427
-2.20878 2.46051
-2.13346 2.52885
-2.02888 2.58723
-1.89115 2.63289
-1.72053 2.66266
-1.52450 2.67382
-1.31750 2.66516
-1.11553 2.63763
-0.92966 2.59382
-0.76409 2.53689
-0.61811 2.46969
-0.71709 2.42187
-0.79470 2.36358
-0.86221 2.28205
-0.90570 2.18985
-0.93139 2.07058
-0.93501 1.93961
-0.91674 1.77539
-0.87109 1.56934
-0.85746 1.51988
-1.00803 1.68782
-1.16117 1.83517
-1.30012 1.94855
-1.44563 2.04730
-1.59872 2.13037
-1.73580 2.18779
-1.87687 2.23110
-2.01919 2.25897
-2.13585 2.26965
-2.10486 2.37160
-2.04707 2.46466
-1.97251 2.53375
-1.86825 2.59297
-1.73001 2.63951
-1.55772 2.67011
-1.35884 2.68188
-1.14841 2.67353
-0.94324 2.64599
-0.75495 2.60195
-0.58783 2.54469
-0.49746 2.50523
-0.59829 2.45437
-0.67565 2.39313
-0.74113 2.30837
-0.78167 2.21337
-0.80357 2.09138
-0.80350 1.95824
-0.78142 1.79212
-0.73215 1.58461
-0.67632 1.40363
-0.82886 1.57444
-0.98131 1.72195
-1.11726 1.83402
-1.25710 1.93063
-1.40140 2.01125
-1.54961 2.07476
-1.69968 2.11971
-1.84795 2.14471
-1.88931 2.14805
-1.86331 2.26901
-1.81728 2.36318
-1.75794 2.43372
-1.67566 2.49549
-1.56727 2.54651
-1.43149 2.58441
-1.27085 2.60678
-1.09279 2.61189
-0.90834 2.59929
-0.72841 2.57004
-0.56046 2.52626
-0.49746 2.50523
-0.57624 2.44060
-0.64043 2.35211
-0.67799 2.25393
-0.69568 2.12899
-0.69139 1.99368
-0.66497 1.82599
-0.61176 1.61792
-0.51334 1.32478
-0.50233 1.29518
-0.65686 1.46801
-0.80876 1.61464
-0.96127 1.73874
-1.09652 1.82980
-1.23367 1.90433
-1.37185 1.96164
-1.50908 2.00079
-1.64234 2.02091
-1.75055 2.02260
-1.75221 2.15653
-1.73098 2.28015
-1.68920 2.37708
-1.63313 2.45032
-1.55326 2.51518
-1.44548 2.56956
-1.30738 2.61088
-1.14070 2.63637
-0.95326 2.64385
-0.75786 2.63260
-0.56764 2.60368
-0.39153 2.55947
-0.47362 2.49210
-0.52945 2.41654
-0.56925 2.31724
-0.58728 2.19149
-0.58232 2.05611
-0.55492 1.88942
-0.50118 1.68431
-0.40425 1.39908
-0.32156 1.18701
-0.47827 1.36332
-0.62972 1.51011
-0.77939 1.63243
-0.92883 1.73222
-1.05944 1.80135
-1.18896 1.85315
-1.31560 1.88707
-1.43683 1.90260
-1.51849 1.90227
-1.52944 2.06065
-1.51739 2.18765
-1.48688 2.28755
-1.43294 2.37809
-1.36608 2.44503
-1.27577 2.50254
-1.15957 2.54856
-1.01753 2.58075
-0.85372 2.59701
-0.67655 2.59607
-0.49669 2.57800
-0.39153 2.55947
-0.44825 2.48090
-0.48589 2.37861
-0.49968 2.25033
-0.48732 2.09318
-0.44728 1.90251
-0.37672 1.66978
-0.25663 1.34793
-0.14866 1.08925
-0.32648 1.28758
-0.47670 1.42963
-0.62324 1.54574
-0.76744 1.63834
-0.90908 1.70815
-1.04662 1.75509
-1.17744 1.77877
-1.29824 1.77890
-1.36710 1.76700
-1.40615 1.96177
-1.41795 2.12000
-1.40598 2.24766
-1.37417 2.34860
-1.31647 2.44041
-1.24334 2.50837
-1.14258 2.56650
-1.01074 2.61224
-0.84802 2.64268
-0.66079 2.65525
-0.46165 2.64870
-0.30361 2.63008
-0.36340 2.54917
-0.40020 2.44461
-0.41066 2.31458
-0.39396 2.15663
-0.34974 1.96663
-0.26752 1.71264
-0.13192 1.36581
0.02877 0.99671
-0.15127 1.19847
-0.30078 1.33978
-0.44466 1.45327
-0.58436 1.54214
-0.71975 1.60766
-0.84948 1.65014
-0.97133 1.66951
-1.08254 1.66568
-1.14538 1.65152
-1.19495 1.85613
-1.21772 2.02134
-1.21812 2.15464
-1.19545 2.27749
-1.15235 2.37362
-1.09522 2.44608
-1.01451 2.51003
-0.90638 2.56341
-0.76876 2.60369
-0.60368 2.62821
-0.41890 2.63493
-0.30361 2.63008
-0.33780 2.52276
-0.34247 2.39074
-0.31909 2.23201
-0.26194 2.02117
-0.16333 1.74479
0.00499 1.34106
0.19693 0.91868
0.01551 1.12138
-0.15077 1.27525
-0.29095 1.38113
-0.42539 1.46167
-0.55383 1.51839
-0.67498 1.55183
-0.78681 1.56214
-0.88696 1.54935
-0.97305 1.51342
-0.98272 1.50730
-1.06364 1.75550
-1.11288 1.95540
-1.13569 2.11870
-1.13529 2.25163
-1.11501 2.35802
-1.07003 2.45649
-1.00758 2.53115
-0.91581 2.59713
-0.78828 2.65173
-0.65778 2.68484
-0.50324 2.70644
-0.33056 2.71492
-0.24043 2.71396
-0.27316 2.60459
-0.27230 2.47134
-0.23719 2.29228
-0.16374 2.06038
-0.03629 1.73650
0.17266 1.26516
0.36660 0.85273
0.18403 1.05638
0.01915 1.20750
-0.11825 1.30940
-0.24860 1.38513
-0.37174 1.43652
-0.48651 1.46434
-0.59109 1.46888
-0.68341 1.45018
-0.76134 1.40806
-0.76997 1.40113
-0.86975 1.68750
-0.93129 1.91548
-0.95929 2.08182
-0.96472 2.21729
-0.94671 2.34344
-0.90602 2.44327
-0.84820 2.51935
-0.76218 2.58716
-0.64134 2.64413
-0.51632 2.67963
-0.36643 2.70403
-0.24043 2.71396
-0.23135 2.57986
-0.17952 2.38149
-0.07794 2.10920
0.10513 1.68957
0.45977 0.94081
0.52527 0.80626
0.34324 1.00676
0.18067 1.15246
0.03035 1.25863
-0.10966 1.33127
-0.23887 1.37291
-0.35543 1.38452
-0.45680 1.36633
-0.54016 1.31798
-0.59686 1.24873
-0.74483 1.61643
-0.83489 1.88010
-0.88617 2.07559
-0.91135 2.23750
-0.91202 2.37082
-0.88997 2.47856
-0.84877 2.56288
-0.77812 2.64074
-0.69271 2.69677
-0.57398 2.74510
-0.41587 2.78296
-0.21803 2.80705
-0.17802 2.63323
-0.06074 2.33257
0.17230 1.82484
0.68274 0.77854
0.50211 0.97448
0.34189 1.11463
0.19486 1.21466
0.05915 1.28070
-0.06475 1.31536
-0.17504 1.31962
-0.26930 1.29361
-0.34480 1.23661
-0.39376 1.15834
-0.56597 1.57216
-0.67052 1.86484
-0.73108 2.08345
-0.75866 2.24597
-0.76192 2.38010
-0.74239 2.48880
-0.70333 2.57415
-0.63439 2.65332
-0.54935 2.71057
-0.42902 2.76023
-0.26590 2.79935
-0.21803 2.80705
0.03039 2.35133
0.78135 0.86747
0.82916 0.77211
0.65191 0.95888
0.49500 1.09092
0.35178 1.18300
0.22066 1.24098
0.10228 1.26733
-0.00157 1.26293
-0.08846 1.22763
-0.15562 1.16020
-0.19973 1.05747
-0.21077 0.99879
-0.46767 1.56756
-0.60724 1.91177
-0.68979 2.15323
-0.73602 2.33784
-0.75295 2.49380
-0.74124 2.60570
-0.70480 2.69490
-0.64750 2.76260
-0.55049 2.82538
-0.43874 2.86748
-0.28044 2.90296
-0.15101 2.78966
-0.01409 2.61577
0.16094 2.33505
0.41359 1.87545
0.90515 0.92283
0.97487 0.78524
0.80145 0.96211
0.64753 1.08648
0.50734 1.17162
0.37965 1.22287
0.26527 1.24244
0.16607 1.23104
0.08452 1.18826
0.02352 1.11237
-0.01325 0.99913
-0.02038 0.93453
-0.30489 1.55296
-0.45955 1.92318
-0.55312 2.18588
-0.60606 2.38994
-0.62222 2.54525
-0.60752 2.65699
-0.56412 2.74613
-0.49436 2.81359
-0.40897 2.86067
-0.28044 2.90296
-0.14867 2.83085
-0.01123 2.71880
0.12483 2.56473
0.27867 2.34483
0.47065 2.02515
0.73810 1.53646
1.11334 0.81397
0.94466 0.97867
0.79411 1.09407
0.65709 1.17139
0.53283 1.21525
0.42237 1.22752
0.32773 1.20864
0.25144 1.15792
0.19657 1.07306
0.16730 0.94853
0.17143 0.77051
-0.31400 1.77220
-0.52825 2.24533
-0.63959 2.53061
-0.69019 2.72563
-0.68658 2.85851
-0.64436 2.93261
-0.56298 2.98640
-0.33062 2.94276
-0.17469 2.89342
-0.03009 2.82317
0.09887 2.73146
0.23405 2.59862
0.37359 2.42173
0.53667 2.17411
0.74683 1.81365
1.05819 1.23574
1.25556 0.85546
1.09073 1.00994
0.94251 1.11833
0.80731 1.18996
0.68483 1.22870
0.57633 1.23613
0.48396 1.21248
0.41035 1.15690
0.35862 1.06683
0.33317 0.93619
0.34257 0.74945
-0.24618 1.95229
-0.47155 2.44371
-0.57658 2.72008
-0.60481 2.87353
-0.57885 2.96780
-0.56298 2.98640
-0.29393 2.94898
-0.10880 2.90347
0.06152 2.83631
0.20964 2.74690
0.34081 2.63504
0.47868 2.48044
0.62484 2.27887
0.79987 1.99964
1.03339 1.58784
1.39653 0.90255
1.23522 1.04727
1.08904 1.14888
0.95536 1.21502
0.83431 1.24890
0.72740 1.25175
0.63689 1.22368
0.56549 1.16368
0.51637 1.06902
0.49406 0.93324
0.50764 0.73961
0.51676 0.63512
-0.01563 1.66740
-0.28298 2.15607
-0.47156 2.46650
-0.61425 2.66305
-0.74107 2.79668
-0.86849 2.88970
-1.02802 2.96144
-1.23287 3.01154
-0.93842 3.01548
-0.64598 3.00821
-0.39609 2.99134
-0.11941 2.95396
0.06872 2.90832
0.24009 2.84096
0.38806 2.75135
0.51860 2.63936
0.65566 2.48468
0.80099 2.28314
0.97519 2.00411
1.20776 1.59298
1.54701 0.95297
1.38755 1.09172
1.24187 1.18975
1.10800 1.25343
0.98641 1.28546
0.87882 1.28686
0.78762 1.25767
0.71553 1.19697
0.66565 1.10228
0.64221 0.96772
0.65336 0.77839
0.68180 0.63512
0.17783 1.60769
-0.08497 2.08398
-0.26454 2.37876
-0.40574 2.57778
-0.54364 2.73155
-0.65765 2.82499
-0.78398 2.89749
-0.92111 2.94950
-1.13346 2.99731
-1.23287 3.01154
-0.94404 3.02211
-0.62547 3.02104
-0.33446 3.00860
-0.10220 2.98751
0.14492 2.94593
0.31151 2.89784
0.46512 2.82857
0.60063 2.73760
0.74087 2.60541
0.88382 2.42911
1.03593 2.20339
1.23385 1.87041
1.52183 1.34285
1.70167 0.99954
1.54334 1.13394
1.39766 1.22946
1.26317 1.29154
1.14061 1.32248
1.03189 1.32313
0.93950 1.29350
0.86621 1.23279
0.81503 1.13878
0.78986 1.00624
0.79790 0.82219
0.82290 0.68546
0.35814 1.57720
0.10292 2.03611
-0.08007 2.33397
-0.22288 2.53418
-0.35977 2.68842
-0.49476 2.80038
-0.61897 2.87241
-0.74827 2.92403
-0.93635 2.97177
-1.11784 2.99960
-1.23287 3.01154
-0.95998 3.02858
-0.61979 3.03423
-0.27856 3.02681
0.00104 3.00848
0.20841 2.98295
0.42150 2.93713
0.56485 2.88653
0.69929 2.81528
0.84176 2.70400
0.96712 2.56990
1.11452 2.37135
1.28634 2.09851
1.52450 1.67727
1.86091 1.04135
1.70312 1.17287
1.55701 1.26695
1.42151 1.32830
1.29759 1.35891
1.18731 1.35951
1.09330 1.33010
1.01833 1.27001
0.96535 1.17731
0.93795 1.04744
0.94241 0.86924
0.96375 0.73929
0.52478 1.57660
0.28002 2.01298
0.10787 2.29165
-0.03529 2.49320
-0.17001 2.64811
-0.29844 2.76049
-0.44502 2.85061
-0.61742 2.91857
-0.81116 2.96469
-0.99277 2.99110
-1.23287 3.01154
-0.98746 3.03464
-0.63522 3.04747
-0.23169 3.04581
0.11401 3.03032
0.36218 3.00562
0.60139 2.95966
0.75263 2.90856
0.88872 2.83672
1.02904 2.72488
1.16665 2.57103
1.32128 2.35144
1.51349 2.03236
1.78044 1.54527
2.02504 1.07760
2.24629 0.63512
2.24629 0.63512