# sss file
-1.57080 3.14159
-1.56784 3.13568
-0.55160 1.10321
-0.55161 1.10282
-0.55171 1.10243
-0.55182 1.10204
-0.55241 1.10243
-0.55291 1.10282
-0.55370 1.10360
-0.55448 1.10476
-0.55546 1.10632
-0.55643 1.10826
-0.55740 1.11019
-0.55816 1.11213
-0.55864 1.11367
-0.55920 1.11560
-0.55947 1.11714
-0.55935 1.11829
-0.55883 1.11906
-0.55812 1.11945
-0.55703 1.11906
-0.55565 1.11829
-0.55407 1.11714
-0.55221 1.11521
-0.55006 1.11251
-0.54781 1.10942
-0.54556 1.10593
-0.54312 1.10165
-0.54088 1.09735
-0.53873 1.09265
-0.53677 1.08793
-0.53529 1.08359
-0.53411 1.07963
-0.53323 1.07565
-0.53293 1.07246
-0.53323 1.07006
-0.53433 1.06886
-0.53593 1.06846
-0.53793 1.06886
-0.54063 1.07046
-0.54373 1.07326
-0.54702 1.07645
-0.55091 1.08121
-0.55478 1.08635
-0.55893 1.09265
-0.56305 1.09970
-0.56705 1.10709
-0.57072 1.11444
-0.57407 1.12213
-0.57671 1.12901
-0.57883 1.13586
-0.58026 1.14191
-0.58089 1.14718
-0.58047 1.15094
-0.57937 1.15393
-0.57741 1.15543
-0.57461 1.15543
-0.57125 1.15431
-0.56696 1.15131
-0.56210 1.14681
-0.55698 1.14116
-0.55119 1.13358
-0.54530 1.12520
-0.53959 1.11598
-0.53376 1.10593
-0.52849 1.09579
-0.52339 1.08477
-0.51923 1.07446
-0.51573 1.06445
-0.51288 1.05476
-0.51131 1.04663
-0.51043 1.03926
-0.51085 1.03391
-0.51239 1.03019
-0.51516 1.02853
-0.51928 1.02936
-0.52433 1.03225
-0.53030 1.03720
-0.53688 1.04377
-0.54416 1.05233
-0.55182 1.06244
-0.55973 1.07406
-0.56757 1.08675
-0.57504 1.10009
-0.58194 1.11367
-0.58815 1.12711
-0.59360 1.14040
-0.59772 1.15244
-0.60071 1.16362
-0.60222 1.17323
-0.60217 1.18095
-0.60062 1.18643
-0.59784 1.19008
-0.59358 1.19117
-0.58824 1.19008
-0.58190 1.18680
-0.57429 1.18058
-0.56578 1.17176
-0.55691 1.16102
-0.54756 1.14831
-0.53818 1.13396
-0.52904 1.11868
-0.52002 1.10204
-0.51188 1.08517
-0.50463 1.06846
-0.49836 1.05192
-0.49329 1.03638
-0.48954 1.02187
-0.48746 1.00971
-0.48718 0.99997
-0.48856 0.99271
-0.49193 0.98885
-0.49700 0.98799
-0.50357 0.99014
-0.51175 0.99571
-0.52111 1.00422
-0.53171 1.01602
-0.54289 1.03019
-0.55461 1.04663
-0.56643 1.06485
-0.57789 1.08398
-0.58870 1.10360
-0.59863 1.12367
-0.60712 1.14304
-0.61399 1.16139
-0.61911 1.17802
-0.62249 1.19299
-0.62372 1.20564
-0.62304 1.21567
-0.62002 1.22244
-0.61510 1.22599
-0.60820 1.22599
-0.59970 1.22280
-0.58989 1.21639
-0.57886 1.20671
-0.56696 1.19371
-0.55432 1.17765
-0.54138 1.15916
-0.52864 1.13889
-0.51627 1.11714
-0.50451 1.09422
-0.49373 1.07086
-0.48412 1.04745
-0.47620 1.02521
-0.46981 1.00422
-0.46540 0.98541
-0.46328 0.96977
-0.46362 0.95744
-0.46642 0.94944
-0.47161 0.94542
-0.47913 0.94587
-0.48879 0.95078
-0.50023 0.95965
-0.51363 0.97326
-0.52818 0.99057
-0.54359 1.01098
-0.55935 1.03391
-0.57510 1.05881
-0.59009 1.08438
-0.60399 1.11058
-0.61641 1.13662
-0.62679 1.16139
-0.63500 1.18461
-0.64092 1.20564
-0.64441 1.22422
-0.64492 1.23905
-0.64262 1.25025
-0.63750 1.25720
-0.63016 1.26032
-0.62064 1.25928
-0.60896 1.25373
-0.59568 1.24396
-0.58104 1.22989
-0.56527 1.21174
-0.54922 1.19044
-0.53291 1.16621
-0.51682 1.13964
-0.50118 1.11097
-0.48680 1.08161
-0.47386 1.05192
-0.46225 1.02229
-0.45281 0.99442
-0.44521 0.96802
-0.44061 0.94542
-0.43861 0.92643
-0.44002 0.91264
-0.44430 0.90380
-0.45166 0.90053
-0.46183 0.90287
-0.47469 0.91078
-0.49033 0.92506
-0.50774 0.94407
-0.52681 0.96802
-0.54633 0.99485
-0.56619 1.02437
-0.58569 1.05598
-0.60396 1.08833
-0.62079 1.12098
-0.63532 1.15244
-0.64759 1.18278
-0.65675 1.21030
-0.66309 1.23518
-0.66588 1.25616
-0.66506 1.27273
-0.66095 1.28469
-0.65371 1.29183
-0.64353 1.29386
-0.63090 1.29081
-0.61575 1.28231
-0.59873 1.26826
-0.58037 1.24955
-0.56117 1.22635
-0.54155 1.19951
-0.52199 1.16917
-0.50263 1.13586
-0.48443 1.10087
-0.46753 1.06485
-0.45206 1.02811
-0.43886 0.99271
-0.42779 0.95877
-0.41960 0.92779
-0.41493 0.90146
-0.41334 0.87968
-0.41571 0.86422
-0.42156 0.85492
-0.43152 0.85344
-0.44517 0.85934
-0.46199 0.87198
-0.48169 0.89158
-0.50350 0.91679
-0.52690 0.94721
-0.55106 0.98152
-0.57486 1.01811
-0.59809 1.05679
-0.61969 1.09579
-0.63917 1.13434
-0.65588 1.17176
-0.66918 1.20635
-0.67890 1.23799
-0.68492 1.26585
-0.68676 1.28911
-0.68450 1.30700
-0.67828 1.31936
-0.66824 1.32567
-0.65490 1.32600
-0.63878 1.32036
-0.61990 1.30800
-0.59947 1.29013
-0.57730 1.26619
-0.55452 1.23764
-0.53156 1.20492
-0.50883 1.16807
-0.48673 1.12825
-0.46578 1.08635
-0.44638 1.04336
-0.42900 1.00039
-0.41386 0.95833
-0.40185 0.91909
-0.39315 0.88350
-0.38808 0.85295
-0.38718 0.82897
-0.39064 0.81209
-0.39905 0.80431
-0.41197 0.80535
-0.42919 0.81518
-0.45036 0.83351
-0.47457 0.85934
-0.50123 0.89205
-0.52924 0.93007
-0.55766 0.97152
-0.58570 1.01560
-0.61252 1.06123
-0.63715 1.10670
-0.65867 1.15094
-0.67707 1.19335
-0.69128 1.23236
-0.70129 1.26757
-0.70656 1.29791
-0.70694 1.32269
-0.70259 1.34117
-0.69384 1.35327
-0.68100 1.35880
-0.66433 1.35685
-0.64420 1.34740
-0.62175 1.33130
-0.59744 1.30867
-0.57186 1.27992
-0.54548 1.24536
-0.51930 1.20600
-0.49355 1.16250
-0.46869 1.11598
-0.44523 1.06726
-0.42344 1.01728
-0.40441 0.96802
-0.38801 0.92001
-0.37474 0.87488
-0.36526 0.83452
-0.36006 0.80013
-0.36003 0.77406
-0.36554 0.75769
-0.37650 0.75160
-0.39282 0.75603
-0.41401 0.77082
-0.43986 0.79593
-0.46914 0.82947
-0.50072 0.87005
-0.53364 0.91587
-0.56647 0.96494
-0.59842 1.01644
-0.62853 1.06886
-0.65580 1.12060
-0.67973 1.17065
-0.69923 1.21746
-0.71413 1.26067
-0.72359 1.29859
-0.72768 1.33097
-0.72633 1.35685
-0.71960 1.37559
-0.70806 1.38712
-0.69140 1.38999
-0.67100 1.38521
-0.64719 1.37238
-0.62098 1.35197
-0.59287 1.32435
-0.56380 1.28979
-0.53413 1.24885
-0.50486 1.20312
-0.47611 1.15281
-0.44855 1.09931
-0.42278 1.04336
-0.39925 0.98670
-0.37826 0.93053
-0.36012 0.87584
-0.34565 0.82490
-0.33579 0.77999
-0.33121 0.74322
-0.33199 0.71519
-0.33944 0.69928
-0.35305 0.69510
-0.37341 0.70462
-0.39978 0.72675
-0.43095 0.75989
-0.46545 0.80170
-0.50214 0.85048
-0.53997 0.90473
-0.57735 0.96230
-0.61323 1.02146
-0.64651 1.08042
-0.67618 1.13775
-0.70161 1.19262
-0.72198 1.24396
-0.73667 1.29013
-0.74558 1.33097
-0.74828 1.36496
-0.74489 1.39158
-0.73511 1.40962
-0.71982 1.41904
-0.69979 1.41998
-0.67557 1.41214
-0.64790 1.39540
-0.61770 1.36980
-0.58582 1.33624
-0.55317 1.29555
-0.52035 1.24850
-0.48794 1.19589
-0.45674 1.13889
-0.42692 1.07804
-0.39899 1.01518
-0.37321 0.95123
-0.35019 0.88779
-0.33077 0.82694
-0.31534 0.77027
-0.30491 0.72041
-0.29998 0.67936
-0.30179 0.64998
-0.31146 0.63512
-0.32941 0.63643
-0.35456 0.65253
-0.38621 0.68242
-0.42303 0.72445
-0.46877 0.78373
-0.51162 0.84403
-0.54923 0.90006
-0.60250 0.98541
-0.64005 1.05030
-0.67865 1.12290
-0.70817 1.18534
-0.72735 1.23130
-0.74518 1.28197
-0.75588 1.32235
-0.76073 1.35066
-0.76248 1.37656
-0.75962 1.40363
-0.75262 1.42123
-0.74233 1.43245
-0.73241 1.43742
-0.71964 1.43927
-0.94517 1.89034
-0.94215 1.89009
-0.93895 1.89009
-0.93685 1.89009
-0.93377 1.88934
-0.94572 1.91365
-0.96104 1.94467
-0.97609 1.97537
-0.99096 2.00552
-1.00571 2.03563
-1.02033 2.06545
-1.03471 2.09501
-1.04906 2.12433
-1.06330 2.15340
-1.07721 2.18202
-1.09113 2.21066
-1.10494 2.23909
-1.11856 2.26733
-1.13219 2.29538
-1.14563 2.32325
-1.15887 2.35074
-1.17205 2.37829
-1.18514 2.40569
-1.18779 2.41137
-1.17148 2.39036
-1.15008 2.36376
-1.14595 2.35869
-1.13568 2.33635
-1.12278 2.30856
-1.10969 2.28059
-1.09662 2.25244
-1.08336 2.22433
-1.06990 2.19579
-1.05632 2.16705
-1.04254 2.13808
-1.02864 2.10888
-1.01464 2.07967
-1.00039 2.04998
-0.98600 2.02001
-0.97148 1.98976
-0.95670 1.95920
-0.94189 1.92858
-0.92679 1.89738
-0.92287 1.88934
-0.91207 1.88934
-0.91576 1.89713
-0.93054 1.92808
-0.94518 1.95896
-0.95966 1.98951
-0.97388 2.01977
-0.98795 2.04950
-1.00180 2.07920
-1.01562 2.10865
-1.02912 2.13785
-1.04249 2.16659
-1.05567 2.19533
-1.06874 2.22387
-1.08161 2.25221
-1.09427 2.28014
-1.10676 2.30811
-1.11092 2.31725
-1.09530 2.29940
-1.07977 2.28194
-1.07565 2.27250
-1.06335 2.24430
-1.05097 2.21613
-1.03817 2.18754
-1.02526 2.15873
-1.01236 2.12993
-0.99903 2.10066
-0.98557 2.07115
-0.97201 2.04161
-0.95818 2.01157
-0.94412 1.98123
-0.92980 1.95059
-0.91544 1.91988
-0.90117 1.88934
-0.90057 1.88934
-0.89027 1.88934
-0.89783 1.90565
-0.91208 1.93676
-0.92617 1.96754
-0.93999 1.99777
-0.95367 2.02795
-0.96700 2.05760
-0.98022 2.08724
-0.99331 2.11661
-1.00596 2.14552
-1.01861 2.17443
-1.03094 2.20289
-1.04309 2.23138
-1.05132 2.25063
-1.04374 2.24249
-1.02495 2.22251
-1.02227 2.21613
-1.01037 2.18754
-0.99838 2.15896
-0.98596 2.12993
-0.97345 2.10090
-0.96059 2.07139
-0.94773 2.04185
-0.93440 2.01181
-0.92106 1.98172
-0.90724 1.95108
-0.89349 1.92038
-0.87937 1.88934
-0.87917 1.88934
-0.86847 1.88934
-0.87547 1.90515
-0.88921 1.93602
-0.90280 1.96681
-0.91602 1.99704
-0.92911 2.02723
-0.94184 2.05689
-0.95445 2.08629
-0.96684 2.11568
-0.97879 2.14459
-0.99064 2.17327
-1.00004 2.19648
-0.99522 2.19144
-0.97648 2.17235
-0.97370 2.16520
-0.96201 2.13622
-0.95032 2.10724
-0.93831 2.07802
-0.92597 2.04854
-0.91350 2.01880
-0.90057 1.98854
-0.88751 1.95822
-0.87429 1.92759
-0.86059 1.89638
-0.85757 1.88934
-0.84657 1.88934
-0.85034 1.89788
-0.86361 1.92883
-0.87662 1.95945
-0.88938 1.98976
-0.90178 2.01977
-0.91405 2.04950
-0.92598 2.07896
-0.93769 2.10818
-0.94907 2.13715
-0.95393 2.14946
-0.93921 2.13482
-0.93233 2.12806
-0.92430 2.10700
-0.91289 2.07778
-0.90125 2.04831
-0.88928 2.01856
-0.87707 1.98854
-0.86461 1.95822
-0.85179 1.92759
-0.83881 1.89663
-0.83567 1.88934
-0.82477 1.88934
-0.82822 1.89763
-0.84099 1.92858
-0.85350 1.95920
-0.86553 1.98927
-0.87754 2.01929
-0.88911 2.04902
-0.90045 2.07849
-0.91144 2.10747
-0.91144 2.10747
-0.89127 2.08794
-0.88888 2.08157
-0.87798 2.05236
-0.86673 2.02266
-0.85514 1.99267
-0.84332 1.96264
-0.83113 1.93205
-0.81857 1.90114
-0.81377 1.88934
-0.80277 1.88934
-0.80423 1.89286
-0.81641 1.92361
-0.82844 1.95428
-0.84010 1.98440
-0.85153 2.01446
-0.86250 2.04400
-0.87173 2.06925
-0.86816 2.06593
-0.85258 2.05117
-0.84841 2.03922
-0.83762 2.00963
-0.82658 1.97977
-0.81520 1.94961
-0.80334 1.91888
-0.79177 1.88934
-0.79087 1.88934
-0.78077 1.88934
-0.78715 1.90590
-0.79876 1.93651
-0.81000 1.96681
-0.82100 1.99680
-0.83155 2.02650
-0.83417 2.03395
-0.81606 2.01712
-0.81541 2.01543
-0.80513 1.98586
-0.79438 1.95576
-0.78318 1.92535
-0.77171 1.89462
-0.76977 1.88934
-0.75867 1.88934
-0.76227 1.89914
-0.77351 1.92982
-0.78417 1.95994
-0.79470 1.99000
-0.79836 2.00092
-0.78195 1.98611
-0.78119 1.98537
-0.77123 1.95625
-0.76075 1.92610
-0.74991 1.89562
-0.74757 1.88934
-0.73647 1.88934
-0.73957 1.89813
-0.75019 1.92858
-0.76036 1.95871
-0.76410 1.96999
-0.74763 1.95527
-0.74753 1.95527
-0.73768 1.92535
-0.72723 1.89487
-0.72537 1.88934
-0.71417 1.88934
-0.71732 1.89863
-0.72731 1.92883
-0.73131 1.94121
-0.71579 1.92759
-0.71525 1.92709
-0.70569 1.89738
-0.70307 1.88934
-0.69177 1.88934
-0.69396 1.89612
-0.70012 1.91564
-0.69073 1.90965
-0.68605 1.90690
-0.68057 1.88934
-0.67527 1.88934
-0.66927 1.88934
-0.67244 1.89989
-0.66284 1.89587
-0.63852 1.88984
-0.61732 1.89085
-0.60034 1.89889
-0.59914 1.89989
-0.59177 1.88934
-0.58047 1.88934
-0.58152 1.89085
-0.59255 1.90690
-0.58772 1.91465
-0.58722 1.91564
-0.56917 1.88934
-0.56777 1.88934
-0.55797 1.88934
-0.56928 1.90615
-0.58355 1.92709
-0.58264 1.93429
-0.58161 1.94121
-0.56736 1.92013
-0.54712 1.88984
-0.54677 1.88934
-0.53567 1.88934
-0.54502 1.90365
-0.56522 1.93404
-0.57943 1.95527
-0.57847 1.96215
-0.57750 1.96999
-0.56425 1.95010
-0.54434 1.91988
-0.52447 1.88934
-0.52447 1.88934
-0.51337 1.88934
-0.52300 1.90440
-0.54269 1.93478
-0.56232 1.96485
-0.57589 1.98537
-0.57506 1.99292
-0.57426 2.00092
-0.56132 1.98123
-0.54187 1.95133
-0.52234 1.92087
-0.50297 1.89034
-0.50237 1.88934
-0.49127 1.88934
-0.50022 1.90365
-0.51944 1.93429
-0.53858 1.96436
-0.55789 1.99437
-0.57276 2.01712
-0.57235 2.02290
-0.57147 2.03395
-0.56102 2.01784
-0.54205 1.98830
-0.52301 1.95822
-0.50402 1.92784
-0.48494 1.89688
-0.48027 1.88934
-0.46927 1.88934
-0.47384 1.89688
-0.49272 1.92784
-0.51151 1.95822
-0.53025 1.98830
-0.54904 2.01808
-0.56789 2.04759
-0.57018 2.05117
-0.56923 2.06925
-0.56649 2.06498
-0.54791 2.03563
-0.52928 2.00577
-0.51073 1.97586
-0.49211 1.94541
-0.47355 1.91489
-0.45827 1.88934
-0.45437 1.88934
-0.44727 1.88934
-0.45958 1.91015
-0.47798 1.94097
-0.49621 1.97122
-0.51460 2.00141
-0.53295 2.03131
-0.55125 2.06070
-0.56837 2.08794
-0.56830 2.08959
-0.56774 2.10747
-0.56263 2.09925
-0.54448 2.06996
-0.52631 2.04042
-0.50832 2.01084
-0.49027 1.98074
-0.47217 1.95035
-0.45402 1.91963
-0.43627 1.88934
-0.43577 1.88934
-0.42537 1.88934
-0.43473 1.90565
-0.45266 1.93651
-0.47053 1.96705
-0.48834 1.99729
-0.50611 2.02723
-0.52394 2.05689
-0.54163 2.08605
-0.55950 2.11521
-0.56743 2.12806
-0.56733 2.14227
-0.56723 2.14946
-0.55470 2.12900
-0.53718 2.09996
-0.51964 2.07067
-0.50217 2.04113
-0.48454 2.01108
-0.46699 1.98099
-0.44940 1.95059
-0.43184 1.91988
-0.41437 1.88934
-0.41397 1.88934
-0.40347 1.88934
-0.41250 1.90540
-0.43006 1.93651
-0.44733 1.96705
-0.46464 1.99729
-0.48191 2.02723
-0.49926 2.05713
-0.51636 2.08653
-0.53364 2.11568
-0.55079 2.14459
-0.56748 2.17235
-0.56754 2.17327
-0.56814 2.19648
-0.56647 2.19373
-0.54950 2.16520
-0.53251 2.13622
-0.51562 2.10724
-0.49881 2.07802
-0.48175 2.04831
-0.46488 2.01856
-0.44775 1.98830
-0.43069 1.95797
-0.41367 1.92734
-0.39636 1.89612
-0.39257 1.88934
-0.38167 1.88934
-0.38647 1.89813
-0.40356 1.92933
-0.42037 1.95994
-0.43724 1.99048
-0.45394 2.02049
-0.47063 2.05045
-0.48726 2.07991
-0.50387 2.10935
-0.52046 2.13831
-0.53714 2.16728
-0.55360 2.19579
-0.56925 2.22251
-0.56935 2.22410
-0.57109 2.25018
-0.57102 2.25063
-0.55520 2.22319
-0.53892 2.19465
-0.52276 2.16612
-0.50647 2.13715
-0.49029 2.10818
-0.47396 2.07873
-0.45773 2.04926
-0.44124 2.01929
-0.42471 1.98903
-0.40826 1.95871
-0.39152 1.92784
-0.37471 1.89663
-0.37077 1.88934
-0.35987 1.88934
-0.36432 1.89763
-0.38081 1.92883
-0.39722 1.95945
-0.41350 1.99000
-0.42972 2.02025
-0.44579 2.04998
-0.46194 2.07967
-0.47796 2.10912
-0.49374 2.13808
-0.50972 2.16705
-0.52560 2.19579
-0.54135 2.22410
-0.55722 2.25244
-0.57309 2.28059
-0.57387 2.28194
-0.57670 2.30700
-0.57802 2.31725
-0.56854 2.30007
-0.55313 2.27205
-0.53784 2.24407
-0.52234 2.21568
-0.50684 2.18708
-0.49133 2.15826
-0.47583 2.12946
-0.46020 2.10019
-0.44454 2.07067
-0.42875 2.04090
-0.41294 2.01108
-0.39697 1.98074
-0.38085 1.95010
-0.36457 1.91913
-0.34897 1.88934
-0.34807 1.88934
-0.33807 1.88934
-0.34690 1.90640
-0.36295 1.93750
-0.37872 1.96803
-0.39455 1.99850
-0.41013 2.02867
-0.42568 2.05856
-0.44109 2.08818
-0.45636 2.11731
-0.47162 2.14645
-0.48677 2.17535
-0.50192 2.20403
-0.51696 2.23251
-0.53188 2.26057
-0.54683 2.28866
-0.56179 2.31658
-0.57666 2.34433
-0.58445 2.35869
-0.58674 2.37147
-0.59222 2.39803
-0.59519 2.41137
-0.58811 2.39781
-0.57379 2.37037
-0.55949 2.34278
-0.54522 2.31524
-0.53076 2.28732
-0.51621 2.25921
-0.50166 2.23092
-0.48702 2.20243
-0.47227 2.17374
-0.45753 2.14505
-0.44266 2.11591
-0.42756 2.08653
-0.41244 2.05689
-0.39719 2.02699
-0.38190 1.99680
-0.36648 1.96656
-0.35079 1.93577
-0.33502 1.90465
-0.32727 1.88934
-0.31667 1.88934
-0.31705 1.89009
-0.52806 2.31212
-0.47636 2.31212
-0.42836 2.31212
-0.37396 2.31212
-0.34086 2.31212
-0.31256 2.31212
-0.30292 2.27565
-0.29353 2.24226
-0.28427 2.21134
-0.27131 2.16982
-0.25996 2.13552
-0.25044 2.10747
-0.27131 2.16982
-0.28902 2.22683
-0.30292 2.27565
-0.31256 2.31212
-0.27616 2.31212
-0.25226 2.31212
-0.21526 2.31212
-0.23392 2.35185
-0.25563 2.39825
-0.27135 2.43229
-0.29675 2.48770
-0.31202 2.52163
-0.32462 2.54984
-0.30444 2.50469
-0.28849 2.46958
-0.26355 2.41530
-0.24845 2.38290
-0.23392 2.35185
-0.21526 2.31212
-0.17436 2.31212
-0.12906 2.31212
-0.09136 2.31212
-0.04486 2.31212
-0.00256 2.31212
0.03864 2.31212
0.10054 2.31212
0.31193 1.88934
-0.10555 2.72430
-0.14235 2.72430
-0.20895 2.72430
-0.27795 2.72430
-0.36385 2.72430
-0.44885 2.72430
-0.53485 2.72430
-0.63705 2.72430
-0.71365 2.72430
-0.73276 2.72451
-0.72883 2.71367
-0.68203 2.71367
-0.60413 2.71367
-0.51613 2.71367
-0.39383 2.71367
-0.32693 2.71367
-0.21933 2.71367
-0.15113 2.71367
-0.10023 2.71367
-0.09376 2.70071
-0.14886 2.70071
-0.21726 2.70071
-0.30296 2.70071
-0.38086 2.70071
-0.45706 2.70071
-0.53036 2.70071
-0.61906 2.70071
-0.68976 2.70071
-0.72256 2.70071
-0.71577 2.68754
-0.70907 2.68754
-0.63157 2.68754
-0.55787 2.68754
-0.48647 2.68754
-0.41017 2.68754
-0.33777 2.68754
-0.27847 2.68754
-0.22127 2.68754
-0.16507 2.68754
-0.11917 2.68754
-0.08717 2.68754
0.31193 1.88934
0.26143 1.88934
0.20823 1.88934
0.15513 1.88934
0.10191 1.97537
0.02862 2.08936
0.12307 1.94146
0.15513 1.88934
0.09303 1.88934
0.03043 1.88934
-0.03877 1.88934
-0.09337 1.88934
-0.15057 1.88934
-0.21057 1.88934
-0.27027 1.88934
-0.31637 1.88934
-0.39603 2.04807
-0.44812 2.15224
-0.49517 2.24634
-0.52806 2.31212
-0.55983 2.37565
-0.61757 2.49114
-0.67273 2.60146
-0.71577 2.68754
-0.74924 2.75449
-0.76015 2.77629
-0.87515 2.77629
-0.99715 2.77629
-1.14055 2.77629
-1.25215 2.77629
-1.38815 2.77629
-1.35008 2.71095
-1.32215 2.65250
-1.25619 2.52698
-1.18779 2.41137
-1.11092 2.31725
-1.05132 2.25063
-1.00004 2.19648
-0.95393 2.14946
-0.91144 2.10747
-0.87173 2.06925
-0.83417 2.03395
-0.79836 2.00092
-0.76410 1.96999
-0.73131 1.94121
-0.70012 1.91564
-0.67244 1.89989
-0.65045 1.89210
-0.63187 1.88934
-0.61777 1.88934
-0.59914 1.89989
-0.58722 1.91564
-0.58161 1.94121
-0.57750 1.96999
-0.57426 2.00092
-0.57147 2.03395
-0.56923 2.06925
-0.56774 2.10747
-0.56723 2.14946
-0.56814 2.19648
-0.57102 2.25063
-0.57802 2.31725
-0.59519 2.41137
-0.60019 2.43577
-0.62909 2.50018
-0.67306 2.58811
-0.71189 2.66679
-0.92362 3.13343
-0.31093 3.13507
-0.31012 3.13343
0.70500 1.10321
0.70499 1.10282
0.70489 1.10243
0.70478 1.10204
0.70419 1.10243
0.70369 1.10282
0.70300 1.10360
0.70212 1.10476
0.70124 1.10632
0.70017 1.10826
0.69930 1.11019
0.69844 1.11213
0.69796 1.11367
0.69740 1.11560
0.69723 1.11714
0.69735 1.11829
0.69777 1.11906
0.69848 1.11945
0.69967 1.11906
0.70105 1.11829
0.70253 1.11714
0.70439 1.11521
0.70654 1.11251
0.70879 1.10942
0.71104 1.10593
0.71348 1.10165
0.71572 1.09735
0.71787 1.09265
0.71983 1.08793
0.72141 1.08359
0.72249 1.07963
0.72337 1.07565
0.72367 1.07246
0.72337 1.07006
0.72227 1.06886
0.72067 1.06846
0.71867 1.06886
0.71607 1.07046
0.71287 1.07326
0.70958 1.07645
0.70569 1.08121
0.70192 1.08635
0.69777 1.09265
0.69355 1.09970
0.68955 1.10709
0.68598 1.11444
0.68253 1.12213
0.67999 1.12901
0.67777 1.13586
0.67634 1.14191
0.67571 1.14718
0.67623 1.15094
0.67723 1.15393
0.67929 1.15543
0.68209 1.15543
0.68545 1.15431
0.68964 1.15131
0.69450 1.14681
0.69972 1.14116
0.70551 1.13358
0.71130 1.12520
0.71711 1.11598
0.72284 1.10593
0.72811 1.09579
0.73321 1.08477
0.73737 1.07446
0.74087 1.06445
0.74372 1.05476
0.74539 1.04663
0.74627 1.03926
0.74575 1.03391
0.74421 1.03019
0.74144 1.02853
0.73742 1.02936
0.73227 1.03225
0.72630 1.03720
0.71972 1.04377
0.71244 1.05233
0.70478 1.06244
0.69687 1.07406
0.68913 1.08675
0.68166 1.10009
0.67466 1.11367
0.66845 1.12711
0.66310 1.14040
0.65898 1.15244
0.65599 1.16362
0.65448 1.17323
0.65443 1.18095
0.65598 1.18643
0.65876 1.19008
0.66302 1.19117
0.66836 1.19008
0.67480 1.18680
0.68241 1.18058
0.69082 1.17176
0.69979 1.16102
0.70904 1.14831
0.71842 1.13396
0.72756 1.11868
0.73658 1.10204
0.74482 1.08517
0.75197 1.06846
0.75824 1.05192
0.76331 1.03638
0.76716 1.02187
0.76914 1.00971
0.76942 0.99997
0.76804 0.99271
0.76467 0.98885
0.75960 0.98799
0.75303 0.99014
0.74495 0.99571
0.73559 1.00422
0.72499 1.01602
0.71371 1.03019
0.70199 1.04663
0.69017 1.06485
0.67871 1.08398
0.66790 1.10360
0.65797 1.12367
0.64948 1.14304
0.64261 1.16139
0.63749 1.17802
0.63421 1.19299
0.63288 1.20564
0.63366 1.21567
0.63658 1.22244
0.64160 1.22599
0.64850 1.22599
0.65690 1.22280
0.66681 1.21639
0.67774 1.20671
0.68974 1.19371
0.70238 1.17765
0.71522 1.15916
0.72806 1.13889
0.74043 1.11714
0.75219 1.09422
0.76287 1.07086
0.77248 1.04745
0.78050 1.02521
0.78679 1.00422
0.79120 0.98541
0.79332 0.96977
0.79308 0.95744
0.79018 0.94944
0.78499 0.94542
0.77747 0.94587
0.76781 0.95078
0.75637 0.95965
0.74307 0.97326
0.72842 0.99057
0.71301 1.01098
0.69725 1.03391
0.68150 1.05881
0.66661 1.08438
0.65271 1.11058
0.64029 1.13662
0.62991 1.16139
0.62160 1.18461
0.61568 1.20564
0.61219 1.22422
0.61178 1.23905
0.61398 1.25025
0.61910 1.25720
0.62644 1.26032
0.63606 1.25928
0.64764 1.25373
0.66092 1.24396
0.67566 1.22989
0.69133 1.21174
0.70748 1.19044
0.72379 1.16621
0.73978 1.13964
0.75542 1.11097
0.76980 1.08161
0.78284 1.05192
0.79435 1.02229
0.80379 0.99442
0.81139 0.96802
0.81609 0.94542
0.81799 0.92643
0.81668 0.91264
0.81240 0.90380
0.80504 0.90053
0.79487 0.90287
0.78201 0.91078
0.76637 0.92506
0.74896 0.94407
0.72989 0.96802
0.71027 0.99485
0.69051 1.02437
0.67101 1.05598
0.65264 1.08833
0.63581 1.12098
0.62128 1.15244
0.60911 1.18278
0.59985 1.21030
0.59361 1.23518
0.59082 1.25616
0.59154 1.27273
0.59565 1.28469
0.60289 1.29183
0.61307 1.29386
0.62580 1.29081
0.64085 1.28231
0.65797 1.26826
0.67623 1.24955
0.69553 1.22635
0.71505 1.19951
0.73471 1.16917
0.75397 1.13586
0.77217 1.10087
0.78907 1.06485
0.80454 1.02811
0.81784 0.99271
0.82881 0.95877
0.83700 0.92779
0.84177 0.90146
0.84326 0.87968
0.84099 0.86422
0.83514 0.85492
0.82508 0.85344
0.81143 0.85934
0.79471 0.87198
0.77491 0.89158
0.75310 0.91679
0.72970 0.94721
0.70564 0.98152
0.68184 1.01811
0.65861 1.05679
0.63691 1.09579
0.61753 1.13434
0.60072 1.17176
0.58752 1.20635
0.57770 1.23799
0.57178 1.26585
0.56984 1.28911
0.57210 1.30700
0.57842 1.31936
0.58836 1.32567
0.60170 1.32600
0.61782 1.32036
0.63670 1.30800
0.65723 1.29013
0.67940 1.26619
0.70218 1.23764
0.72504 1.20492
0.74787 1.16807
0.76987 1.12825
0.79082 1.08635
0.81022 1.04336
0.82770 1.00039
0.84284 0.95833
0.85475 0.91909
0.86355 0.88350
0.86852 0.85295
0.86942 0.82897
0.86606 0.81209
0.85765 0.80431
0.84463 0.80535
0.82741 0.81518
0.80634 0.83351
0.78213 0.85934
0.75547 0.89205
0.72736 0.93007
0.69894 0.97152
0.67100 1.01560
0.64408 1.06123
0.61955 1.10670
0.59793 1.15094
0.57963 1.19335
0.56532 1.23236
0.55531 1.26757
0.55004 1.29791
0.54966 1.32269
0.55401 1.34117
0.56286 1.35327
0.57560 1.35880
0.59237 1.35685
0.61240 1.34740
0.63495 1.33130
0.65926 1.30867
0.68484 1.27992
0.71112 1.24536
0.73730 1.20600
0.76315 1.16250
0.78791 1.11598
0.81147 1.06726
0.83316 1.01728
0.85219 0.96802
0.86859 0.92001
0.88196 0.87488
0.89134 0.83452
0.89654 0.80013
0.89657 0.77406
0.89116 0.75769
0.88020 0.75160
0.86388 0.75603
0.84259 0.77082
0.81674 0.79593
0.78756 0.82947
0.75588 0.87005
0.72296 0.91587
0.69023 0.96494
0.65828 1.01644
0.62817 1.06886
0.60080 1.12060
0.57697 1.17065
0.55737 1.21746
0.54257 1.26067
0.53311 1.29859
0.52902 1.33097
0.53027 1.35685
0.53700 1.37559
0.54864 1.38712
0.56520 1.38999
0.58560 1.38521
0.60941 1.37238
0.63572 1.35197
0.66373 1.32435
0.69280 1.28979
0.72247 1.24885
0.75184 1.20312
0.78059 1.15281
0.80805 1.09931
0.83382 1.04336
0.85745 0.98670
0.87834 0.93053
0.89658 0.87584
0.91105 0.82490
0.92091 0.77999
0.92539 0.74322
0.92461 0.71519
0.91716 0.69928
0.90365 0.69510
0.88319 0.70462
0.85692 0.72675
0.82575 0.75989
0.79115 0.80170
0.75446 0.85048
0.71663 0.90473
0.67935 0.96230
0.64337 1.02146
0.61009 1.08042
0.58042 1.13775
0.55499 1.19262
0.53462 1.24396
0.52003 1.29013
0.51102 1.33097
0.50832 1.36496
0.51181 1.39158
0.52149 1.40962
0.53678 1.41904
0.55691 1.41998
0.58103 1.41214
0.60870 1.39540
0.63890 1.36980
0.67078 1.33624
0.70343 1.29555
0.73625 1.24850
0.76866 1.19589
0.79986 1.13889
0.82978 1.07804
0.85761 1.01518
0.88339 0.95123
0.90641 0.88779
0.92583 0.82694
0.94126 0.77027
0.95169 0.72041
0.95662 0.67936
0.95481 0.64998
0.94514 0.63512
0.92729 0.63643
0.90204 0.65253
0.87039 0.68242
0.83357 0.72445
0.78793 0.78373
0.74498 0.84403
0.70747 0.90006
0.65410 0.98541
0.61655 1.05030
0.57805 1.12290
0.54843 1.18534
0.52925 1.23130
0.51152 1.28197
0.50082 1.32235
0.49587 1.35066
0.49412 1.37656
0.49698 1.40363
0.50408 1.42123
0.51427 1.43245
0.52419 1.43742
0.53696 1.43927
0.31143 1.89034
0.31445 1.89009
0.31775 1.89009
0.31975 1.89009
0.32283 1.88934
0.31088 1.91365
0.29566 1.94467
0.28051 1.97537
0.26574 2.00552
0.25099 2.03563
0.23637 2.06545
0.22189 2.09501
0.20754 2.12433
0.19340 2.15340
0.17939 2.18202
0.16547 2.21066
0.15176 2.23909
0.13804 2.26733
0.12451 2.29538
0.11107 2.32325
0.09783 2.35074
0.08465 2.37829
0.07156 2.40569
0.06881 2.41137
0.08512 2.39036
0.10652 2.36376
0.11075 2.35869
0.12102 2.33635
0.13392 2.30856
0.14691 2.28059
0.16008 2.25244
0.17324 2.22433
0.18670 2.19579
0.20038 2.16705
0.21406 2.13808
0.22806 2.10888
0.24196 2.07967
0.25621 2.04998
0.27060 2.02001
0.28512 1.98976
0.29990 1.95920
0.31471 1.92858
0.32981 1.89738
0.33373 1.88934
0.34463 1.88934
0.34084 1.89713
0.32616 1.92808
0.31142 1.95896
0.29694 1.98951
0.28272 2.01977
0.26875 2.04950
0.25480 2.07920
0.24108 2.10865
0.22748 2.13785
0.21421 2.16659
0.20093 2.19533
0.18786 2.22387
0.17499 2.25221
0.16243 2.28014
0.14984 2.30811
0.14578 2.31725
0.16140 2.29940
0.17693 2.28194
0.18095 2.27250
0.19335 2.24430
0.20573 2.21613
0.21843 2.18754
0.23134 2.15873
0.24434 2.12993
0.25757 2.10066
0.27113 2.07115
0.28459 2.04161
0.29852 2.01157
0.31258 1.98123
0.32680 1.95059
0.34116 1.91988
0.35553 1.88934
0.35603 1.88934
0.36643 1.88934
0.35887 1.90565
0.34452 1.93676
0.33043 1.96754
0.31671 1.99777
0.30303 2.02795
0.28970 2.05760
0.27638 2.08724
0.26339 2.11661
0.25064 2.14552
0.23799 2.17443
0.22576 2.20289
0.21351 2.23138
0.20538 2.25063
0.21296 2.24249
0.23175 2.22251
0.23433 2.21613
0.24623 2.18754
0.25832 2.15896
0.27074 2.12993
0.28315 2.10090
0.29601 2.07139
0.30897 2.04185
0.32220 2.01181
0.33564 1.98172
0.34936 1.95108
0.36321 1.92038
0.37723 1.88934
0.37743 1.88934
0.38823 1.88934
0.38113 1.90515
0.36739 1.93602
0.35380 1.96681
0.34058 1.99704
0.32749 2.02723
0.31476 2.05689
0.30225 2.08629
0.28986 2.11568
0.27781 2.14459
0.26606 2.17327
0.25656 2.19648
0.26138 2.19144
0.28012 2.17235
0.28300 2.16520
0.29459 2.13622
0.30638 2.10724
0.31839 2.07802
0.33063 2.04854
0.34320 2.01880
0.35603 1.98854
0.36909 1.95822
0.38231 1.92759
0.39601 1.89638
0.39913 1.88934
0.41003 1.88934
0.40636 1.89788
0.39309 1.92883
0.38008 1.95945
0.36732 1.98976
0.35482 2.01977
0.34255 2.04950
0.33062 2.07896
0.31891 2.10818
0.30753 2.13715
0.30277 2.14946
0.31739 2.13482
0.32427 2.12806
0.33240 2.10700
0.34371 2.07778
0.35545 2.04831
0.36732 2.01856
0.37953 1.98854
0.39209 1.95822
0.40481 1.92759
0.41789 1.89663
0.42093 1.88934
0.43193 1.88934
0.42848 1.89763
0.41571 1.92858
0.40320 1.95920
0.39107 1.98927
0.37916 2.01929
0.36749 2.04902
0.35615 2.07849
0.34526 2.10747
0.34526 2.10747
0.36543 2.08794
0.36772 2.08157
0.37862 2.05236
0.38997 2.02266
0.40156 1.99267
0.41338 1.96264
0.42557 1.93205
0.43803 1.90114
0.44283 1.88934
0.45383 1.88934
0.45247 1.89286
0.44019 1.92361
0.42816 1.95428
0.41660 1.98440
0.40517 2.01446
0.39420 2.04400
0.38497 2.06925
0.38854 2.06593
0.40402 2.05117
0.40829 2.03922
0.41898 2.00963
0.43012 1.97977
0.44150 1.94961
0.45326 1.91888
0.46483 1.88934
0.46573 1.88934
0.47583 1.88934
0.46945 1.90590
0.45794 1.93651
0.44660 1.96681
0.43570 1.99680
0.42505 2.02650
0.42243 2.03395
0.44064 2.01712
0.44119 2.01543
0.45147 1.98586
0.46232 1.95576
0.47342 1.92535
0.48489 1.89462
0.48693 1.88934
0.49793 1.88934
0.49433 1.89914
0.48319 1.92982
0.47243 1.95994
0.46200 1.99000
0.45824 2.00092
0.47465 1.98611
0.47551 1.98537
0.48537 1.95625
0.49585 1.92610
0.50679 1.89562
0.50903 1.88934
0.52013 1.88934
0.51703 1.89813
0.50641 1.92858
0.49624 1.95871
0.49250 1.96999
0.50897 1.95527
0.50907 1.95527
0.51902 1.92535
0.52937 1.89487
0.53123 1.88934
0.54243 1.88934
0.53928 1.89863
0.52929 1.92883
0.52529 1.94121
0.54091 1.92759
0.54135 1.92709
0.55101 1.89738
0.55363 1.88934
0.56483 1.88934
0.56264 1.89612
0.55648 1.91564
0.56587 1.90965
0.57065 1.90690
0.57613 1.88934
0.58133 1.88934
0.58733 1.88934
0.58416 1.89989
0.59386 1.89587
0.61818 1.88984
0.63928 1.89085
0.65636 1.89889
0.65756 1.89989
0.66493 1.88934
0.67613 1.88934
0.67518 1.89085
0.66405 1.90690
0.66888 1.91465
0.66948 1.91564
0.68743 1.88934
0.68893 1.88934
0.69863 1.88934
0.68732 1.90615
0.67315 1.92709
0.67406 1.93429
0.67509 1.94121
0.68924 1.92013
0.70948 1.88984
0.70983 1.88934
0.72103 1.88934
0.71158 1.90365
0.69148 1.93404
0.67727 1.95527
0.67813 1.96215
0.67910 1.96999
0.69235 1.95010
0.71226 1.91988
0.73213 1.88934
0.73213 1.88934
0.74323 1.88934
0.73360 1.90440
0.71391 1.93478
0.69428 1.96485
0.68071 1.98537
0.68154 1.99292
0.68244 2.00092
0.69538 1.98123
0.71483 1.95133
0.73426 1.92087
0.75373 1.89034
0.75433 1.88934
0.76533 1.88934
0.75648 1.90365
0.73716 1.93429
0.71802 1.96436
0.69871 1.99437
0.68384 2.01712
0.68425 2.02290
0.68513 2.03395
0.69558 2.01784
0.71455 1.98830
0.73359 1.95822
0.75258 1.92784
0.77176 1.89688
0.77643 1.88934
0.78743 1.88934
0.78286 1.89688
0.76388 1.92784
0.74519 1.95822
0.72635 1.98830
0.70756 2.01808
0.68871 2.04759
0.68642 2.05117
0.68737 2.06925
0.69011 2.06498
0.70869 2.03563
0.72742 2.00577
0.74587 1.97586
0.76449 1.94541
0.78305 1.91489
0.79843 1.88934
0.80223 1.88934
0.80943 1.88934
0.79702 1.91015
0.77862 1.94097
0.76039 1.97122
0.74210 2.00141
0.72365 2.03131
0.70535 2.06070
0.68823 2.08794
0.68830 2.08959
0.68886 2.10747
0.69407 2.09925
0.71222 2.06996
0.73029 2.04042
0.74828 2.01084
0.76643 1.98074
0.78453 1.95035
0.80258 1.91963
0.82033 1.88934
0.82083 1.88934
0.83133 1.88934
0.82187 1.90565
0.80404 1.93651
0.78617 1.96705
0.76836 1.99729
0.75049 2.02723
0.73276 2.05689
0.71497 2.08605
0.69720 2.11521
0.68927 2.12806
0.68937 2.14227
0.68937 2.14946
0.70190 2.12900
0.71942 2.09996
0.73696 2.07067
0.75443 2.04113
0.77206 2.01108
0.78961 1.98099
0.80720 1.95059
0.82486 1.91988
0.84223 1.88934
0.84263 1.88934
0.85313 1.88934
0.84410 1.90540
0.82664 1.93651
0.80927 1.96705
0.79196 1.99729
0.77479 2.02723
0.75744 2.05713
0.74024 2.08653
0.72306 2.11568
0.70581 2.14459
0.68912 2.17235
0.68916 2.17327
0.68856 2.19648
0.69013 2.19373
0.70710 2.16520
0.72409 2.13622
0.74098 2.10724
0.75789 2.07802
0.77485 2.04831
0.79182 2.01856
0.80885 1.98830
0.82591 1.95797
0.84303 1.92734
0.86034 1.89612
0.86403 1.88934
0.87493 1.88934
0.87013 1.89813
0.85314 1.92933
0.83623 1.95994
0.81936 1.99048
0.80276 2.02049
0.78597 2.05045
0.76934 2.07991
0.75273 2.10935
0.73614 2.13831
0.71956 2.16728
0.70300 2.19579
0.68735 2.22251
0.68725 2.22410
0.68561 2.25018
0.68558 2.25063
0.70140 2.22319
0.71768 2.19465
0.73384 2.16612
0.75013 2.13715
0.76631 2.10818
0.78264 2.07873
0.79897 2.04926
0.81536 2.01929
0.83189 1.98903
0.84844 1.95871
0.86508 1.92784
0.88199 1.89663
0.88583 1.88934
0.89673 1.88934
0.89238 1.89763
0.87579 1.92883
0.85948 1.95945
0.84310 1.99000
0.82688 2.02025
0.81081 2.04998
0.79476 2.07967
0.77874 2.10912
0.76286 2.13808
0.74698 2.16705
0.73110 2.19579
0.71525 2.22410
0.69938 2.25244
0.68351 2.28059
0.68273 2.28194
0.67990 2.30700
0.67858 2.31725
0.68806 2.30007
0.70347 2.27205
0.71886 2.24407
0.73426 2.21568
0.74976 2.18708
0.76527 2.15826
0.78077 2.12946
0.79640 2.10019
0.81216 2.07067
0.82795 2.04090
0.84366 2.01108
0.85973 1.98074
0.87585 1.95010
0.89203 1.91913
0.90763 1.88934
0.90863 1.88934
0.91853 1.88934
0.90970 1.90640
0.89365 1.93750
0.87788 1.96803
0.86215 1.99850
0.84647 2.02867
0.83092 2.05856
0.81551 2.08818
0.80024 2.11731
0.78498 2.14645
0.76983 2.17535
0.75468 2.20403
0.73964 2.23251
0.72482 2.26057
0.70977 2.28866
0.69491 2.31658
0.67994 2.34433
0.67215 2.35869
0.66986 2.37147
0.66448 2.39803
0.66141 2.41137
0.66849 2.39781
0.68281 2.37037
0.69721 2.34278
0.71148 2.31524
0.72594 2.28732
0.74039 2.25921
0.75504 2.23092
0.76968 2.20243
0.78443 2.17374
0.79907 2.14505
0.81404 2.11591
0.82904 2.08653
0.84416 2.05689
0.85941 2.02699
0.87480 1.99680
0.89022 1.96656
0.90581 1.93577
0.92168 1.90465
0.92943 1.88934
0.94003 1.88934
0.93965 1.89009
0.72864 2.31212
0.78024 2.31212
0.82824 2.31212
0.88264 2.31212
0.91584 2.31212
0.94414 2.31212
0.95368 2.27565
0.96307 2.24226
0.97233 2.21134
0.98539 2.16982
0.99664 2.13552
1.00616 2.10747
0.98539 2.16982
0.96768 2.22683
0.95368 2.27565
0.94414 2.31212
0.98044 2.31212
1.00434 2.31212
1.04134 2.31212
1.02268 2.35185
1.00097 2.39825
0.98525 2.43229
0.95985 2.48770
0.94458 2.52163
0.93198 2.54984
0.95216 2.50469
0.96811 2.46958
0.99315 2.41530
1.00815 2.38290
1.02268 2.35185
1.04134 2.31212
1.08224 2.31212
1.12754 2.31212
1.16534 2.31212
1.21174 2.31212
1.25414 2.31212
1.29524 2.31212
1.35724 2.31212
1.56863 1.88934
1.15115 2.72430
1.11425 2.72430
1.04765 2.72430
0.97865 2.72430
0.89275 2.72430
0.80775 2.72430
0.72185 2.72430
0.61955 2.72430
0.54305 2.72430
0.52384 2.72451
0.52787 2.71367
0.57457 2.71367
0.65247 2.71367
0.74047 2.71367
0.86277 2.71367
0.92977 2.71367
1.03737 2.71367
1.10557 2.71367
1.15647 2.71367
1.16294 2.70071
1.10784 2.70071
1.03944 2.70071
0.95364 2.70071
0.87574 2.70071
0.79954 2.70071
0.72624 2.70071
0.63764 2.70071
0.56694 2.70071
0.53414 2.70071
0.54093 2.68754
0.54753 2.68754
0.62503 2.68754
0.69883 2.68754
0.77013 2.68754
0.84643 2.68754
0.91893 2.68754
0.97813 2.68754
1.03533 2.68754
1.09153 2.68754
1.13753 2.68754
1.16953 2.68754
1.56863 1.88934
1.51803 1.88934
1.46493 1.88934
1.41173 1.88934
1.35861 1.97537
1.28532 2.08936
1.37967 1.94146
1.41173 1.88934
1.34963 1.88934
1.28703 1.88934
1.21783 1.88934
1.16323 1.88934
1.10603 1.88934
1.04603 1.88934
0.98633 1.88934
0.94023 1.88934
0.86067 2.04807
0.80858 2.15224
0.76153 2.24634
0.72864 2.31212
0.69687 2.37565
0.63913 2.49114
0.58397 2.60146
0.54093 2.68754
0.50746 2.75449
0.49655 2.77629
0.38155 2.77629
0.25945 2.77629
0.11605 2.77629
0.00445 2.77629
-0.13155 2.77629
-0.09338 2.71095
-0.06545 2.65250
0.00051 2.52698
0.06881 2.41137
0.14578 2.31725
0.20538 2.25063
0.25656 2.19648
0.30277 2.14946
0.34526 2.10747
0.38497 2.06925
0.42243 2.03395
0.45824 2.00092
0.49250 1.96999
0.52529 1.94121
0.55648 1.91564
0.58416 1.89989
0.60625 1.89210
0.62483 1.88934
0.63893 1.88934
0.65756 1.89989
0.66948 1.91564
0.67509 1.94121
0.67910 1.96999
0.68244 2.00092
0.68513 2.03395
0.68737 2.06925
0.68886 2.10747
0.68937 2.14946
0.68856 2.19648
0.68558 2.25063
0.67858 2.31725
0.66141 2.41137
0.65641 2.43577
0.62751 2.50018
0.58354 2.58811
0.54471 2.66679
0.33308 3.13343
0.94577 3.13507
0.94709 3.13241
1.96170 1.10321
1.96169 1.10282
1.96159 1.10243
1.96138 1.10204
1.96089 1.10243
1.96029 1.10282
1.95960 1.10360
1.95882 1.10476
1.95784 1.10632
1.95677 1.10826
1.95590 1.11019
1.95514 1.11213
1.95456 1.11367
1.95410 1.11560
1.95383 1.11714
1.95395 1.11829
1.95437 1.11906
1.95518 1.11945
1.95627 1.11906
1.95765 1.11829
1.95923 1.11714
1.96109 1.11521
1.96324 1.11251
1.96549 1.10942
1.96774 1.10593
1.97018 1.10165
1.97232 1.09735
1.97457 1.09265
1.97643 1.08793
1.97801 1.08359
1.97919 1.07963
1.98007 1.07565
1.98037 1.07246
1.97997 1.07006
1.97897 1.06886
1.97737 1.06846
1.97527 1.06886
1.97267 1.07046
1.96947 1.07326
1.96628 1.07645
1.96239 1.08121
1.95852 1.08635
1.95437 1.09265
1.95015 1.09970
1.94615 1.10709
1.94258 1.11444
1.93923 1.12213
1.93659 1.12901
1.93437 1.13586
1.93304 1.14191
1.93241 1.14718
1.93283 1.15094
1.93393 1.15393
1.93589 1.15543
1.93869 1.15543
1.94205 1.15431
1.94634 1.15131
1.95120 1.14681
1.95632 1.14116
1.96211 1.13358
1.96790 1.12520
1.97371 1.11598
1.97944 1.10593
1.98471 1.09579
1.98981 1.08477
1.99407 1.07446
1.99747 1.06445
2.00032 1.05476
2.00199 1.04663
2.00287 1.03926
2.00245 1.03391
2.00091 1.03019
1.99814 1.02853
1.99402 1.02936
1.98897 1.03225
1.98300 1.03720
1.97642 1.04377
1.96914 1.05233
1.96148 1.06244
1.95357 1.07406
1.94573 1.08675
1.93826 1.10009
1.93136 1.11367
1.92515 1.12711
1.91970 1.14040
1.91558 1.15244
1.91259 1.16362
1.91108 1.17323
1.91113 1.18095
1.91268 1.18643
1.91546 1.19008
1.91962 1.19117
1.92506 1.19008
1.93140 1.18680
1.93901 1.18058
1.94752 1.17176
1.95639 1.16102
1.96564 1.14831
1.97512 1.13396
1.98426 1.11868
1.99318 1.10204
2.00142 1.08517
2.00867 1.06846
2.01494 1.05192
2.01991 1.03638
2.02376 1.02187
2.02574 1.00971
2.02612 0.99997
2.02464 0.99271
2.02127 0.98885
2.01630 0.98799
2.00973 0.99014
2.00155 0.99571
1.99219 1.00422
1.98159 1.01602
1.97041 1.03019
1.95869 1.04663
1.94677 1.06485
1.93531 1.08398
1.92460 1.10360
1.91467 1.12367
1.90618 1.14304
1.89921 1.16139
1.89419 1.17802
1.89081 1.19299
1.88948 1.20564
1.89026 1.21567
1.89328 1.22244
1.89820 1.22599
1.90510 1.22599
1.91360 1.22280
1.92341 1.21639
1.93434 1.20671
1.94634 1.19371
1.95898 1.17765
1.97192 1.15916
1.98466 1.13889
1.99703 1.11714
2.00879 1.09422
2.01957 1.07086
2.02918 1.04745
2.03710 1.02521
2.04349 1.00422
2.04790 0.98541
2.04992 0.96977
2.04968 0.95744
2.04678 0.94944
2.04169 0.94542
2.03417 0.94587
2.02451 0.95078
2.01307 0.95965
1.99967 0.97326
1.98502 0.99057
1.96971 1.01098
1.95385 1.03391
1.93810 1.05881
1.92321 1.08438
1.90931 1.11058
1.89689 1.13662
1.88651 1.16139
1.87820 1.18461
1.87228 1.20564
1.86889 1.22422
1.86838 1.23905
1.87068 1.25025
1.87570 1.25720
1.88314 1.26032
1.89266 1.25928
1.90434 1.25373
1.91762 1.24396
1.93226 1.22989
1.94793 1.21174
1.96408 1.19044
1.98039 1.16621
1.99648 1.13964
2.01212 1.11097
2.02640 1.08161
2.03944 1.05192
2.05105 1.02229
2.06049 0.99442
2.06809 0.96802
2.07269 0.94542
2.07469 0.92643
2.07328 0.91264
2.06900 0.90380
2.06164 0.90053
2.05147 0.90287
2.03861 0.91078
2.02297 0.92506
2.00556 0.94407
1.98649 0.96802
1.96687 0.99485
1.94711 1.02437
1.92761 1.05598
1.90924 1.08833
1.89251 1.12098
1.87798 1.15244
1.86571 1.18278
1.85645 1.21030
1.85021 1.23518
1.84742 1.25616
1.84824 1.27273
1.85235 1.28469
1.85959 1.29183
1.86967 1.29386
1.88240 1.29081
1.89745 1.28231
1.91457 1.26826
1.93293 1.24955
1.95213 1.22635
1.97165 1.19951
1.99131 1.16917
2.01067 1.13586
2.02887 1.10087
2.04567 1.06485
2.06124 1.02811
2.07444 0.99271
2.08551 0.95877
2.09370 0.92779
2.09837 0.90146
2.09986 0.87968
2.09759 0.86422
2.09174 0.85492
2.08178 0.85344
2.06803 0.85934
2.05131 0.87198
2.03161 0.89158
2.00970 0.91679
1.98630 0.94721
1.96224 0.98152
1.93844 1.01811
1.91521 1.05679
1.89361 1.09579
1.87413 1.13434
1.85742 1.17176
1.84412 1.20635
1.83440 1.23799
1.82838 1.26585
1.82644 1.28911
1.82880 1.30700
1.83502 1.31936
1.84506 1.32567
1.85830 1.32600
1.87442 1.32036
1.89330 1.30800
1.91383 1.29013
1.93600 1.26619
1.95878 1.23764
1.98164 1.20492
2.00447 1.16807
2.02657 1.12825
2.04742 1.08635
2.06692 1.04336
2.08430 1.00039
2.09944 0.95833
2.11145 0.91909
2.12015 0.88350
2.12522 0.85295
2.12602 0.82897
2.12266 0.81209
2.11425 0.80431
2.10133 0.80535
2.08411 0.81518
2.06294 0.83351
2.03873 0.85934
2.01207 0.89205
1.98396 0.93007
1.95564 0.97152
1.92760 1.01560
1.90078 1.06123
1.87615 1.10670
1.85453 1.15094
1.83623 1.19335
1.82192 1.23236
1.81191 1.26757
1.80674 1.29791
1.80626 1.32269
1.81071 1.34117
1.81946 1.35327
1.83230 1.35880
1.84897 1.35685
1.86910 1.34740
1.89155 1.33130
1.91586 1.30867
1.94144 1.27992
1.96772 1.24536
1.99400 1.20600
2.01975 1.16250
2.04461 1.11598
2.06807 1.06726
2.08976 1.01728
2.10889 0.96802
2.12529 0.92001
2.13856 0.87488
2.14794 0.83452
2.15314 0.80013
2.15327 0.77406
2.14776 0.75769
2.13680 0.75160
2.12048 0.75603
2.09929 0.77082
2.07334 0.79593
2.04416 0.82947
2.01248 0.87005
1.97966 0.91587
1.94683 0.96494
1.91488 1.01644
1.88477 1.06886
1.85750 1.12060
1.83357 1.17065
1.81407 1.21746
1.79917 1.26067
1.78971 1.29859
1.78562 1.33097
1.78697 1.35685
1.79360 1.37559
1.80524 1.38712
1.82180 1.38999
1.84230 1.38521
1.86601 1.37238
1.89232 1.35197
1.92033 1.32435
1.94950 1.28979
1.97917 1.24885
2.00844 1.20312
2.03719 1.15281
2.06465 1.09931
2.09052 1.04336
2.11405 0.98670
2.13504 0.93053
2.15318 0.87584
2.16765 0.82490
2.17751 0.77999
2.18199 0.74322
2.18121 0.71519
2.17386 0.69928
2.16025 0.69510
2.13989 0.70462
2.11352 0.72675
2.08235 0.75989
2.04785 0.80170
2.01106 0.85048
1.97333 0.90473
1.93595 0.96230
1.90007 1.02146
1.86679 1.08042
1.83702 1.13775
1.81169 1.19262
1.79122 1.24396
1.77663 1.29013
1.76772 1.33097
1.76492 1.36496
1.76841 1.39158
1.77809 1.40962
1.79348 1.41904
1.81351 1.41998
1.83773 1.41214
1.86530 1.39540
1.89560 1.36980
1.92738 1.33624
1.96013 1.29555
1.99295 1.24850
2.02526 1.19589
2.05656 1.13889
2.08638 1.07804
2.11431 1.01518
2.13999 0.95123
2.16301 0.88779
2.18253 0.82694
2.19786 0.77027
2.20839 0.72041
2.21322 0.67936
2.21141 0.64998
2.20184 0.63512
2.18389 0.63643
2.15864 0.65253
2.12709 0.68242
2.09017 0.72445
2.04453 0.78373
2.00168 0.84403
1.96407 0.90006
1.91070 0.98541
1.87315 1.05030
1.83465 1.12290
1.80503 1.18534
1.78595 1.23130
1.76812 1.28197
1.75742 1.32235
1.75257 1.35066
1.75082 1.37656
1.75368 1.40363
1.76068 1.42123
1.77097 1.43245
1.78089 1.43742
1.79366 1.43927
1.56813 1.89034
1.57105 1.89009
1.57435 1.89009
1.57645 1.89009
1.57953 1.88934
1.56748 1.91365
1.55226 1.94467
1.53711 1.97537
1.52234 2.00552
1.50759 2.03563
1.49297 2.06545
1.47849 2.09501
1.46424 2.12433
1.45000 2.15340
1.43609 2.18202
1.42217 2.21066
1.40836 2.23909
1.39464 2.26733
1.38111 2.29538
1.36767 2.32325
1.35443 2.35074
1.34125 2.37829
1.32816 2.40569
1.32541 2.41137
1.34172 2.39036
1.36322 2.36376
1.36735 2.35869
1.37762 2.33635
1.39052 2.30856
1.40351 2.28059
1.41668 2.25244
1.42994 2.22433
1.44340 2.19579
1.45698 2.16705
1.47076 2.13808
1.48466 2.10888
1.49866 2.07967
1.51281 2.04998
1.52720 2.02001
1.54182 1.98976
1.55660 1.95920
1.57131 1.92858
1.58651 1.89738
1.59033 1.88934
1.60123 1.88934
1.59754 1.89713
1.58276 1.92808
1.56812 1.95896
1.55364 1.98951
1.53932 2.01977
1.52535 2.04950
1.51140 2.07920
1.49768 2.10865
1.48408 2.13785
1.47081 2.16659
1.45763 2.19533
1.44456 2.22387
1.43159 2.25221
1.41903 2.28014
1.40644 2.30811
1.40238 2.31725
1.41800 2.29940
1.43353 2.28194
1.43765 2.27250
1.44995 2.24430
1.46233 2.21613
1.47503 2.18754
1.48794 2.15873
1.50094 2.12993
1.51427 2.10066
1.52773 2.07115
1.54129 2.04161
1.55512 2.01157
1.56918 1.98123
1.58340 1.95059
1.59776 1.91988
1.61213 1.88934
1.61263 1.88934
1.62303 1.88934
1.61547 1.90565
1.60112 1.93676
1.58703 1.96754
1.57331 1.99777
1.55963 2.02795
1.54630 2.05760
1.53308 2.08724
1.51999 2.11661
1.50724 2.14552
1.49469 2.17443
1.48236 2.20289
1.47011 2.23138
1.46198 2.25063
1.46956 2.24249
1.48835 2.22251
1.49093 2.21613
1.50293 2.18754
1.51492 2.15896
1.52734 2.12993
1.53985 2.10090
1.55261 2.07139
1.56557 2.04185
1.57890 2.01181
1.59224 1.98172
1.60596 1.95108
1.61981 1.92038
1.63393 1.88934
1.63403 1.88934
1.64483 1.88934
1.63773 1.90515
1.62409 1.93602
1.61050 1.96681
1.59728 1.99704
1.58409 2.02723
1.57136 2.05689
1.55885 2.08629
1.54646 2.11568
1.53441 2.14459
1.52266 2.17327
1.51326 2.19648
1.51808 2.19144
1.53672 2.17235
1.53960 2.16520
1.55119 2.13622
1.56298 2.10724
1.57499 2.07802
1.58723 2.04854
1.59980 2.01880
1.61273 1.98854
1.62569 1.95822
1.63901 1.92759
1.65261 1.89638
1.65573 1.88934
1.66663 1.88934
1.66296 1.89788
1.64969 1.92883
1.63668 1.95945
1.62392 1.98976
1.61142 2.01977
1.59925 2.04950
1.58732 2.07896
1.57561 2.10818
1.56413 2.13715
1.55937 2.14946
1.57409 2.13482
1.58097 2.12806
1.58900 2.10700
1.60041 2.07778
1.61205 2.04831
1.62402 2.01856
1.63623 1.98854
1.64869 1.95822
1.66151 1.92759
1.67449 1.89663
1.67763 1.88934
1.68853 1.88934
1.68508 1.89763
1.67231 1.92858
1.65980 1.95920
1.64767 1.98927
1.63576 2.01929
1.62409 2.04902
1.61275 2.07849
1.60186 2.10747
1.60186 2.10747
1.62203 2.08794
1.62442 2.08157
1.63522 2.05236
1.64657 2.02266
1.65816 1.99267
1.66998 1.96264
1.68217 1.93205
1.69473 1.90114
1.69953 1.88934
1.71053 1.88934
1.70907 1.89286
1.69689 1.92361
1.68486 1.95428
1.67320 1.98440
1.66177 2.01446
1.65080 2.04400
1.64157 2.06925
1.64514 2.06593
1.66062 2.05117
1.66489 2.03922
1.67568 2.00963
1.68672 1.97977
1.69810 1.94961
1.70996 1.91888
1.72153 1.88934
1.72243 1.88934
1.73253 1.88934
1.72615 1.90590
1.71454 1.93651
1.70330 1.96681
1.69230 1.99680
1.68175 2.02650
1.67913 2.03395
1.69724 2.01712
1.69779 2.01543
1.70817 1.98586
1.71892 1.95576
1.73012 1.92535
1.74159 1.89462
1.74353 1.88934
1.75463 1.88934
1.75093 1.89914
1.73979 1.92982
1.72913 1.95994
1.71860 1.99000
1.71494 2.00092
1.73135 1.98611
1.73211 1.98537
1.74207 1.95625
1.75255 1.92610
1.76339 1.89562
1.76563 1.88934
1.77673 1.88934
1.77363 1.89813
1.76311 1.92858
1.75284 1.95871
1.74910 1.96999
1.76557 1.95527
1.76567 1.95527
1.77562 1.92535
1.78597 1.89487
1.78793 1.88934
1.79903 1.88934
1.79588 1.89863
1.78599 1.92883
1.78199 1.94121
1.79751 1.92759
1.79805 1.92709
1.80761 1.89738
1.81023 1.88934
1.82143 1.88934
1.81924 1.89612
1.81318 1.91564
1.82247 1.90965
1.82725 1.90690
1.83273 1.88934
1.83793 1.88934
1.84403 1.88934
1.84086 1.89989
1.85046 1.89587
1.87478 1.88984
1.89598 1.89085
1.91296 1.89889
1.91416 1.89989
1.92153 1.88934
1.93283 1.88934
1.93178 1.89085
1.92065 1.90690
1.92548 1.91465
1.92608 1.91564
1.94403 1.88934
1.94553 1.88934
1.95523 1.88934
1.94402 1.90615
1.92975 1.92709
1.93066 1.93429
1.93169 1.94121
1.94594 1.92013
1.96618 1.88984
1.96643 1.88934
1.97763 1.88934
1.96818 1.90365
1.94808 1.93404
1.93387 1.95527
1.93483 1.96215
1.93570 1.96999
1.94895 1.95010
1.96886 1.91988
1.98873 1.88934
1.98873 1.88934
1.99983 1.88934
1.99020 1.90440
1.97061 1.93478
1.95088 1.96485
1.93741 1.98537
1.93824 1.99292
1.93904 2.00092
1.95198 1.98123
1.97143 1.95133
1.99096 1.92087
2.01033 1.89034
2.01093 1.88934
2.02203 1.88934
2.01308 1.90365
1.99386 1.93429
1.97462 1.96436
1.95531 1.99437
1.94054 2.01712
1.94085 2.02290
1.94183 2.03395
1.95218 2.01784
1.97115 1.98830
1.99019 1.95822
2.00928 1.92784
2.02836 1.89688
2.03303 1.88934
2.04403 1.88934
2.03946 1.89688
2.02058 1.92784
2.00179 1.95822
1.98305 1.98830
1.96426 2.01808
1.94541 2.04759
1.94302 2.05117
1.94407 2.06925
1.94681 2.06498
1.96539 2.03563
1.98402 2.00577
2.00257 1.97586
2.02119 1.94541
2.03965 1.91489
2.05503 1.88934
2.05883 1.88934
2.06603 1.88934
2.05372 1.91015
2.03532 1.94097
2.01709 1.97122
1.99870 2.00141
1.98035 2.03131
1.96205 2.06070
1.94493 2.08794
1.94500 2.08959
1.94556 2.10747
1.95067 2.09925
1.96882 2.06996
1.98699 2.04042
2.00498 2.01084
2.02303 1.98074
2.04113 1.95035
2.05928 1.91963
2.07703 1.88934
2.07753 1.88934
2.08793 1.88934
2.07857 1.90565
2.06064 1.93651
2.04277 1.96705
2.02496 1.99729
2.00719 2.02723
1.98936 2.05689
1.97167 2.08605
1.95380 2.11521
1.94587 2.12806
1.94597 2.14227
1.94607 2.14946
1.95850 2.12900
1.97612 2.09996
1.99356 2.07067
2.01113 2.04113
2.02876 2.01108
2.04631 1.98099
2.06380 1.95059
2.08146 1.91988
2.09883 1.88934
2.09923 1.88934
2.10983 1.88934
2.10080 1.90540
2.08324 1.93651
2.06587 1.96705
2.04866 1.99729
2.03139 2.02723
2.01404 2.05713
1.99684 2.08653
1.97966 2.11568
1.96241 2.14459
1.94572 2.17235
1.94576 2.17327
1.94516 2.19648
1.94683 2.19373
1.96370 2.16520
1.98069 2.13622
1.99758 2.10724
2.01449 2.07802
2.03145 2.04831
2.04842 2.01856
2.06555 1.98830
2.08251 1.95797
2.09963 1.92734
2.11694 1.89612
2.12073 1.88934
2.13163 1.88934
2.12683 1.89813
2.10974 1.92933
2.09293 1.95994
2.07606 1.99048
2.05936 2.02049
2.04257 2.05045
2.02604 2.07991
2.00933 2.10935
1.99284 2.13831
1.97616 2.16728
1.95960 2.19579
1.94405 2.22251
1.94395 2.22410
1.94221 2.25018
1.94228 2.25063
1.95800 2.22319
1.97428 2.19465
1.99044 2.16612
2.00673 2.13715
2.02291 2.10818
2.03934 2.07873
2.05557 2.04926
2.07206 2.01929
2.08859 1.98903
2.10504 1.95871
2.12178 1.92784
2.13859 1.89663
2.14253 1.88934
2.15343 1.88934
2.14898 1.89763
2.13239 1.92883
2.11608 1.95945
2.09970 1.99000
2.08348 2.02025
2.06751 2.04998
2.05136 2.07967
2.03534 2.10912
2.01956 2.13808
2.00358 2.16705
1.98770 2.19579
1.97195 2.22410
1.95608 2.25244
1.94021 2.28059
1.93943 2.28194
1.93660 2.30700
1.93518 2.31725
1.94476 2.30007
1.96017 2.27205
1.97546 2.24407
1.99096 2.21568
2.00636 2.18708
2.02197 2.15826
2.03737 2.12946
2.05300 2.10019
2.06876 2.07067
2.08455 2.04090
2.10036 2.01108
2.11633 1.98074
2.13245 1.95010
2.14873 1.91913
2.16433 1.88934
2.16523 1.88934
2.17513 1.88934
2.16640 1.90640
2.15035 1.93750
2.13458 1.96803
2.11875 1.99850
2.10317 2.02867
2.08762 2.05856
2.07211 2.08818
2.05694 2.11731
2.04168 2.14645
2.02643 2.17535
2.01138 2.20403
1.99634 2.23251
1.98142 2.26057
1.96647 2.28866
1.95151 2.31658
1.93654 2.34433
1.92885 2.35869
1.92646 2.37147
1.92108 2.39803
1.91801 2.41137
1.92519 2.39781
1.93941 2.37037
1.95381 2.34278
1.96808 2.31524
1.98254 2.28732
1.99709 2.25921
2.01164 2.23092
2.02628 2.20243
2.04103 2.17374
2.05577 2.14505
2.07064 2.11591
2.08564 2.08653
2.10076 2.05689
2.11601 2.02699
2.13140 1.99680
2.14682 1.96656
2.16251 1.93577
2.17828 1.90465
2.18603 1.88934
2.19663 1.88934
2.19625 1.89009
1.98524 2.31212
2.03684 2.31212
2.08484 2.31212
2.13924 2.31212
2.17244 2.31212
2.20074 2.31212
2.21038 2.27565
2.21977 2.24226
2.22893 2.21134
2.24199 2.16982
2.25334 2.13552
2.26286 2.10747
2.24199 2.16982
2.22428 2.22683
2.21038 2.27565
2.20074 2.31212
2.23704 2.31212
2.26104 2.31212
2.29804 2.31212
2.27928 2.35185
2.25767 2.39825
2.24185 2.43229
2.21655 2.48770
2.20118 2.52163
2.18858 2.54984
2.20886 2.50469
2.22481 2.46958
2.24975 2.41530
2.26475 2.38290
2.27928 2.35185
2.29804 2.31212
2.33884 2.31212
2.38414 2.31212
2.42194 2.31212
2.46844 2.31212
2.51074 2.31212
2.55194 2.31212
2.61384 2.31212
2.82523 1.88934
2.40775 2.72430
2.37095 2.72430
2.30425 2.72430
2.23535 2.72430
2.14945 2.72430
2.06445 2.72430
1.97845 2.72430
1.87625 2.72430
1.79965 2.72430
1.78054 2.72451
1.78447 2.71367
1.83117 2.71367
1.90917 2.71367
1.99717 2.71367
2.11937 2.71367
2.18637 2.71367
2.29397 2.71367
2.36217 2.71367
2.41307 2.71367
2.41954 2.70071
2.36444 2.70071
2.29604 2.70071
2.21034 2.70071
2.13234 2.70071
2.05614 2.70071
1.98284 2.70071
1.89424 2.70071
1.82354 2.70071
1.79074 2.70071
1.79753 2.68754
1.80423 2.68754
1.88163 2.68754
1.95543 2.68754
2.02673 2.68754
2.10303 2.68754
2.17553 2.68754
2.23473 2.68754
2.29193 2.68754
2.34813 2.68754
2.39413 2.68754
2.42613 2.68754
2.82523 1.88934
2.77463 1.88934
2.72153 1.88934
2.66843 1.88934
2.61521 1.97537
2.54192 2.08936
2.63637 1.94146
2.66843 1.88934
2.60623 1.88934
2.54373 1.88934
2.47443 1.88934
2.41993 1.88934
2.36273 1.88934
2.30273 1.88934
2.24303 1.88934
2.19693 1.88934
2.11727 2.04807
2.06518 2.15224
2.01813 2.24634
1.98524 2.31212
1.95347 2.37565
1.89573 2.49114
1.84057 2.60146
1.79753 2.68754
1.76406 2.75449
1.75315 2.77629
1.63815 2.77629
1.51605 2.77629
1.37275 2.77629
1.26115 2.77629
1.12515 2.77629
1.16322 2.71095
1.19115 2.65250
1.25711 2.52698
1.32541 2.41137
1.40238 2.31725
1.46198 2.25063
1.51326 2.19648
1.55937 2.14946
1.60186 2.10747
1.64157 2.06925
1.67913 2.03395
1.71494 2.00092
1.74910 1.96999
1.78199 1.94121
1.81318 1.91564
1.84086 1.89989
1.86285 1.89210
1.88143 1.88934
1.89553 1.88934
1.91416 1.89989
1.92608 1.91564
1.93169 1.94121
1.93570 1.96999
1.93904 2.00092
1.94183 2.03395
1.94407 2.06925
1.94556 2.10747
1.94607 2.14946
1.94516 2.19648
1.94228 2.25063
1.93518 2.31725
1.91801 2.41137
1.91311 2.43577
1.88421 2.50018
1.84024 2.58811
1.80141 2.66679
1.58968 3.13343
2.20237 3.13507
2.20380 3.13221
3.21830 1.10321
3.21829 1.10282
3.21819 1.10243
3.21808 1.10204
3.21749 1.10243
3.21699 1.10282
3.21630 1.10360
3.21542 1.10476
3.21444 1.10632
3.21347 1.10826
3.21250 1.11019
3.21174 1.11213
3.21126 1.11367
3.21070 1.11560
3.21053 1.11714
3.21065 1.11829
3.21107 1.11906
3.21178 1.11945
3.21297 1.11906
3.21425 1.11829
3.21583 1.11714
3.21769 1.11521
3.21984 1.11251
3.22209 1.10942
3.22434 1.10593
3.22678 1.10165
3.22902 1.09735
3.23117 1.09265
3.23313 1.08793
3.23471 1.08359
3.23579 1.07963
3.23667 1.07565
3.23697 1.07246
3.23667 1.07006
3.23557 1.06886
3.23397 1.06846
3.23197 1.06886
3.22927 1.07046
3.22617 1.07326
3.22288 1.07645
3.21899 1.08121
3.21512 1.08635
3.21097 1.09265
3.20685 1.09970
3.20285 1.10709
3.19928 1.11444
3.19583 1.12213
3.19319 1.12901
3.19107 1.13586
3.18964 1.14191
3.18901 1.14718
3.18943 1.15094
3.19053 1.15393
3.19249 1.15543
3.19529 1.15543
3.19875 1.15431
3.20294 1.15131
3.20780 1.14681
3.21292 1.14116
3.21871 1.13358
3.22460 1.12520
3.23041 1.11598
3.23614 1.10593
3.24141 1.09579
3.24651 1.08477
3.25067 1.07446
3.25417 1.06445
3.25702 1.05476
3.25859 1.04663
3.25947 1.03926
3.25905 1.03391
3.25751 1.03019
3.25474 1.02853
3.25072 1.02936
3.24557 1.03225
3.23960 1.03720
3.23302 1.04377
3.22574 1.05233
3.21808 1.06244
3.21017 1.07406
3.20243 1.08675
3.19486 1.10009
3.18796 1.11367
3.18175 1.12711
3.17630 1.14040
3.17218 1.15244
3.16919 1.16362
3.16768 1.17323
3.16773 1.18095
3.16928 1.18643
3.17206 1.19008
3.17632 1.19117
3.18166 1.19008
3.18800 1.18680
3.19561 1.18058
3.20412 1.17176
3.21299 1.16102
3.22234 1.14831
3.23172 1.13396
3.24086 1.11868
3.24988 1.10204
3.25812 1.08517
3.26527 1.06846
3.27154 1.05192
3.27661 1.03638
3.28036 1.02187
3.28244 1.00971
3.28272 0.99997
3.28134 0.99271
3.27797 0.98885
3.27290 0.98799
3.26633 0.99014
3.25815 0.99571
3.24879 1.00422
3.23819 1.01602
3.22701 1.03019
3.21529 1.04663
3.20347 1.06485
3.19201 1.08398
3.18120 1.10360
3.17127 1.12367
3.16278 1.14304
3.15591 1.16139
3.15079 1.17802
3.14751 1.19299
3.14618 1.20564
3.14686 1.21567
3.14988 1.22244
3.15480 1.22599
3.16170 1.22599
3.17020 1.22280
3.18001 1.21639
3.19104 1.20671
3.20294 1.19371
3.21558 1.17765
3.22852 1.15916
3.24126 1.13889
3.25363 1.11714
3.26539 1.09422
3.27617 1.07086
3.28578 1.04745
3.29370 1.02521
3.30009 1.00422
3.30450 0.98541
3.30662 0.96977
3.30638 0.95744
3.30348 0.94944
3.29829 0.94542
3.29077 0.94587
3.28111 0.95078
3.26967 0.95965
3.25627 0.97326
3.24172 0.99057
3.22631 1.01098
3.21055 1.03391
3.19480 1.05881
3.17981 1.08438
3.16591 1.11058
3.15349 1.13662
3.14311 1.16139
3.13490 1.18461
3.12898 1.20564
3.12549 1.22422
3.12498 1.23905
3.12728 1.25025
3.13240 1.25720
3.13974 1.26032
3.14936 1.25928
3.16094 1.25373
3.17422 1.24396
3.18886 1.22989
3.20463 1.21174
3.22068 1.19044
3.23699 1.16621
3.25308 1.13964
3.26872 1.11097
3.28310 1.08161
3.29604 1.05192
3.30765 1.02229
3.31709 0.99442
3.32469 0.96802
3.32939 0.94542
3.33129 0.92643
3.32998 0.91264
3.32560 0.90380
3.31834 0.90053
3.30807 0.90287
3.29521 0.91078
3.27957 0.92506
3.26216 0.94407
3.24309 0.96802
3.22357 0.99485
3.20371 1.02437
3.18421 1.05598
3.16594 1.08833
3.14911 1.12098
3.13458 1.15244
3.12231 1.18278
3.11315 1.21030
3.10681 1.23518
3.10402 1.25616
3.10484 1.27273
3.10895 1.28469
3.11619 1.29183
3.12637 1.29386
3.13910 1.29081
3.15415 1.28231
3.17117 1.26826
3.18953 1.24955
3.20873 1.22635
3.22835 1.19951
3.24791 1.16917
3.26727 1.13586
3.28547 1.10087
3.30237 1.06485
3.31784 1.02811
3.33114 0.99271
3.34211 0.95877
3.35030 0.92779
3.35497 0.90146
3.35656 0.87968
3.35419 0.86422
3.34834 0.85492
3.33838 0.85344
3.32473 0.85934
3.30791 0.87198
3.28821 0.89158
3.26640 0.91679
3.24300 0.94721
3.21884 0.98152
3.19504 1.01811
3.17181 1.05679
3.15021 1.09579
3.13083 1.13434
3.11402 1.17176
3.10072 1.20635
3.09100 1.23799
3.08508 1.26585
3.08314 1.28911
3.08540 1.30700
3.09162 1.31936
3.10166 1.32567
3.11500 1.32600
3.13112 1.32036
3.15000 1.30800
3.17053 1.29013
3.19260 1.26619
3.21538 1.23764
3.23834 1.20492
3.26117 1.16807
3.28317 1.12825
3.30412 1.08635
3.32352 1.04336
3.34090 1.00039
3.35604 0.95833
3.36805 0.91909
3.37675 0.88350
3.38182 0.85295
3.38272 0.82897
3.37926 0.81209
3.37095 0.80431
3.35793 0.80535
3.34071 0.81518
3.31954 0.83351
3.29543 0.85934
3.26867 0.89205
3.24066 0.93007
3.21224 0.97152
3.18420 1.01560
3.15738 1.06123
3.13285 1.10670
3.11123 1.15094
3.09283 1.19335
3.07862 1.23236
3.06861 1.26757
3.06334 1.29791
3.06296 1.32269
3.06731 1.34117
3.07606 1.35327
3.08890 1.35880
3.10567 1.35685
3.12570 1.34740
3.14815 1.33130
3.17256 1.30867
3.19814 1.27992
3.22442 1.24536
3.25060 1.20600
3.27645 1.16250
3.30121 1.11598
3.32467 1.06726
3.34646 1.01728
3.36549 0.96802
3.38189 0.92001
3.39516 0.87488
3.40464 0.83452
3.40984 0.80013
3.40987 0.77406
3.40436 0.75769
3.39340 0.75160
3.37718 0.75603
3.35589 0.77082
3.33004 0.79593
3.30076 0.82947
3.26918 0.87005
3.23626 0.91587
3.20343 0.96494
3.17148 1.01644
3.14137 1.06886
3.11410 1.12060
3.09017 1.17065
3.07067 1.21746
3.05577 1.26067
3.04641 1.29859
3.04222 1.33097
3.04357 1.35685
3.05030 1.37559
3.06184 1.38712
3.07850 1.38999
3.09890 1.38521
3.12271 1.37238
3.14902 1.35197
3.17703 1.32435
3.20610 1.28979
3.23577 1.24885
3.26504 1.20312
3.29379 1.15281
3.32135 1.09931
3.34712 1.04336
3.37065 0.98670
3.39164 0.93053
3.40978 0.87584
3.42425 0.82490
3.43411 0.77999
3.43869 0.74322
3.43791 0.71519
3.43046 0.69928
3.41685 0.69510
3.39649 0.70462
3.37012 0.72675
3.33895 0.75989
3.30445 0.80170
3.26776 0.85048
3.22993 0.90473
3.19255 0.96230
3.15667 1.02146
3.12339 1.08042
3.09372 1.13775
3.06829 1.19262
3.04792 1.24396
3.03323 1.29013
3.02432 1.33097
3.02162 1.36496
3.02501 1.39158
3.03479 1.40962
3.05008 1.41904
3.07011 1.41998
3.09433 1.41214
3.12200 1.39540
3.15220 1.36980
3.18408 1.33624
3.21673 1.29555
3.24955 1.24850
3.28196 1.19589
3.31316 1.13889
3.34298 1.07804
3.37091 1.01518
3.39669 0.95123
3.41971 0.88779
3.43913 0.82694
3.45456 0.77027
3.46499 0.72041
3.46992 0.67936
3.46811 0.64998
3.45844 0.63512
3.44049 0.63643
3.41534 0.65253
3.38369 0.68242
3.34687 0.72445
3.30113 0.78373
3.25828 0.84403
3.22077 0.90006
3.16740 0.98541
3.12985 1.05030
3.09125 1.12290
3.06173 1.18534
3.04255 1.23130
3.02472 1.28197
3.01402 1.32235
3.00917 1.35066
3.00742 1.37656
3.01028 1.40363
3.01728 1.42123
3.02757 1.43245
3.03749 1.43742
3.05026 1.43927
2.82473 1.89034
2.82775 1.89009
2.83095 1.89009
2.83305 1.89009
2.83613 1.88934
2.82418 1.91365
2.80886 1.94467
2.79381 1.97537
2.77904 2.00552
2.76419 2.03563
2.74957 2.06545
2.73519 2.09501
2.72084 2.12433
2.70670 2.15340
2.69269 2.18202
2.67877 2.21066
2.66496 2.23909
2.65134 2.26733
2.63771 2.29538
2.62427 2.32325
2.61113 2.35074
2.59785 2.37829
2.58476 2.40569
2.58211 2.41137
2.59842 2.39036
2.61982 2.36376
2.62395 2.35869
2.63422 2.33635
2.64712 2.30856
2.66021 2.28059
2.67338 2.25244
2.68654 2.22433
2.70000 2.19579
2.71358 2.16705
2.72736 2.13808
2.74126 2.10888
2.75526 2.07967
2.76951 2.04998
2.78390 2.02001
2.79842 1.98976
2.81320 1.95920
2.82801 1.92858
2.84311 1.89738
2.84703 1.88934
2.85783 1.88934
2.85414 1.89713
2.83946 1.92808
2.82472 1.95896
2.81024 1.98951
2.79602 2.01977
2.78195 2.04950
2.76810 2.07920
2.75428 2.10865
2.74078 2.13785
2.72741 2.16659
2.71423 2.19533
2.70116 2.22387
2.68829 2.25221
2.67563 2.28014
2.66314 2.30811
2.65908 2.31725
2.67460 2.29940
2.69013 2.28194
2.69425 2.27250
2.70655 2.24430
2.71903 2.21613
2.73173 2.18754
2.74464 2.15873
2.75764 2.12993
2.77087 2.10066
2.78433 2.07115
2.79789 2.04161
2.81172 2.01157
2.82578 1.98123
2.84010 1.95059
2.85446 1.91988
2.86873 1.88934
2.86933 1.88934
2.87963 1.88934
2.87207 1.90565
2.85782 1.93676
2.84373 1.96754
2.82991 1.99777
2.81633 2.02795
2.80290 2.05760
2.78968 2.08724
2.77659 2.11661
2.76394 2.14552
2.75129 2.17443
2.73896 2.20289
2.72681 2.23138
2.71868 2.25063
2.72616 2.24249
2.74495 2.22251
2.74763 2.21613
2.75953 2.18754
2.77162 2.15896
2.78394 2.12993
2.79645 2.10090
2.80931 2.07139
2.82227 2.04185
2.83550 2.01181
2.84894 1.98172
2.86266 1.95108
2.87651 1.92038
2.89053 1.88934
2.89073 1.88934
2.90143 1.88934
2.89443 1.90515
2.88069 1.93602
2.86710 1.96681
2.85388 1.99704
2.84079 2.02723
2.82806 2.05689
2.81555 2.08629
2.80316 2.11568
2.79111 2.14459
2.77926 2.17327
2.76986 2.19648
2.77468 2.19144
2.79342 2.17235
2.79620 2.16520
2.80789 2.13622
2.81958 2.10724
2.83159 2.07802
2.84393 2.04854
2.85640 2.01880
2.86933 1.98854
2.88239 1.95822
2.89561 1.92759
2.90931 1.89638
2.91233 1.88934
2.92333 1.88934
2.91956 1.89788
2.90629 1.92883
2.89328 1.95945
2.88052 1.98976
2.86812 2.01977
2.85585 2.04950
2.84392 2.07896
2.83221 2.10818
2.82083 2.13715
2.81597 2.14946
2.83069 2.13482
2.83757 2.12806
2.84570 2.10700
2.85701 2.07778
2.86865 2.04831
2.88062 2.01856
2.89283 1.98854
2.90529 1.95822
2.91811 1.92759
2.93109 1.89663
2.93423 1.88934
2.94513 1.88934
2.94168 1.89763
2.92891 1.92858
2.91640 1.95920
2.90437 1.98927
2.89246 2.01929
2.88079 2.04902
2.86945 2.07849
2.85846 2.10747
2.85846 2.10747
2.87863 2.08794
2.88102 2.08157
2.89192 2.05236
2.90317 2.02266
2.91486 1.99267
2.92658 1.96264
2.93887 1.93205
2.95133 1.90114
2.95613 1.88934
2.96713 1.88934
2.96567 1.89286
2.95349 1.92361
2.94146 1.95428
2.92980 1.98440
2.91837 2.01446
2.90740 2.04400
2.89817 2.06925
2.90174 2.06593
2.91732 2.05117
2.92149 2.03922
2.93228 2.00963
2.94332 1.97977
2.95480 1.94961
2.96656 1.91888
2.97813 1.88934
2.97903 1.88934
2.98913 1.88934
2.98275 1.90590
2.97114 1.93651
2.95990 1.96681
2.94900 1.99680
2.93835 2.02650
2.93573 2.03395
2.95384 2.01712
2.95449 2.01543
2.96477 1.98586
2.97562 1.95576
2.98672 1.92535
2.99819 1.89462
3.00013 1.88934
3.01123 1.88934
3.00763 1.89914
2.99639 1.92982
2.98573 1.95994
2.97520 1.99000
2.97154 2.00092
2.98795 1.98611
2.98871 1.98537
2.99867 1.95625
3.00915 1.92610
3.01999 1.89562
3.02233 1.88934
3.03343 1.88934
3.03033 1.89813
3.01971 1.92858
3.00954 1.95871
3.00580 1.96999
3.02227 1.95527
3.02237 1.95527
3.03222 1.92535
3.04267 1.89487
3.04453 1.88934
3.05573 1.88934
3.05258 1.89863
3.04259 1.92883
3.03859 1.94121
3.05411 1.92759
3.05465 1.92709
3.06421 1.89738
3.06693 1.88934
3.07813 1.88934
3.07594 1.89612
3.06978 1.91564
3.07917 1.90965
3.08395 1.90690
3.08933 1.88934
3.09463 1.88934
3.10063 1.88934
3.09746 1.89989
3.10706 1.89587
3.13138 1.88984
3.15258 1.89085
3.16956 1.89889
3.17076 1.89989
3.17813 1.88934
3.18943 1.88934
3.18848 1.89085
3.17735 1.90690
3.18218 1.91465
3.18268 1.91564
3.20073 1.88934
3.20213 1.88934
3.21193 1.88934
3.20062 1.90615
3.18635 1.92709
3.18726 1.93429
3.18839 1.94121
3.20254 1.92013
3.22278 1.88984
3.22313 1.88934
3.23423 1.88934
3.22488 1.90365
3.20478 1.93404
3.19057 1.95527
3.19143 1.96215
3.19240 1.96999
3.20565 1.95010
3.22556 1.91988
3.24543 1.88934
3.24543 1.88934
3.25653 1.88934
3.24690 1.90440
3.22721 1.93478
3.20758 1.96485
3.19401 1.98537
3.19484 1.99292
3.19564 2.00092
3.20858 1.98123
3.22803 1.95133
3.24756 1.92087
3.26693 1.89034
3.26753 1.88934
3.27863 1.88934
3.26968 1.90365
3.25046 1.93429
3.23132 1.96436
3.21201 1.99437
3.19714 2.01712
3.19755 2.02290
3.19843 2.03395
3.20888 2.01784
3.22785 1.98830
3.24689 1.95822
3.26588 1.92784
3.28506 1.89688
3.28963 1.88934
3.30073 1.88934
3.29606 1.89688
3.27718 1.92784
3.25839 1.95822
3.23965 1.98830
3.22086 2.01808
3.20201 2.04759
3.19972 2.05117
3.20067 2.06925
3.20341 2.06498
3.22199 2.03563
3.24072 2.00577
3.25917 1.97586
3.27779 1.94541
3.29635 1.91489
3.31173 1.88934
3.31553 1.88934
3.32263 1.88934
3.31032 1.91015
3.29192 1.94097
3.27369 1.97122
3.25530 2.00141
3.23695 2.03131
3.21865 2.06070
3.20153 2.08794
3.20160 2.08959
3.20216 2.10747
3.20727 2.09925
3.22552 2.06996
3.24359 2.04042
3.26158 2.01084
3.27963 1.98074
3.29773 1.95035
3.31588 1.91963
3.33363 1.88934
3.33413 1.88934
3.34453 1.88934
3.33517 1.90565
3.31724 1.93651
3.29937 1.96705
3.28156 1.99729
3.26379 2.02723
3.24596 2.05689
3.22827 2.08605
3.21040 2.11521
3.20247 2.12806
3.20267 2.14227
3.20267 2.14946
3.21520 2.12900
3.23272 2.09996
3.25026 2.07067
3.26773 2.04113
3.28536 2.01108
3.30291 1.98099
3.32050 1.95059
3.33806 1.91988
3.35553 1.88934
3.35593 1.88934
3.36643 1.88934
3.35740 1.90540
3.33984 1.93651
3.32257 1.96705
3.30526 1.99729
3.28799 2.02723
3.27074 2.05713
3.25354 2.08653
3.23626 2.11568
3.21911 2.14459
3.20242 2.17235
3.20236 2.17327
3.20176 2.19648
3.20343 2.19373
3.22040 2.16520
3.23739 2.13622
3.25428 2.10724
3.27109 2.07802
3.28815 2.04831
3.30502 2.01856
3.32215 1.98830
3.33921 1.95797
3.35623 1.92734
3.37364 1.89612
3.37733 1.88934
3.38823 1.88934
3.38343 1.89813
3.36644 1.92933
3.34953 1.95994
3.33266 1.99048
3.31596 2.02049
3.29927 2.05045
3.28264 2.07991
3.26603 2.10935
3.24944 2.13831
3.23276 2.16728
3.21630 2.19579
3.20065 2.22251
3.20055 2.22410
3.19881 2.25018
3.19888 2.25063
3.21470 2.22319
3.23098 2.19465
3.24714 2.16612
3.26343 2.13715
3.27961 2.10818
3.29594 2.07873
3.31217 2.04926
3.32866 2.01929
3.34519 1.98903
3.36164 1.95871
3.37838 1.92784
3.39519 1.89663
3.39913 1.88934
3.41003 1.88934
3.40568 1.89763
3.38909 1.92883
3.37278 1.95945
3.35640 1.99000
3.34018 2.02025
3.32411 2.04998
3.30806 2.07967
3.29204 2.10912
3.27616 2.13808
3.26018 2.16705
3.24430 2.19579
3.22855 2.22410
3.21268 2.25244
3.19681 2.28059
3.19603 2.28194
3.19320 2.30700
3.19188 2.31725
3.20136 2.30007
3.21677 2.27205
3.23206 2.24407
3.24756 2.21568
3.26306 2.18708
3.27857 2.15826
3.29407 2.12946
3.30970 2.10019
3.32536 2.07067
3.34125 2.04090
3.35696 2.01108
3.37303 1.98074
3.38905 1.95010
3.40533 1.91913
3.42093 1.88934
3.42183 1.88934
3.43183 1.88934
3.42300 1.90640
3.40695 1.93750
3.39118 1.96803
3.37545 1.99850
3.35977 2.02867
3.34422 2.05856
3.32881 2.08818
3.31354 2.11731
3.29828 2.14645
3.28313 2.17535
3.26798 2.20403
3.25294 2.23251
3.23802 2.26057
3.22307 2.28866
3.20811 2.31658
3.19324 2.34433
3.18545 2.35869
3.18316 2.37147
3.17768 2.39803
3.17471 2.41137
3.18179 2.39781
3.19611 2.37037
3.21041 2.34278
3.22478 2.31524
3.23914 2.28732
3.25369 2.25921
3.26824 2.23092
3.28288 2.20243
3.29763 2.17374
3.31237 2.14505
3.32724 2.11591
3.34234 2.08653
3.35746 2.05689
3.37271 2.02699
3.38810 1.99680
3.40342 1.96656
3.41911 1.93577
3.43488 1.90465
3.44273 1.88934
3.45323 1.88934
3.45285 1.89009
3.24184 2.31212
3.29354 2.31212
3.34154 2.31212
3.39594 2.31212
3.42914 2.31212
3.45734 2.31212
3.46698 2.27565
3.47637 2.24226
3.48563 2.21134
3.49869 2.16982
3.50994 2.13552
3.51946 2.10747
3.49869 2.16982
3.48088 2.22683
3.46698 2.27565
3.45734 2.31212
3.49374 2.31212
3.51764 2.31212
3.55464 2.31212
3.53598 2.35185
3.51427 2.39825
3.49855 2.43229
3.47315 2.48770
3.45788 2.52163
3.44528 2.54984
3.46546 2.50469
3.48141 2.46958
3.50635 2.41530
3.52145 2.38290
3.53598 2.35185
3.55464 2.31212
3.59554 2.31212
3.64084 2.31212
3.67864 2.31212
3.72504 2.31212
3.76734 2.31212
3.80854 2.31212
3.87044 2.31212
4.08183 1.88934
3.66435 2.72430
3.62755 2.72430
3.56095 2.72430
3.49195 2.72430
3.40605 2.72430
3.32105 2.72430
3.23505 2.72430
3.13285 2.72430
3.05625 2.72430
3.03714 2.72451
3.04107 2.71367
3.08787 2.71367
3.16577 2.71367
3.25377 2.71367
3.37607 2.71367
3.44297 2.71367
3.55057 2.71367
3.61887 2.71367
3.66967 2.71367
3.67614 2.70071
3.62104 2.70071
3.55264 2.70071
3.46694 2.70071
3.38904 2.70071
3.31284 2.70071
3.23954 2.70071
3.15084 2.70071
3.08014 2.70071
3.04734 2.70071
3.05413 2.68754
3.06083 2.68754
3.13833 2.68754
3.21203 2.68754
3.28343 2.68754
3.35973 2.68754
3.43223 2.68754
3.49143 2.68754
3.54863 2.68754
3.60483 2.68754
3.65073 2.68754
3.68273 2.68754
4.08183 1.88934
4.03133 1.88934
3.97813 1.88934
3.92503 1.88934
3.87181 1.97537
3.79862 2.08936
3.89297 1.94146
3.92503 1.88934
3.86293 1.88934
3.80033 1.88934
3.73113 1.88934
3.67653 1.88934
3.61933 1.88934
3.55933 1.88934
3.49963 1.88934
3.45353 1.88934
3.37387 2.04807
3.32178 2.15224
3.27473 2.24634
3.24184 2.31212
3.21007 2.37565
3.15233 2.49114
3.09717 2.60146
3.05413 2.68754
3.02066 2.75449
3.00975 2.77629
2.89475 2.77629
2.77275 2.77629
2.62935 2.77629
2.51775 2.77629
2.38175 2.77629
2.41982 2.71095
2.44775 2.65250
2.51381 2.52698
2.58211 2.41137
2.65908 2.31725
2.71868 2.25063
2.76986 2.19648
2.81597 2.14946
2.85846 2.10747
2.89817 2.06925
2.93573 2.03395
2.97154 2.00092
3.00580 1.96999
3.03859 1.94121
3.06978 1.91564
3.09746 1.89989
3.11945 1.89210
3.13803 1.88934
3.15213 1.88934
3.17076 1.89989
3.18268 1.91564
3.18839 1.94121
3.19240 1.96999
3.19564 2.00092
3.19843 2.03395
3.20067 2.06925
3.20216 2.10747
3.20267 2.14946
3.20176 2.19648
3.19888 2.25063
3.19188 2.31725
3.17471 2.41137
3.16971 2.43577
3.14081 2.50018
3.09684 2.58811
3.05801 2.66679
2.84628 3.13343
3.45897 3.13507
3.46060 3.13180
4.47490 1.10321
4.47489 1.10282
4.47479 1.10243
4.47468 1.10204
4.47419 1.10243
4.47359 1.10282
4.47290 1.10360
4.47202 1.10476
4.47114 1.10632
4.47007 1.10826
4.46920 1.11019
4.46834 1.11213
4.46786 1.11367
4.46730 1.11560
4.46713 1.11714
4.46725 1.11829
4.46767 1.11906
4.46838 1.11945
4.46957 1.11906
4.47095 1.11829
4.47243 1.11714
4.47429 1.11521
4.47644 1.11251
4.47869 1.10942
4.48104 1.10593
4.48338 1.10165
4.48562 1.09735
4.48777 1.09265
4.48973 1.08793
4.49131 1.08359
4.49239 1.07963
4.49327 1.07565
4.49357 1.07246
4.49327 1.07006
4.49217 1.06886
4.49057 1.06846
4.48857 1.06886
4.48597 1.07046
4.48277 1.07326
4.47948 1.07645
4.47559 1.08121
4.47182 1.08635
4.46767 1.09265
4.46345 1.09970
4.45945 1.10709
4.45588 1.11444
4.45243 1.12213
4.44989 1.12901
4.44767 1.13586
4.44624 1.14191
4.44571 1.14718
4.44613 1.15094
4.44713 1.15393
4.44919 1.15543
4.45199 1.15543
4.45535 1.15431
4.45964 1.15131
4.46440 1.14681
4.46962 1.14116
4.47541 1.13358
4.48120 1.12520
4.48701 1.11598
4.49274 1.10593
4.49801 1.09579
4.50311 1.08477
4.50727 1.07446
4.51077 1.06445
4.51362 1.05476
4.51529 1.04663
4.51617 1.03926
4.51565 1.03391
4.51411 1.03019
4.51144 1.02853
4.50732 1.02936
4.50227 1.03225
4.49620 1.03720
4.48962 1.04377
4.48234 1.05233
4.47468 1.06244
4.46687 1.07406
4.45903 1.08675
4.45156 1.10009
4.44456 1.11367
4.43845 1.12711
4.43300 1.14040
4.42888 1.15244
4.42589 1.16362
4.42438 1.17323
4.42433 1.18095
4.42588 1.18643
4.42866 1.19008
4.43292 1.19117
4.43826 1.19008
4.44470 1.18680
4.45231 1.18058
4.46072 1.17176
4.46969 1.16102
4.47894 1.14831
4.48842 1.13396
4.49746 1.11868
4.50648 1.10204
4.51472 1.08517
4.52187 1.06846
4.52824 1.05192
4.53321 1.03638
4.53706 1.02187
4.53904 1.00971
4.53932 0.99997
4.53794 0.99271
4.53457 0.98885
4.52950 0.98799
4.52293 0.99014
4.51485 0.99571
4.50549 1.00422
4.49489 1.01602
4.48361 1.03019
4.47189 1.04663
4.46007 1.06485
4.44861 1.08398
4.43790 1.10360
4.42797 1.12367
4.41948 1.14304
4.41251 1.16139
4.40739 1.17802
4.40411 1.19299
4.40278 1.20564
4.40356 1.21567
4.40648 1.22244
4.41150 1.22599
4.41840 1.22599
4.42690 1.22280
4.43671 1.21639
4.44764 1.20671
4.45964 1.19371
4.47228 1.17765
4.48512 1.15916
4.49796 1.13889
4.51033 1.11714
4.52209 1.09422
4.53287 1.07086
4.54238 1.04745
4.55040 1.02521
4.55669 1.00422
4.56120 0.98541
4.56322 0.96977
4.56298 0.95744
4.56008 0.94944
4.55489 0.94542
4.54747 0.94587
4.53771 0.95078
4.52627 0.95965
4.51297 0.97326
4.49832 0.99057
4.48291 1.01098
4.46715 1.03391
4.45140 1.05881
4.43651 1.08438
4.42261 1.11058
4.41019 1.13662
4.39981 1.16139
4.39150 1.18461
4.38558 1.20564
4.38209 1.22422
4.38168 1.23905
4.38398 1.25025
4.38900 1.25720
4.39634 1.26032
4.40596 1.25928
4.41764 1.25373
4.43092 1.24396
4.44556 1.22989
4.46123 1.21174
4.47738 1.19044
4.49369 1.16621
4.50978 1.13964
4.52532 1.11097
4.53970 1.08161
4.55274 1.05192
4.56425 1.02229
4.57379 0.99442
4.58129 0.96802
4.58599 0.94542
4.58789 0.92643
4.58658 0.91264
4.58230 0.90380
4.57494 0.90053
4.56477 0.90287
4.55191 0.91078
4.53627 0.92506
4.51886 0.94407
4.49979 0.96802
4.48017 0.99485
4.46041 1.02437
4.44091 1.05598
4.42254 1.08833
4.40571 1.12098
4.39128 1.15244
4.37901 1.18278
4.36975 1.21030
4.36351 1.23518
4.36072 1.25616
4.36144 1.27273
4.36555 1.28469
4.37279 1.29183
4.38297 1.29386
4.39570 1.29081
4.41075 1.28231
4.42787 1.26826
4.44613 1.24955
4.46543 1.22635
4.48495 1.19951
4.50461 1.16917
4.52387 1.13586
4.54217 1.10087
4.55897 1.06485
4.57454 1.02811
4.58774 0.99271
4.59881 0.95877
4.60690 0.92779
4.61167 0.90146
4.61316 0.87968
4.61089 0.86422
4.60504 0.85492
4.59498 0.85344
4.58133 0.85934
4.56461 0.87198
4.54481 0.89158
4.52300 0.91679
4.49960 0.94721
4.47554 0.98152
4.45174 1.01811
4.42851 1.05679
4.40691 1.09579
4.38743 1.13434
4.37062 1.17176
4.35742 1.20635
4.34760 1.23799
4.34168 1.26585
4.33974 1.28911
4.34210 1.30700
4.34832 1.31936
4.35836 1.32567
4.37160 1.32600
4.38772 1.32036
4.40660 1.30800
4.42713 1.29013
4.44930 1.26619
4.47208 1.23764
4.49494 1.20492
4.51777 1.16807
4.53977 1.12825
4.56072 1.08635
4.58012 1.04336
4.59760 1.00039
4.61274 0.95833
4.62465 0.91909
4.63345 0.88350
4.63852 0.85295
4.63932 0.82897
4.63596 0.81209
4.62755 0.80431
4.61463 0.80535
4.59731 0.81518
4.57624 0.83351
4.55203 0.85934
4.52537 0.89205
4.49726 0.93007
4.46894 0.97152
4.44090 1.01560
4.41398 1.06123
4.38945 1.10670
4.36783 1.15094
4.34953 1.19335
4.33522 1.23236
4.32521 1.26757
4.31994 1.29791
4.31956 1.32269
4.32391 1.34117
4.33276 1.35327
4.34550 1.35880
4.36227 1.35685
4.38230 1.34740
4.40485 1.33130
4.42916 1.30867
4.45474 1.27992
4.48102 1.24536
4.50730 1.20600
4.53305 1.16250
4.55791 1.11598
4.58137 1.06726
4.60306 1.01728
4.62209 0.96802
4.63859 0.92001
4.65186 0.87488
4.66124 0.83452
4.66644 0.80013
4.66647 0.77406
4.66106 0.75769
4.65010 0.75160
4.63378 0.75603
4.61249 0.77082
4.58664 0.79593
4.55746 0.82947
4.52578 0.87005
4.49296 0.91587
4.46013 0.96494
4.42818 1.01644
4.39807 1.06886
4.37070 1.12060
4.34687 1.17065
4.32727 1.21746
4.31247 1.26067
4.30301 1.29859
4.29892 1.33097
4.30017 1.35685
4.30690 1.37559
4.31854 1.38712
4.33510 1.38999
4.35550 1.38521
4.37931 1.37238
4.40562 1.35197
4.43363 1.32435
4.46270 1.28979
4.49237 1.24885
4.52174 1.20312
4.55049 1.15281
4.57795 1.09931
4.60382 1.04336
4.62735 0.98670
4.64834 0.93053
4.66648 0.87584
4.68095 0.82490
4.69081 0.77999
4.69529 0.74322
4.69451 0.71519
4.68706 0.69928
4.67355 0.69510
4.65309 0.70462
4.62682 0.72675
4.59565 0.75989
4.56105 0.80170
4.52436 0.85048
4.48663 0.90473
4.44925 0.96230
4.41337 1.02146
4.38009 1.08042
4.35032 1.13775
4.32489 1.19262
4.30452 1.24396
4.28993 1.29013
4.28102 1.33097
4.27822 1.36496
4.28171 1.39158
4.29139 1.40962
4.30668 1.41904
4.32681 1.41998
4.35103 1.41214
4.37860 1.39540
4.40890 1.36980
4.44068 1.33624
4.47333 1.29555
4.50615 1.24850
4.53856 1.19589
4.56976 1.13889
4.59968 1.07804
4.62751 1.01518
4.65329 0.95123
4.67631 0.88779
4.69573 0.82694
4.71116 0.77027
4.72159 0.72041
4.72652 0.67936
4.72471 0.64998
4.71504 0.63512
4.69719 0.63643
4.67194 0.65253
4.64029 0.68242
4.60347 0.72445
4.55783 0.78373
4.51488 0.84403
4.47737 0.90006
4.42400 0.98541
4.38645 1.05030
4.34795 1.12290
4.31833 1.18534
4.29915 1.23130
4.28142 1.28197
4.27072 1.32235
4.26577 1.35066
4.26412 1.37656
4.26688 1.40363
4.27398 1.42123
4.28417 1.43245
4.29409 1.43742
4.30686 1.43927
4.08133 1.89034
4.08435 1.89009
4.08765 1.89009
4.08975 1.89009
4.09273 1.88934
4.08078 1.91365
4.06556 1.94467
4.05041 1.97537
4.03564 2.00552
4.02089 2.03563
4.00627 2.06545
3.99179 2.09501
3.97744 2.12433
3.96330 2.15340
3.94939 2.18202
3.93547 2.21066
3.92166 2.23909
3.90794 2.26733
3.89441 2.29538
3.88097 2.32325
3.86773 2.35074
3.85455 2.37829
3.84146 2.40569
3.83871 2.41137
3.85502 2.39036
3.87642 2.36376
3.88065 2.35869
3.89092 2.33635
3.90382 2.30856
3.91681 2.28059
3.92998 2.25244
3.94314 2.22433
3.95660 2.19579
3.97028 2.16705
3.98406 2.13808
3.99796 2.10888
4.01186 2.07967
4.02611 2.04998
4.04050 2.02001
4.05512 1.98976
4.06980 1.95920
4.08461 1.92858
4.09971 1.89738
4.10363 1.88934
4.11453 1.88934
4.11084 1.89713
4.09606 1.92808
4.08142 1.95896
4.06694 1.98951
4.05262 2.01977
4.03865 2.04950
4.02470 2.07920
4.01098 2.10865
3.99738 2.13785
3.98411 2.16659
3.97083 2.19533
3.95776 2.22387
3.94489 2.25221
3.93233 2.28014
3.91974 2.30811
3.91568 2.31725
3.93130 2.29940
3.94683 2.28194
3.95085 2.27250
3.96325 2.24430
3.97563 2.21613
3.98833 2.18754
4.00124 2.15873
4.01424 2.12993
4.02747 2.10066
4.04103 2.07115
4.05449 2.04161
4.06842 2.01157
4.08248 1.98123
4.09670 1.95059
4.11106 1.91988
4.12543 1.88934
4.12593 1.88934
4.13633 1.88934
4.12877 1.90565
4.11442 1.93676
4.10033 1.96754
4.08661 1.99777
4.07293 2.02795
4.05960 2.05760
4.04628 2.08724
4.03329 2.11661
4.02054 2.14552
4.00789 2.17443
3.99566 2.20289
3.98341 2.23138
3.97528 2.25063
3.98286 2.24249
4.00165 2.22251
4.00423 2.21613
4.01613 2.18754
4.02822 2.15896
4.04064 2.12993
4.05305 2.10090
4.06591 2.07139
4.07887 2.04185
4.09220 2.01181
4.10554 1.98172
4.11926 1.95108
4.13311 1.92038
4.14723 1.88934
4.14733 1.88934
4.15813 1.88934
4.15103 1.90515
4.13729 1.93602
4.12370 1.96681
4.11048 1.99704
4.09739 2.02723
4.08466 2.05689
4.07215 2.08629
4.05976 2.11568
4.04771 2.14459
4.03596 2.17327
4.02646 2.19648
4.03128 2.19144
4.05002 2.17235
4.05290 2.16520
4.06449 2.13622
4.07628 2.10724
4.08829 2.07802
4.10053 2.04854
4.11310 2.01880
4.12593 1.98854
4.13899 1.95822
4.15231 1.92759
4.16591 1.89638
4.16903 1.88934
4.17993 1.88934
4.17626 1.89788
4.16299 1.92883
4.14998 1.95945
4.13722 1.98976
4.12472 2.01977
4.11245 2.04950
4.10052 2.07896
4.08881 2.10818
4.07743 2.13715
4.07267 2.14946
4.08729 2.13482
4.09417 2.12806
4.10230 2.10700
4.11371 2.07778
4.12535 2.04831
4.13722 2.01856
4.14943 1.98854
4.16199 1.95822
4.17471 1.92759
4.18779 1.89663
4.19083 1.88934
4.20183 1.88934
4.19838 1.89763
4.18561 1.92858
4.17310 1.95920
4.16097 1.98927
4.14906 2.01929
4.13739 2.04902
4.12605 2.07849
4.11516 2.10747
4.11516 2.10747
4.13533 2.08794
4.13762 2.08157
4.14852 2.05236
4.15987 2.02266
4.17146 1.99267
4.18328 1.96264
4.19547 1.93205
4.20793 1.90114
4.21273 1.88934
4.22373 1.88934
4.22237 1.89286
4.21009 1.92361
4.19806 1.95428
4.18650 1.98440
4.17507 2.01446
4.16410 2.04400
4.15487 2.06925
4.15844 2.06593
4.17392 2.05117
4.17819 2.03922
4.18888 2.00963
4.20002 1.97977
4.21140 1.94961
4.22326 1.91888
4.23473 1.88934
4.23563 1.88934
4.24573 1.88934
4.23945 1.90590
4.22784 1.93651
4.21650 1.96681
4.20560 1.99680
4.19495 2.02650
4.19243 2.03395
4.21054 2.01712
4.21109 2.01543
4.22137 1.98586
4.23222 1.95576
4.24332 1.92535
4.25479 1.89462
4.25683 1.88934
4.26783 1.88934
4.26423 1.89914
4.25309 1.92982
4.24233 1.95994
4.23190 1.99000
4.22814 2.00092
4.24455 1.98611
4.24541 1.98537
4.25527 1.95625
4.26585 1.92610
4.27669 1.89562
4.27893 1.88934
4.29003 1.88934
4.28693 1.89813
4.27641 1.92858
4.26614 1.95871
4.26240 1.96999
4.27887 1.95527
4.27897 1.95527
4.28892 1.92535
4.29927 1.89487
4.30113 1.88934
4.31233 1.88934
4.30918 1.89863
4.29929 1.92883
4.29519 1.94121
4.31081 1.92759
4.31125 1.92709
4.32091 1.89738
4.32353 1.88934
4.33473 1.88934
4.33254 1.89612
4.32638 1.91564
4.33577 1.90965
4.34055 1.90690
4.34603 1.88934
4.35123 1.88934
4.35723 1.88934
4.35406 1.89989
4.36376 1.89587
4.38808 1.88984
4.40928 1.89085
4.42626 1.89889
4.42746 1.89989
4.43483 1.88934
4.44613 1.88934
4.44508 1.89085
4.43395 1.90690
4.43878 1.91465
4.43938 1.91564
4.45733 1.88934
4.45883 1.88934
4.46853 1.88934
4.45722 1.90615
4.44305 1.92709
4.44396 1.93429
4.44499 1.94121
4.45924 1.92013
4.47938 1.88984
4.47973 1.88934
4.49093 1.88934
4.48148 1.90365
4.46138 1.93404
4.44717 1.95527
4.44803 1.96215
4.44900 1.96999
4.46225 1.95010
4.48216 1.91988
4.50203 1.88934
4.50203 1.88934
4.51313 1.88934
4.50350 1.90440
4.48391 1.93478
4.46418 1.96485
4.45061 1.98537
4.45144 1.99292
4.45234 2.00092
4.46528 1.98123
4.48473 1.95133
4.50426 1.92087
4.52363 1.89034
4.52423 1.88934
4.53523 1.88934
4.52638 1.90365
4.50706 1.93429
4.48792 1.96436
4.46861 1.99437
4.45384 2.01712
4.45415 2.02290
4.45513 2.03395
4.46548 2.01784
4.48445 1.98830
4.50349 1.95822
4.52248 1.92784
4.54166 1.89688
4.54633 1.88934
4.55733 1.88934
4.55276 1.89688
4.53388 1.92784
4.51509 1.95822
4.49625 1.98830
4.47746 2.01808
4.45861 2.04759
4.45632 2.05117
4.45727 2.06925
4.46001 2.06498
4.47869 2.03563
4.49732 2.00577
4.51587 1.97586
4.53449 1.94541
4.55295 1.91489
4.56833 1.88934
4.57213 1.88934
4.57933 1.88934
4.56692 1.91015
4.54862 1.94097
4.53029 1.97122
4.51200 2.00141
4.49355 2.03131
4.47525 2.06070
4.45813 2.08794
4.45820 2.08959
4.45876 2.10747
4.46397 2.09925
4.48212 2.06996
4.50019 2.04042
4.51818 2.01084
4.53633 1.98074
4.55443 1.95035
4.57248 1.91963
4.59023 1.88934
4.59083 1.88934
4.60123 1.88934
4.59177 1.90565
4.57394 1.93651
4.55607 1.96705
4.53826 1.99729
4.52039 2.02723
4.50266 2.05689
4.48487 2.08605
4.46710 2.11521
4.45917 2.12806
4.45927 2.14227
4.45927 2.14946
4.47180 2.12900
4.48932 2.09996
4.50686 2.07067
4.52433 2.04113
4.54196 2.01108
4.55951 1.98099
4.57710 1.95059
4.59476 1.91988
4.61213 1.88934
4.61253 1.88934
4.62303 1.88934
4.61410 1.90540
4.59654 1.93651
4.57917 1.96705
4.56186 1.99729
4.54469 2.02723
4.52734 2.05713
4.51014 2.08653
4.49296 2.11568
4.47571 2.14459
4.45902 2.17235
4.45906 2.17327
4.45846 2.19648
4.46003 2.19373
4.47700 2.16520
4.49399 2.13622
4.51088 2.10724
4.52779 2.07802
4.54475 2.04831
4.56172 2.01856
4.57875 1.98830
4.59581 1.95797
4.61293 1.92734
4.63024 1.89612
4.63403 1.88934
4.64493 1.88934
4.64013 1.89813
4.62304 1.92933
4.60623 1.95994
4.58926 1.99048
4.57266 2.02049
4.55587 2.05045
4.53924 2.07991
4.52263 2.10935
4.50604 2.13831
4.48946 2.16728
4.47290 2.19579
4.45725 2.22251
4.45715 2.22410
4.45551 2.25018
4.45548 2.25063
4.47130 2.22319
4.48758 2.19465
4.50374 2.16612
4.52003 2.13715
4.53621 2.10818
4.55254 2.07873
4.56887 2.04926
4.58526 2.01929
4.60179 1.98903
4.61834 1.95871
4.63508 1.92784
4.65189 1.89663
4.65583 1.88934
4.66663 1.88934
4.66228 1.89763
4.64569 1.92883
4.62938 1.95945
4.61300 1.99000
4.59678 2.02025
4.58071 2.04998
4.56466 2.07967
4.54864 2.10912
4.53276 2.13808
4.51688 2.16705
4.50100 2.19579
4.48525 2.22410
4.46928 2.25244
4.45341 2.28059
4.45263 2.28194
4.44980 2.30700
4.44848 2.31725
4.45796 2.30007
4.47337 2.27205
4.48876 2.24407
4.50416 2.21568
4.51966 2.18708
4.53517 2.15826
4.55067 2.12946
4.56630 2.10019
4.58206 2.07067
4.59785 2.04090
4.61366 2.01108
4.62963 1.98074
4.64575 1.95010
4.66193 1.91913
4.67753 1.88934
4.67853 1.88934
4.68843 1.88934
4.67970 1.90640
4.66365 1.93750
4.64778 1.96803
4.63205 1.99850
4.61637 2.02867
4.60082 2.05856
4.58541 2.08818
4.57014 2.11731
4.55498 2.14645
4.53973 2.17535
4.52458 2.20403
4.50954 2.23251
4.49472 2.26057
4.47967 2.28866
4.46481 2.31658
4.44984 2.34433
4.44215 2.35869
4.43976 2.37147
4.43438 2.39803
4.43131 2.41137
4.43839 2.39781
4.45271 2.37037
4.46711 2.34278
4.48138 2.31524
4.49584 2.28732
4.51029 2.25921
4.52494 2.23092
4.53958 2.20243
4.55433 2.17374
4.56897 2.14505
4.58394 2.11591
4.59894 2.08653
4.61406 2.05689
4.62931 2.02699
4.64470 1.99680
4.66012 1.96656
4.67571 1.93577
4.69158 1.90465
4.69933 1.88934
4.70993 1.88934
4.70955 1.89009
4.49854 2.31212
4.55014 2.31212
4.59814 2.31212
4.65254 2.31212
4.68574 2.31212
4.71404 2.31212
4.72358 2.27565
4.73297 2.24226
4.74223 2.21134
4.75529 2.16982
4.76654 2.13552
4.77606 2.10747
4.75529 2.16982
4.73758 2.22683
4.72358 2.27565
4.71404 2.31212
4.75034 2.31212
4.77434 2.31212
4.81124 2.31212
4.79258 2.35185
4.77097 2.39825
4.75515 2.43229
4.72985 2.48770
4.71448 2.52163
4.70188 2.54984
4.72216 2.50469
4.73801 2.46958
4.76305 2.41530
4.77805 2.38290
4.79258 2.35185
4.81124 2.31212
4.85214 2.31212
4.89744 2.31212
4.93524 2.31212
4.98164 2.31212
5.02404 2.31212
5.06514 2.31212
5.12714 2.31212
5.33853 1.88934
4.92105 2.72430
4.88425 2.72430
4.81755 2.72430
4.74855 2.72430
4.66275 2.72430
4.57775 2.72430
4.49175 2.72430
4.38945 2.72430
4.31295 2.72430
4.29374 2.72451
4.29777 2.71367
4.34447 2.71367
4.42237 2.71367
4.51047 2.71367
4.63267 2.71367
4.69967 2.71367
4.80727 2.71367
4.87547 2.71367
4.92637 2.71367
4.93284 2.70071
4.87774 2.70071
4.80934 2.70071
4.72354 2.70071
4.64564 2.70071
4.56944 2.70071
4.49614 2.70071
4.40754 2.70071
4.33684 2.70071
4.30404 2.70071
4.31083 2.68754
4.31743 2.68754
4.39493 2.68754
4.46873 2.68754
4.54003 2.68754
4.61633 2.68754
4.68883 2.68754
4.74803 2.68754
4.80523 2.68754
4.86143 2.68754
4.90743 2.68754
4.93943 2.68754
5.33853 1.88934
5.28793 1.88934
5.23483 1.88934
5.18163 1.88934
5.12851 1.97537
5.05522 2.08936
5.14967 1.94146
5.18163 1.88934
5.11953 1.88934
5.05693 1.88934
4.98773 1.88934
4.93313 1.88934
4.87603 1.88934
4.81593 1.88934
4.75623 1.88934
4.71013 1.88934
4.63057 2.04807
4.57848 2.15224
4.53143 2.24634
4.49854 2.31212
4.46677 2.37565
4.40903 2.49114
4.35387 2.60146
4.31083 2.68754
4.27736 2.75449
4.26645 2.77629
4.15145 2.77629
4.02935 2.77629
3.88595 2.77629
3.77435 2.77629
3.63835 2.77629
3.67652 2.71095
3.70445 2.65250
3.77041 2.52698
3.83871 2.41137
3.91568 2.31725
3.97528 2.25063
4.02646 2.19648
4.07267 2.14946
4.11516 2.10747
4.15487 2.06925
4.19243 2.03395
4.22814 2.00092
4.26240 1.96999
4.29519 1.94121
4.32638 1.91564
4.35406 1.89989
4.37615 1.89210
4.39473 1.88934
4.40883 1.88934
4.42746 1.89989
4.43938 1.91564
4.44499 1.94121
4.44900 1.96999
4.45234 2.00092
4.45513 2.03395
4.45727 2.06925
4.45876 2.10747
4.45927 2.14946
4.45846 2.19648
4.45548 2.25063
4.44848 2.31725
4.43131 2.41137
4.42631 2.43577
4.39741 2.50018
4.35354 2.58811
4.31461 2.66679
4.10298 3.13343
3.57330 3.13139
3.32255 3.12650
3.03330 3.12099
2.75486 3.11548
2.46461 3.10977
2.16657 3.10386
1.89762 3.09896
1.63737 3.09406
1.19486 3.08529
0.82023 3.07794
0.52119 3.07223
0.22605 3.06611
-0.02651 3.06161
-0.22397 3.05774
-0.39614 3.05467
-0.67188 3.04896
-0.85504 3.04548
-1.04440 3.04181
-1.25396 3.03772
-1.49492 3.03343
-1.69387 3.02935
-1.94072 3.02445
-2.11309 3.02097
-2.53960 3.01321
-3.05939 3.00237
-3.65756 2.99092
-4.10456 2.98192
-4.55356 2.97353
-4.92678 2.96636
-5.37558 2.95796
-5.82287 2.94895
-6.04622 2.94424
-6.42094 2.93768
-6.79264 2.92947
-7.09187 2.92393
-7.39059 2.91798
-7.61484 2.91408
-7.96715 2.90731
-8.28666 2.90053
-8.58468 2.89436
-8.80984 2.89107
-9.10886 2.88531
-9.48064 2.87688
-9.70579 2.87359
-10.07868 2.86556
-10.34531 2.86062
-10.64753 2.85505
-10.82537 2.85093
-11.04991 2.84722
-11.27263 2.84165
-11.42208 2.83897
-11.64744 2.83587
-11.87065 2.83030
-12.05380 2.82720
-12.19205 2.82410
-12.46777 2.81873
-12.61732 2.81584
-12.81607 2.81253
-13.06457 2.80653
-13.25682 2.80364
-13.43906 2.80033
-13.66197 2.79474
-13.91120 2.79080
-14.08994 2.78707
-14.15252 2.78624
-14.32176 2.78293
-14.40412 2.78023
-14.55786 2.77712
-14.69815 2.77629
-14.86246 2.77712
-15.04206 2.77691
-15.14356 2.77712
-15.29265 2.77629
-15.50982 2.77505
-15.72012 2.78065
-15.84625 2.77650
-16.11176 2.77712
-16.27636 2.77691
-16.46775 2.77629
-16.64487 2.77795
-16.84009 2.77899
-17.01249 2.77857
-17.09635 2.77629
-17.24656 2.77691
-17.44496 2.77691
-17.65686 2.77712
-17.72445 2.77629
-17.97922 2.78065
-18.15957 2.78334
-18.31117 2.77774
-18.36038 2.77816
-18.46805 2.77629
-18.66226 2.77733
-18.78956 2.77691
-18.93686 2.77712
-19.08374 2.77608
-19.28345 2.77629
-19.50161 2.77982
-19.60965 2.77629
-19.78616 2.77712
-19.91896 2.77733
-20.10175 2.77629
-20.17016 2.77712
-20.23816 2.77712
-20.32610 2.77919
-20.47362 2.78023
-20.64093 2.78106
-20.81660 2.77961
-20.86739 2.77878
-21.00600 2.77940
-21.14471 2.78002
-21.28332 2.78065
-21.42204 2.78147
-21.56075 2.78230
-21.69957 2.78313
-21.83827 2.78355
-21.97688 2.78417
-22.11550 2.78479
-22.25421 2.78562
-22.39292 2.78645
-22.53174 2.78707
-22.67024 2.78749
-22.80885 2.78811
-22.94757 2.78894
-23.08628 2.78976
-23.22499 2.79039
-23.36380 2.79101
-23.50231 2.79142
-23.64103 2.79225
-23.77964 2.79287
-23.91835 2.79370
-24.05716 2.79432
-24.19577 2.79494
-24.33438 2.79556
-24.47299 2.79619
-24.61171 2.79701
-24.75052 2.79784
-24.88923 2.79826
-25.02784 2.79888
-25.16645 2.79950
-25.30516 2.80033
-25.44388 2.80115
-25.58269 2.80177
-25.72119 2.80219
-25.85980 2.80281
-25.99852 2.80364
-26.13723 2.80446
-26.27604 2.80509
-26.41475 2.80571
-26.55336 2.80633
-26.69197 2.80695
-26.83059 2.80777
-26.96930 2.80839
-27.10811 2.80902
-27.24672 2.80964
-27.38533 2.81026
-27.52404 2.81108
-27.66276 2.81191
-27.80157 2.81253
-27.94017 2.81294
-28.07878 2.81356
-28.21750 2.81439
-28.35601 2.81501
-28.49482 2.81584
-28.63363 2.81646
-28.77224 2.81708
-28.91075 2.81749
-29.04946 2.81832
-29.18817 2.81915
-29.32698 2.81977
-29.46569 2.82039
-29.60430 2.82101
-29.74281 2.82163
-29.88153 2.82245
-30.02044 2.82328
-30.15915 2.82390
-30.29766 2.82431
-30.43627 2.82493
-30.57498 2.82576
-30.71369 2.82658
-30.85250 2.82720
-30.99121 2.82782
-31.12972 2.82823
-31.26833 2.82906
-31.40704 2.82989
-31.54585 2.83051
-31.68456 2.83113
-31.82317 2.83174
-31.96178 2.83236
-32.10049 2.83319
-32.23910 2.83381
-32.37791 2.83443
-32.51652 2.83505
-32.65523 2.83567
-32.79385 2.83649
-32.93246 2.83711
-33.07137 2.83794
-33.21008 2.83856
-33.34858 2.83897
-33.48719 2.83959
-33.62591 2.84041
-33.76472 2.84124
-33.90343 2.84186
-34.04204 2.84248
-34.18064 2.84289
-34.31926 2.84371
-34.45797 2.84454
-34.59678 2.84516
-34.73549 2.84578
-34.87410 2.84639
-35.01271 2.84701
-35.15142 2.84784
-35.29023 2.84866
-35.42894 2.84928
-35.56745 2.84969
-35.70606 2.85031
-35.84477 2.85114
-35.98358 2.85196
-36.12229 2.85258
-36.26100 2.85320
-36.39950 2.85361
-36.53822 2.85443
-36.67693 2.85526
-36.81564 2.85588
-36.95435 2.85649
-37.09296 2.85711
-37.23157 2.85773
-37.37028 2.85856
-37.50899 2.85917
-37.64770 2.85979
-37.78640 2.86041
-37.92501 2.86103
-38.06362 2.86165
-38.20233 2.86247
-38.34115 2.86329
-38.47986 2.86391
-38.61836 2.86432
-38.75697 2.86494
-38.89568 2.86576
-39.03449 2.86659
-39.17320 2.86721
-39.31191 2.86782
-39.45052 2.86844
-39.58903 2.86906
-39.72784 2.86988
-39.86655 2.87050
-40.00526 2.87112
-40.14387 2.87174
-40.28248 2.87235
-40.42119 2.87318
-40.55990 2.87379
-40.69871 2.87462
-40.83731 2.87503
-40.97592 2.87565
-41.11453 2.87647
-41.25335 2.87729
-41.39205 2.87791
-41.53076 2.87853
-41.66927 2.87894
-41.80798 2.87976
-41.94669 2.88058
-42.08540 2.88120
-42.22411 2.88182
-42.36282 2.88244
-42.50143 2.88305
-42.63993 2.88367
-42.77875 2.88449
-42.91745 2.88511
-43.05616 2.88573
-43.19477 2.88634
-43.33338 2.88696
-43.47209 2.88778
-43.61090 2.88861
-43.74961 2.88922
-43.88822 2.88963
-44.02682 2.89025
-44.16544 2.89107
-44.30425 2.89189
-44.44296 2.89251
-44.58166 2.89313
-44.72027 2.89374
-44.85888 2.89436
-44.99759 2.89518
-45.13630 2.89580
-45.27501 2.89642
-45.41372 2.89703
-45.55232 2.89765
-45.69094 2.89847
-45.82964 2.89909
-45.96845 2.89991
-46.10706 2.90032
-46.24567 2.90094
-46.38438 2.90176
-46.52299 2.90238
-46.66180 2.90320
-46.80051 2.90381
-46.93901 2.90422
-47.07772 2.90505
-47.21633 2.90566
-47.35514 2.90648
-47.49385 2.90710
-47.63256 2.90772
-47.77117 2.90833
-47.90977 2.90895
-48.04848 2.90977
-48.18719 2.91039
-48.32590 2.91100
-48.46451 2.91162
-48.60312 2.91223
-48.74183 2.91305
-48.88064 2.91388
-49.01935 2.91449
-49.15795 2.91490
-49.29656 2.91552
-49.43527 2.91634
-49.57398 2.91716
-49.71269 2.91778
-49.85140 2.91839
-49.99000 2.91901
-50.12861 2.91962
-50.26732 2.92044
-50.40603 2.92106
-50.54474 2.92168
-50.68345 2.92229
-50.82205 2.92291
-50.96066 2.92373
-51.09937 2.92434
-51.23818 2.92516
-51.37679 2.92557
-51.51539 2.92619
-51.65411 2.92701
-51.79271 2.92763
-51.93152 2.92845
-52.07023 2.92906
-52.20894 2.92968
-52.34755 2.93029
-52.48605 2.93091
-52.62486 2.93173
-52.76357 2.93234
-52.90228 2.93296
-53.04089 2.93357
-53.17949 2.93419
-53.31820 2.93501
-53.45691 2.93562
-53.59562 2.93624
-53.73433 2.93686
-53.87294 2.93747
-54.01155 2.93829
-54.15025 2.93891
-54.28906 2.93973
-54.42767 2.94014
-54.56628 2.94075
-54.70499 2.94157
-54.84370 2.94239
-54.98240 2.94301
-55.12111 2.94362
-55.25982 2.94424
-55.39843 2.94485
-55.53704 2.94567
-55.67574 2.94629
-55.81445 2.94690
-55.95316 2.94751
-56.09176 2.94813
-56.23047 2.94895
-56.36908 2.94956
-56.50779 2.95018
-56.64650 2.95079
-56.78520 2.95141
-56.92381 2.95223
-57.06242 2.95284
-57.20123 2.95366
-57.33994 2.95428
-57.47865 2.95489
-57.61725 2.95551
-57.75586 2.95612
-57.89457 2.95694
-58.03328 2.95755
-58.17198 2.95817
-58.31069 2.95878
-58.44920 2.95940
-58.58791 2.96022
-58.72662 2.96083
-58.86532 2.96145
-59.00403 2.96206
-59.14264 2.96267
-59.28135 2.96349
-59.41995 2.96411
-59.55876 2.96493
-59.69737 2.96534
-59.83598 2.96595
-59.97469 2.96677
-60.11329 2.96738
-60.25210 2.96820
-60.39081 2.96882
-60.52952 2.96943
-60.66812 2.97005
-60.80663 2.97066
-60.94544 2.97148
-61.08415 2.97209
-61.22285 2.97271
-61.36146 2.97332
-61.50007 2.97394
-61.63878 2.97475
-61.77748 2.97537
-61.91619 2.97598
-62.05490 2.97660
-62.19361 2.97741
-62.33211 2.97803
-62.47092 2.97885
-62.60963 2.97946
-62.74834 2.98008
-62.88694 2.98069
-63.02555 2.98130
-63.16426 2.98212
-63.30297 2.98274
-63.44167 2.98335
-63.58038 2.98396
-63.71899 2.98458
-63.85760 2.98540
-63.99630 2.98601
-64.13501 2.98662
-64.27372 2.98724
-64.41233 2.98785
-64.55103 2.98867
-64.68964 2.98928
-64.82845 2.99010
-64.96716 2.99071
-65.10576 2.99112
-65.24447 2.99194
-65.38298 2.99256
-65.52179 2.99337
-65.66049 2.99399
-65.79920 2.99460
-65.93781 2.99521
-66.07641 2.99583
-66.21512 2.99665
-66.35383 2.99726
-66.49254 2.99787
-66.63124 2.99849
-66.76975 2.99910
-66.90846 2.99992
-67.04717 3.00053
-67.18587 3.00114
-67.32458 3.00176
-67.46329 3.00258
-67.60189 3.00319
-67.74050 3.00380
-67.87931 3.00462
-68.01802 3.00523
-68.15672 3.00585
-68.29523 3.00646
-68.43394 3.00728
-68.57265 3.00789
-68.71135 3.00850
-68.85006 3.00912
-68.98867 3.00973
-69.12727 3.01055
-69.26598 3.01116
-69.40469 3.01178
-69.54339 3.01239
-69.68210 3.01300
-69.82071 3.01382
-69.95932 3.01443
-70.09802 3.01505
-70.23683 3.01586
-70.37554 3.01648
-70.51414 3.01709
-70.65265 3.01770
-70.79146 3.01852
-70.93017 3.01913
-71.06887 3.01975
-71.20758 3.02036
-71.34609 3.02097
-71.48479 3.02179
-71.62350 3.02240
-71.76221 3.02302
-71.90091 3.02363
-72.03952 3.02424
-72.17813 3.02506
-72.31684 3.02567
-72.45554 3.02628
-72.59425 3.02690
-72.73296 3.02771
-72.87136 3.02833
-73.00977 3.02914
-73.14858 3.02996
-73.28759 3.03057
-73.42649 3.03119
-73.56510 3.03160
-73.70370 3.03221
-73.84221 3.03303
-73.98052 3.03364
-74.11923 3.03446
-74.25813 3.03507
-74.39704 3.03568
-74.53585 3.03629
-74.67445 3.03691
-74.81296 3.03752
-74.95137 3.03834
-75.08998 3.03915
-75.22878 3.03977
-75.36779 3.04038
-75.50660 3.04099
-75.64530 3.04160
-75.78381 3.04222
-75.92212 3.04283
-76.06062 3.04365
-76.19943 3.04446
-76.33844 3.04508
-76.47734 3.04569
-76.61595 3.04610
-76.75456 3.04671
-76.89296 3.04753
-77.03137 3.04834
-77.16998 3.04896
-77.30899 3.04977
-77.44789 3.05018
-77.58670 3.05079
-77.72530 3.05141
-77.86381 3.05202
-78.00212 3.05284
-78.14073 3.05365
-78.27953 3.05426
-78.41854 3.05488
-78.55744 3.05549
-78.69605 3.05610
-78.83466 3.05671
-78.97297 3.05753
-79.11137 3.05814
-79.25018 3.05896
-79.38919 3.05957
-79.52809 3.06019
-79.66690 3.06080
-79.80551 3.06141
-79.94381 3.06202
-80.08212 3.06284
-80.22083 3.06345
-80.35983 3.06427
-80.49884 3.06488
-80.63754 3.06529
-80.77615 3.06590
-80.91466 3.06672
-81.05286 3.06733
-81.19147 3.06815
-81.33038 3.06876
-81.46939 3.06937
-81.60829 3.06998
-81.74690 3.07060
-81.88540 3.07121
-82.02371 3.07202
-82.16212 3.07264
-82.30093 3.07345
-82.43993 3.07407
-82.57894 3.07468
-82.71774 3.07529
-82.85625 3.07590
-82.99456 3.07651
-83.13287 3.07733
-83.27147 3.07794
-83.41058 3.07876
-83.54959 3.07937
-83.68829 3.07978
-83.82710 3.08060
-83.96540 3.08121
-84.10361 3.08182
-84.24222 3.08264
-84.38102 3.08325
-84.52013 3.08386
-84.65904 3.08447
-84.79774 3.08508
-84.93625 3.08570
-85.07446 3.08651
-85.21276 3.08713
-85.35167 3.08794
-85.49068 3.08855
-85.62968 3.08917
-85.76849 3.08978
-85.90710 3.09039
-86.04530 3.09121
-86.18351 3.09182
-86.32212 3.09243
-86.46122 3.09325
-86.60033 3.09386
-86.73924 3.09447
-86.87794 3.09508
-87.01615 3.09569
-87.15436 3.09651
-87.29276 3.09712
-87.43167 3.09774
-87.57077 3.09835
-87.70978 3.09896
-87.84859 3.09957
-87.98709 3.10039
-88.12510 3.10100
-88.26341 3.10182
-88.40211 3.10243
-88.54122 3.10304
-88.68043 3.10365
-88.81933 3.10426
-88.95794 3.10488
-89.09595 3.10569
-89.23405 3.10630
-89.37256 3.10692
-89.51167 3.10773
-89.65097 3.10834
-89.78998 3.10896
-89.92878 3.10957
-90.06679 3.11018
-90.20480 3.11100
-90.34310 3.11161
-90.48201 3.11222
-90.62122 3.11283
-90.76052 3.11344
-90.89953 3.11426
-91.03714 3.11487
-91.17324 3.11548
-91.30925 3.11630
-91.44626 3.11712
-91.58466 3.11773
-91.72447 3.11834
-91.86528 3.11895
-92.00628 3.11956
-92.14679 3.12018
-92.28619 3.12079
-92.42430 3.12140
-92.56021 3.12222
-92.69521 3.12283
-92.83102 3.12364
-92.96823 3.12425
-93.10743 3.12487
-93.24834 3.12548
-93.39035 3.12629
-93.53195 3.12670
-93.67256 3.12731
-93.81147 3.12813
-93.94697 3.12874
-94.08038 3.12935
-94.21379 3.13017
-94.34869 3.13078
-94.48630 3.13139
-94.62690 3.13221
-94.77001 3.13282
-94.91432 3.13343
-95.05782 3.13405
-95.19843 3.13466
-95.33403 3.13527
-95.46554 3.13588
-95.59545 3.13670
-95.72635 3.13731
-95.86086 3.13792
-96.00097 3.13874
-96.14737 3.13935
-96.29858 3.13996
-96.44649 3.14057